HEADER	
'time'		'average water saturation'
UNITS	
'second'    	'fraction'
1.00E-01	1.00E+00
1.72E-01	1.00E+00
2.29E-01	1.00E+00
2.97E-01	1.00E+00
3.79E-01	1.00E+00
4.77E-01	1.00E+00
5.95E-01	1.00E+00
7.36E-01	1.00E+00
9.05E-01	1.00E+00
1.11E+00	1.00E+00
1.35E+00	1.00E+00
1.64E+00	1.00E+00
2.00E+00	1.00E+00
2.42E+00	1.00E+00
2.92E+00	1.00E+00
3.53E+00	1.00E+00
4.26E+00	1.00E+00
5.13E+00	1.00E+00
6.18E+00	1.00E+00
7.44E+00	1.00E+00
8.95E+00	1.00E+00
1.08E+01	1.00E+00
1.29E+01	1.00E+00
1.55E+01	1.00E+00
1.87E+01	1.00E+00
2.24E+01	1.00E+00
2.69E+01	1.00E+00
3.24E+01	1.00E+00
3.88E+01	1.00E+00
4.66E+01	1.00E+00
5.60E+01	1.00E+00
6.72E+01	1.00E+00
8.07E+01	1.00E+00
9.68E+01	1.00E+00
1.16E+02	1.00E+00
1.39E+02	1.00E+00
1.67E+02	1.00E+00
2.01E+02	1.00E+00
2.41E+02	1.00E+00
2.89E+02	1.00E+00
3.47E+02	1.00E+00
4.17E+02	1.00E+00
5.00E+02	1.00E+00
6.00E+02	1.00E+00
7.20E+02	1.00E+00
8.64E+02	1.00E+00
1.04E+03	1.00E+00
1.24E+03	1.00E+00
1.49E+03	1.00E+00
1.79E+03	1.00E+00
2.15E+03	1.00E+00
2.58E+03	1.00E+00
3.10E+03	1.00E+00
3.72E+03	1.00E+00
4.46E+03	1.00E+00
5.35E+03	1.00E+00
6.42E+03	1.00E+00
7.71E+03	1.00E+00
9.25E+03	1.00E+00
1.09E+04	1.00E+00
1.29E+04	1.00E+00
1.53E+04	1.00E+00
1.80E+04	1.00E+00
1.80E+04	1.00E+00
1.80E+04	1.00E+00
1.80E+04	1.00E+00
1.80E+04	1.00E+00
1.80E+04	1.00E+00
1.80E+04	1.00E+00
1.80E+04	1.00E+00
1.80E+04	1.00E+00
1.80E+04	1.00E+00
1.80E+04	1.00E+00
1.80E+04	1.00E+00
1.80E+04	1.00E+00
1.80E+04	1.00E+00
1.80E+04	1.00E+00
1.80E+04	1.00E+00
1.80E+04	1.00E+00
1.80E+04	1.00E+00
1.80E+04	1.00E+00
1.80E+04	1.00E+00
1.80E+04	1.00E+00
1.80E+04	1.00E+00
1.80E+04	1.00E+00
1.80E+04	1.00E+00
1.80E+04	1.00E+00
1.80E+04	1.00E+00
1.80E+04	1.00E+00
1.80E+04	1.00E+00
1.80E+04	1.00E+00
1.80E+04	1.00E+00
1.80E+04	1.00E+00
1.80E+04	1.00E+00
1.80E+04	1.00E+00
1.80E+04	1.00E+00
1.80E+04	9.99E-01
1.80E+04	9.99E-01
1.80E+04	9.99E-01
1.81E+04	9.99E-01
1.81E+04	9.99E-01
1.81E+04	9.99E-01
1.81E+04	9.99E-01
1.81E+04	9.99E-01
1.81E+04	9.99E-01
1.82E+04	9.99E-01
1.82E+04	9.98E-01
1.82E+04	9.98E-01
1.83E+04	9.98E-01
1.83E+04	9.98E-01
1.84E+04	9.98E-01
1.85E+04	9.97E-01
1.86E+04	9.97E-01
1.87E+04	9.97E-01
1.88E+04	9.97E-01
1.89E+04	9.96E-01
1.91E+04	9.96E-01
1.93E+04	9.96E-01
1.96E+04	9.95E-01
1.99E+04	9.95E-01
2.03E+04	9.95E-01
2.07E+04	9.95E-01
2.12E+04	9.94E-01
2.18E+04	9.94E-01
2.26E+04	9.94E-01
2.35E+04	9.93E-01
2.46E+04	9.93E-01
2.59E+04	9.93E-01
2.74E+04	9.92E-01
2.93E+04	9.92E-01
3.15E+04	9.92E-01
3.42E+04	9.92E-01
3.60E+04	9.92E-01
3.60E+04	9.92E-01
3.60E+04	9.92E-01
3.60E+04	9.92E-01
3.60E+04	9.92E-01
3.60E+04	9.92E-01
3.60E+04	9.92E-01
3.60E+04	9.92E-01
3.60E+04	9.92E-01
3.60E+04	9.92E-01
3.60E+04	9.92E-01
3.60E+04	9.92E-01
3.60E+04	9.91E-01
3.60E+04	9.91E-01
3.60E+04	9.91E-01
3.60E+04	9.91E-01
3.60E+04	9.91E-01
3.60E+04	9.91E-01
3.60E+04	9.91E-01
3.60E+04	9.91E-01
3.60E+04	9.91E-01
3.60E+04	9.91E-01
3.60E+04	9.91E-01
3.60E+04	9.91E-01
3.60E+04	9.91E-01
3.60E+04	9.91E-01
3.60E+04	9.91E-01
3.60E+04	9.91E-01
3.60E+04	9.91E-01
3.60E+04	9.91E-01
3.60E+04	9.90E-01
3.60E+04	9.90E-01
3.60E+04	9.90E-01
3.60E+04	9.90E-01
3.60E+04	9.90E-01
3.60E+04	9.90E-01
3.60E+04	9.90E-01
3.60E+04	9.90E-01
3.60E+04	9.89E-01
3.60E+04	9.89E-01
3.60E+04	9.89E-01
3.60E+04	9.89E-01
3.60E+04	9.89E-01
3.60E+04	9.89E-01
3.60E+04	9.89E-01
3.60E+04	9.88E-01
3.60E+04	9.88E-01
3.60E+04	9.88E-01
3.60E+04	9.88E-01
3.60E+04	9.88E-01
3.60E+04	9.87E-01
3.60E+04	9.87E-01
3.60E+04	9.87E-01
3.60E+04	9.87E-01
3.60E+04	9.87E-01
3.60E+04	9.86E-01
3.60E+04	9.86E-01
3.60E+04	9.86E-01
3.60E+04	9.86E-01
3.60E+04	9.85E-01
3.60E+04	9.85E-01
3.60E+04	9.85E-01
3.60E+04	9.85E-01
3.60E+04	9.84E-01
3.60E+04	9.84E-01
3.60E+04	9.84E-01
3.60E+04	9.84E-01
3.60E+04	9.83E-01
3.60E+04	9.83E-01
3.60E+04	9.83E-01
3.60E+04	9.83E-01
3.60E+04	9.82E-01
3.60E+04	9.82E-01
3.60E+04	9.82E-01
3.60E+04	9.81E-01
3.60E+04	9.81E-01
3.60E+04	9.81E-01
3.60E+04	9.80E-01
3.60E+04	9.80E-01
3.60E+04	9.80E-01
3.60E+04	9.80E-01
3.60E+04	9.79E-01
3.60E+04	9.79E-01
3.60E+04	9.78E-01
3.60E+04	9.78E-01
3.60E+04	9.78E-01
3.60E+04	9.78E-01
3.60E+04	9.77E-01
3.60E+04	9.77E-01
3.60E+04	9.77E-01
3.60E+04	9.76E-01
3.60E+04	9.76E-01
3.60E+04	9.76E-01
3.60E+04	9.75E-01
3.60E+04	9.75E-01
3.60E+04	9.74E-01
3.60E+04	9.74E-01
3.60E+04	9.74E-01
3.60E+04	9.73E-01
3.60E+04	9.73E-01
3.60E+04	9.73E-01
3.60E+04	9.72E-01
3.60E+04	9.72E-01
3.60E+04	9.72E-01
3.60E+04	9.71E-01
3.60E+04	9.71E-01
3.60E+04	9.71E-01
3.60E+04	9.70E-01
3.60E+04	9.70E-01
3.60E+04	9.69E-01
3.60E+04	9.69E-01
3.60E+04	9.69E-01
3.60E+04	9.68E-01
3.60E+04	9.68E-01
3.60E+04	9.68E-01
3.60E+04	9.67E-01
3.60E+04	9.67E-01
3.60E+04	9.66E-01
3.60E+04	9.66E-01
3.60E+04	9.66E-01
3.60E+04	9.65E-01
3.60E+04	9.65E-01
3.60E+04	9.65E-01
3.60E+04	9.64E-01
3.60E+04	9.64E-01
3.60E+04	9.63E-01
3.60E+04	9.63E-01
3.60E+04	9.63E-01
3.60E+04	9.62E-01
3.60E+04	9.62E-01
3.60E+04	9.62E-01
3.60E+04	9.61E-01
3.60E+04	9.61E-01
3.60E+04	9.60E-01
3.60E+04	9.60E-01
3.60E+04	9.60E-01
3.60E+04	9.59E-01
3.60E+04	9.59E-01
3.60E+04	9.58E-01
3.60E+04	9.58E-01
3.60E+04	9.58E-01
3.60E+04	9.57E-01
3.60E+04	9.57E-01
3.60E+04	9.57E-01
3.60E+04	9.56E-01
3.60E+04	9.56E-01
3.60E+04	9.55E-01
3.60E+04	9.55E-01
3.60E+04	9.55E-01
3.60E+04	9.54E-01
3.60E+04	9.54E-01
3.60E+04	9.54E-01
3.60E+04	9.53E-01
3.60E+04	9.53E-01
3.60E+04	9.52E-01
3.60E+04	9.52E-01
3.60E+04	9.52E-01
3.60E+04	9.51E-01
3.60E+04	9.51E-01
3.60E+04	9.50E-01
3.60E+04	9.50E-01
3.60E+04	9.50E-01
3.60E+04	9.49E-01
3.60E+04	9.49E-01
3.61E+04	9.49E-01
3.61E+04	9.48E-01
3.61E+04	9.48E-01
3.61E+04	9.47E-01
3.61E+04	9.47E-01
3.61E+04	9.47E-01
3.61E+04	9.46E-01
3.61E+04	9.46E-01
3.61E+04	9.45E-01
3.61E+04	9.45E-01
3.61E+04	9.45E-01
3.61E+04	9.44E-01
3.61E+04	9.44E-01
3.61E+04	9.44E-01
3.61E+04	9.43E-01
3.61E+04	9.43E-01
3.61E+04	9.43E-01
3.61E+04	9.42E-01
3.61E+04	9.42E-01
3.61E+04	9.41E-01
3.61E+04	9.41E-01
3.61E+04	9.40E-01
3.61E+04	9.40E-01
3.61E+04	9.40E-01
3.61E+04	9.39E-01
3.61E+04	9.39E-01
3.61E+04	9.39E-01
3.61E+04	9.38E-01
3.61E+04	9.38E-01
3.61E+04	9.38E-01
3.61E+04	9.37E-01
3.61E+04	9.37E-01
3.61E+04	9.36E-01
3.61E+04	9.36E-01
3.61E+04	9.36E-01
3.61E+04	9.35E-01
3.61E+04	9.35E-01
3.61E+04	9.35E-01
3.61E+04	9.34E-01
3.61E+04	9.34E-01
3.61E+04	9.33E-01
3.61E+04	9.33E-01
3.61E+04	9.33E-01
3.61E+04	9.32E-01
3.61E+04	9.32E-01
3.61E+04	9.31E-01
3.61E+04	9.31E-01
3.61E+04	9.31E-01
3.61E+04	9.30E-01
3.61E+04	9.30E-01
3.61E+04	9.30E-01
3.61E+04	9.29E-01
3.61E+04	9.29E-01
3.61E+04	9.28E-01
3.61E+04	9.28E-01
3.61E+04	9.28E-01
3.61E+04	9.27E-01
3.61E+04	9.27E-01
3.61E+04	9.26E-01
3.61E+04	9.26E-01
3.61E+04	9.25E-01
3.61E+04	9.25E-01
3.61E+04	9.25E-01
3.61E+04	9.24E-01
3.61E+04	9.24E-01
3.61E+04	9.24E-01
3.61E+04	9.23E-01
3.61E+04	9.23E-01
3.61E+04	9.22E-01
3.61E+04	9.22E-01
3.61E+04	9.21E-01
3.61E+04	9.21E-01
3.61E+04	9.21E-01
3.61E+04	9.20E-01
3.61E+04	9.20E-01
3.61E+04	9.20E-01
3.61E+04	9.19E-01
3.61E+04	9.19E-01
3.61E+04	9.18E-01
3.61E+04	9.18E-01
3.61E+04	9.18E-01
3.61E+04	9.17E-01
3.61E+04	9.17E-01
3.61E+04	9.16E-01
3.61E+04	9.16E-01
3.61E+04	9.15E-01
3.61E+04	9.15E-01
3.61E+04	9.15E-01
3.61E+04	9.14E-01
3.61E+04	9.14E-01
3.61E+04	9.14E-01
3.61E+04	9.13E-01
3.61E+04	9.13E-01
3.61E+04	9.12E-01
3.61E+04	9.12E-01
3.61E+04	9.11E-01
3.61E+04	9.11E-01
3.61E+04	9.11E-01
3.61E+04	9.10E-01
3.61E+04	9.10E-01
3.61E+04	9.09E-01
3.61E+04	9.09E-01
3.61E+04	9.09E-01
3.61E+04	9.08E-01
3.61E+04	9.08E-01
3.61E+04	9.07E-01
3.61E+04	9.07E-01
3.61E+04	9.06E-01
3.61E+04	9.06E-01
3.61E+04	9.05E-01
3.61E+04	9.05E-01
3.61E+04	9.05E-01
3.61E+04	9.04E-01
3.61E+04	9.04E-01
3.61E+04	9.03E-01
3.61E+04	9.03E-01
3.61E+04	9.02E-01
3.61E+04	9.02E-01
3.61E+04	9.02E-01
3.61E+04	9.01E-01
3.61E+04	9.01E-01
3.61E+04	9.00E-01
3.61E+04	9.00E-01
3.61E+04	9.00E-01
3.61E+04	8.99E-01
3.62E+04	8.99E-01
3.62E+04	8.98E-01
3.62E+04	8.98E-01
3.62E+04	8.97E-01
3.62E+04	8.97E-01
3.62E+04	8.96E-01
3.62E+04	8.96E-01
3.62E+04	8.96E-01
3.62E+04	8.95E-01
3.62E+04	8.95E-01
3.62E+04	8.94E-01
3.62E+04	8.94E-01
3.62E+04	8.93E-01
3.62E+04	8.93E-01
3.62E+04	8.92E-01
3.62E+04	8.92E-01
3.62E+04	8.91E-01
3.62E+04	8.91E-01
3.62E+04	8.91E-01
3.62E+04	8.90E-01
3.62E+04	8.90E-01
3.62E+04	8.89E-01
3.62E+04	8.89E-01
3.62E+04	8.88E-01
3.62E+04	8.88E-01
3.62E+04	8.87E-01
3.62E+04	8.87E-01
3.62E+04	8.87E-01
3.62E+04	8.86E-01
3.62E+04	8.86E-01
3.62E+04	8.85E-01
3.62E+04	8.85E-01
3.62E+04	8.84E-01
3.62E+04	8.84E-01
3.62E+04	8.83E-01
3.62E+04	8.83E-01
3.62E+04	8.82E-01
3.62E+04	8.82E-01
3.62E+04	8.82E-01
3.62E+04	8.81E-01
3.62E+04	8.81E-01
3.62E+04	8.80E-01
3.62E+04	8.80E-01
3.62E+04	8.79E-01
3.62E+04	8.79E-01
3.62E+04	8.78E-01
3.62E+04	8.78E-01
3.62E+04	8.77E-01
3.62E+04	8.77E-01
3.62E+04	8.76E-01
3.62E+04	8.76E-01
3.62E+04	8.76E-01
3.62E+04	8.75E-01
3.62E+04	8.75E-01
3.62E+04	8.74E-01
3.62E+04	8.74E-01
3.62E+04	8.73E-01
3.62E+04	8.73E-01
3.62E+04	8.72E-01
3.62E+04	8.72E-01
3.62E+04	8.71E-01
3.62E+04	8.71E-01
3.62E+04	8.70E-01
3.62E+04	8.70E-01
3.62E+04	8.69E-01
3.62E+04	8.69E-01
3.62E+04	8.68E-01
3.62E+04	8.68E-01
3.62E+04	8.67E-01
3.62E+04	8.67E-01
3.62E+04	8.67E-01
3.62E+04	8.66E-01
3.62E+04	8.66E-01
3.62E+04	8.65E-01
3.63E+04	8.65E-01
3.63E+04	8.64E-01
3.63E+04	8.64E-01
3.63E+04	8.63E-01
3.63E+04	8.63E-01
3.63E+04	8.62E-01
3.63E+04	8.62E-01
3.63E+04	8.61E-01
3.63E+04	8.61E-01
3.63E+04	8.60E-01
3.63E+04	8.60E-01
3.63E+04	8.59E-01
3.63E+04	8.59E-01
3.63E+04	8.58E-01
3.63E+04	8.58E-01
3.63E+04	8.57E-01
3.63E+04	8.57E-01
3.63E+04	8.56E-01
3.63E+04	8.56E-01
3.63E+04	8.55E-01
3.63E+04	8.55E-01
3.63E+04	8.54E-01
3.63E+04	8.54E-01
3.63E+04	8.53E-01
3.63E+04	8.53E-01
3.63E+04	8.52E-01
3.63E+04	8.52E-01
3.63E+04	8.51E-01
3.63E+04	8.51E-01
3.63E+04	8.50E-01
3.63E+04	8.50E-01
3.63E+04	8.49E-01
3.63E+04	8.49E-01
3.63E+04	8.48E-01
3.63E+04	8.48E-01
3.63E+04	8.47E-01
3.63E+04	8.47E-01
3.63E+04	8.46E-01
3.63E+04	8.46E-01
3.63E+04	8.45E-01
3.63E+04	8.45E-01
3.63E+04	8.44E-01
3.63E+04	8.44E-01
3.63E+04	8.43E-01
3.63E+04	8.42E-01
3.63E+04	8.42E-01
3.63E+04	8.42E-01
3.63E+04	8.41E-01
3.63E+04	8.41E-01
3.63E+04	8.40E-01
3.63E+04	8.39E-01
3.63E+04	8.39E-01
3.64E+04	8.38E-01
3.64E+04	8.38E-01
3.64E+04	8.37E-01
3.64E+04	8.37E-01
3.64E+04	8.36E-01
3.64E+04	8.36E-01
3.64E+04	8.35E-01
3.64E+04	8.35E-01
3.64E+04	8.34E-01
3.64E+04	8.34E-01
3.64E+04	8.33E-01
3.64E+04	8.32E-01
3.64E+04	8.32E-01
3.64E+04	8.31E-01
3.64E+04	8.31E-01
3.64E+04	8.30E-01
3.64E+04	8.30E-01
3.64E+04	8.29E-01
3.64E+04	8.29E-01
3.64E+04	8.28E-01
3.64E+04	8.28E-01
3.64E+04	8.27E-01
3.64E+04	8.27E-01
3.64E+04	8.26E-01
3.64E+04	8.26E-01
3.64E+04	8.25E-01
3.64E+04	8.24E-01
3.64E+04	8.24E-01
3.64E+04	8.23E-01
3.64E+04	8.23E-01
3.64E+04	8.22E-01
3.64E+04	8.22E-01
3.64E+04	8.21E-01
3.64E+04	8.21E-01
3.64E+04	8.20E-01
3.64E+04	8.19E-01
3.64E+04	8.19E-01
3.64E+04	8.18E-01
3.65E+04	8.17E-01
3.65E+04	8.17E-01
3.65E+04	8.17E-01
3.65E+04	8.16E-01
3.65E+04	8.15E-01
3.65E+04	8.15E-01
3.65E+04	8.14E-01
3.65E+04	8.14E-01
3.65E+04	8.13E-01
3.65E+04	8.12E-01
3.65E+04	8.12E-01
3.65E+04	8.11E-01
3.65E+04	8.11E-01
3.65E+04	8.10E-01
3.65E+04	8.10E-01
3.65E+04	8.09E-01
3.65E+04	8.08E-01
3.65E+04	8.08E-01
3.65E+04	8.07E-01
3.65E+04	8.07E-01
3.65E+04	8.06E-01
3.65E+04	8.06E-01
3.65E+04	8.05E-01
3.65E+04	8.04E-01
3.65E+04	8.04E-01
3.65E+04	8.03E-01
3.65E+04	8.03E-01
3.65E+04	8.02E-01
3.65E+04	8.02E-01
3.65E+04	8.01E-01
3.65E+04	8.00E-01
3.66E+04	8.00E-01
3.66E+04	7.99E-01
3.66E+04	7.98E-01
3.66E+04	7.98E-01
3.66E+04	7.97E-01
3.66E+04	7.97E-01
3.66E+04	7.96E-01
3.66E+04	7.96E-01
3.66E+04	7.95E-01
3.66E+04	7.94E-01
3.66E+04	7.94E-01
3.66E+04	7.93E-01
3.66E+04	7.92E-01
3.66E+04	7.92E-01
3.66E+04	7.91E-01
3.66E+04	7.91E-01
3.66E+04	7.90E-01
3.66E+04	7.89E-01
3.66E+04	7.89E-01
3.66E+04	7.88E-01
3.66E+04	7.88E-01
3.66E+04	7.87E-01
3.66E+04	7.86E-01
3.66E+04	7.86E-01
3.66E+04	7.85E-01
3.67E+04	7.85E-01
3.67E+04	7.84E-01
3.67E+04	7.83E-01
3.67E+04	7.83E-01
3.67E+04	7.82E-01
3.67E+04	7.82E-01
3.67E+04	7.81E-01
3.67E+04	7.80E-01
3.67E+04	7.80E-01
3.67E+04	7.79E-01
3.67E+04	7.78E-01
3.67E+04	7.78E-01
3.67E+04	7.77E-01
3.67E+04	7.77E-01
3.67E+04	7.76E-01
3.67E+04	7.75E-01
3.67E+04	7.75E-01
3.67E+04	7.74E-01
3.67E+04	7.73E-01
3.67E+04	7.73E-01
3.67E+04	7.72E-01
3.68E+04	7.71E-01
3.68E+04	7.71E-01
3.68E+04	7.70E-01
3.68E+04	7.69E-01
3.68E+04	7.69E-01
3.68E+04	7.68E-01
3.68E+04	7.68E-01
3.68E+04	7.67E-01
3.68E+04	7.66E-01
3.68E+04	7.66E-01
3.68E+04	7.65E-01
3.68E+04	7.64E-01
3.68E+04	7.64E-01
3.68E+04	7.63E-01
3.68E+04	7.62E-01
3.68E+04	7.62E-01
3.68E+04	7.61E-01
3.68E+04	7.60E-01
3.69E+04	7.60E-01
3.69E+04	7.59E-01
3.69E+04	7.58E-01
3.69E+04	7.58E-01
3.69E+04	7.57E-01
3.69E+04	7.56E-01
3.69E+04	7.56E-01
3.69E+04	7.55E-01
3.69E+04	7.54E-01
3.69E+04	7.54E-01
3.69E+04	7.53E-01
3.69E+04	7.52E-01
3.69E+04	7.52E-01
3.69E+04	7.51E-01
3.69E+04	7.50E-01
3.70E+04	7.49E-01
3.70E+04	7.49E-01
3.70E+04	7.48E-01
3.70E+04	7.48E-01
3.70E+04	7.47E-01
3.70E+04	7.46E-01
3.70E+04	7.45E-01
3.70E+04	7.45E-01
3.70E+04	7.44E-01
3.70E+04	7.43E-01
3.70E+04	7.43E-01
3.70E+04	7.42E-01
3.70E+04	7.41E-01
3.71E+04	7.41E-01
3.71E+04	7.40E-01
3.71E+04	7.39E-01
3.71E+04	7.38E-01
3.71E+04	7.38E-01
3.71E+04	7.37E-01
3.71E+04	7.36E-01
3.71E+04	7.36E-01
3.71E+04	7.35E-01
3.71E+04	7.34E-01
3.71E+04	7.33E-01
3.72E+04	7.33E-01
3.72E+04	7.32E-01
3.72E+04	7.31E-01
3.72E+04	7.30E-01
3.72E+04	7.30E-01
3.72E+04	7.29E-01
3.72E+04	7.28E-01
3.72E+04	7.28E-01
3.72E+04	7.27E-01
3.72E+04	7.26E-01
3.73E+04	7.25E-01
3.73E+04	7.24E-01
3.73E+04	7.24E-01
3.73E+04	7.23E-01
3.73E+04	7.22E-01
3.73E+04	7.22E-01
3.73E+04	7.21E-01
3.73E+04	7.20E-01
3.73E+04	7.19E-01
3.74E+04	7.19E-01
3.74E+04	7.18E-01
3.74E+04	7.17E-01
3.74E+04	7.16E-01
3.74E+04	7.15E-01
3.74E+04	7.15E-01
3.74E+04	7.14E-01
3.74E+04	7.13E-01
3.75E+04	7.13E-01
3.75E+04	7.12E-01
3.75E+04	7.11E-01
3.75E+04	7.10E-01
3.75E+04	7.09E-01
3.75E+04	7.09E-01
3.75E+04	7.08E-01
3.76E+04	7.07E-01
3.76E+04	7.06E-01
3.76E+04	7.05E-01
3.76E+04	7.05E-01
3.76E+04	7.04E-01
3.76E+04	7.03E-01
3.76E+04	7.02E-01
3.77E+04	7.01E-01
3.77E+04	7.01E-01
3.77E+04	7.00E-01
3.77E+04	6.99E-01
3.77E+04	6.98E-01
3.78E+04	6.98E-01
3.78E+04	6.97E-01
3.78E+04	6.96E-01
3.78E+04	6.95E-01
3.78E+04	6.94E-01
3.78E+04	6.94E-01
3.79E+04	6.93E-01
3.79E+04	6.92E-01
3.79E+04	6.91E-01
3.79E+04	6.90E-01
3.80E+04	6.89E-01
3.80E+04	6.89E-01
3.80E+04	6.88E-01
3.80E+04	6.87E-01
3.81E+04	6.86E-01
3.81E+04	6.85E-01
3.81E+04	6.84E-01
3.81E+04	6.84E-01
3.82E+04	6.83E-01
3.82E+04	6.82E-01
3.82E+04	6.81E-01
3.82E+04	6.80E-01
3.83E+04	6.79E-01
3.83E+04	6.79E-01
3.83E+04	6.78E-01
3.84E+04	6.77E-01
3.84E+04	6.76E-01
3.84E+04	6.75E-01
3.85E+04	6.74E-01
3.85E+04	6.73E-01
3.85E+04	6.72E-01
3.86E+04	6.72E-01
3.86E+04	6.71E-01
3.87E+04	6.70E-01
3.87E+04	6.69E-01
3.87E+04	6.68E-01
3.88E+04	6.67E-01
3.88E+04	6.66E-01
3.89E+04	6.65E-01
3.89E+04	6.65E-01
3.90E+04	6.64E-01
3.90E+04	6.63E-01
3.91E+04	6.62E-01
3.92E+04	6.61E-01
3.92E+04	6.60E-01
3.93E+04	6.59E-01
3.94E+04	6.58E-01
3.94E+04	6.57E-01
3.95E+04	6.56E-01
3.96E+04	6.56E-01
3.97E+04	6.55E-01
3.98E+04	6.54E-01
3.99E+04	6.53E-01
4.00E+04	6.52E-01
4.02E+04	6.51E-01
4.03E+04	6.50E-01
4.04E+04	6.49E-01
4.06E+04	6.48E-01
4.08E+04	6.47E-01
4.10E+04	6.46E-01
4.13E+04	6.46E-01
4.15E+04	6.45E-01
4.19E+04	6.44E-01
4.23E+04	6.43E-01
4.28E+04	6.42E-01
4.34E+04	6.42E-01
4.41E+04	6.41E-01
4.50E+04	6.41E-01
4.60E+04	6.41E-01
4.72E+04	6.41E-01
4.87E+04	6.40E-01
5.05E+04	6.40E-01
5.26E+04	6.40E-01
5.40E+04	6.40E-01
5.40E+04	6.40E-01
5.40E+04	6.40E-01
5.40E+04	6.40E-01
5.40E+04	6.40E-01
5.40E+04	6.40E-01
5.40E+04	6.40E-01
5.40E+04	6.40E-01
5.40E+04	6.40E-01
5.40E+04	6.40E-01
5.40E+04	6.40E-01
5.40E+04	6.40E-01
5.40E+04	6.40E-01
5.40E+04	6.40E-01
5.40E+04	6.40E-01
5.40E+04	6.40E-01
5.40E+04	6.40E-01
5.40E+04	6.40E-01
5.40E+04	6.40E-01
5.40E+04	6.40E-01
5.40E+04	6.40E-01
5.40E+04	6.40E-01
5.40E+04	6.40E-01
5.40E+04	6.40E-01
5.40E+04	6.40E-01
5.40E+04	6.40E-01
5.40E+04	6.40E-01
5.40E+04	6.40E-01
5.40E+04	6.40E-01
5.40E+04	6.40E-01
5.40E+04	6.39E-01
5.40E+04	6.39E-01
5.40E+04	6.39E-01
5.40E+04	6.39E-01
5.40E+04	6.39E-01
5.40E+04	6.38E-01
5.40E+04	6.38E-01
5.40E+04	6.37E-01
5.40E+04	6.37E-01
5.40E+04	6.36E-01
5.40E+04	6.35E-01
5.40E+04	6.34E-01
5.40E+04	6.33E-01
5.40E+04	6.31E-01
5.40E+04	6.30E-01
5.40E+04	6.27E-01
5.40E+04	6.25E-01
5.40E+04	6.23E-01
5.40E+04	6.21E-01
5.40E+04	6.18E-01
5.40E+04	6.16E-01
5.40E+04	6.14E-01
5.40E+04	6.12E-01
5.41E+04	6.10E-01
5.41E+04	6.08E-01
5.41E+04	6.07E-01
5.41E+04	6.05E-01
5.41E+04	6.04E-01
5.41E+04	6.02E-01
5.41E+04	6.01E-01
5.41E+04	5.99E-01
5.41E+04	5.98E-01
5.41E+04	5.97E-01
5.41E+04	5.95E-01
5.41E+04	5.94E-01
5.41E+04	5.93E-01
5.41E+04	5.92E-01
5.41E+04	5.91E-01
5.41E+04	5.90E-01
5.41E+04	5.89E-01
5.41E+04	5.88E-01
5.41E+04	5.87E-01
5.41E+04	5.86E-01
5.41E+04	5.86E-01
5.41E+04	5.85E-01
5.41E+04	5.84E-01
5.41E+04	5.83E-01
5.41E+04	5.82E-01
5.41E+04	5.81E-01
5.41E+04	5.80E-01
5.41E+04	5.80E-01
5.41E+04	5.79E-01
5.41E+04	5.78E-01
5.41E+04	5.78E-01
5.41E+04	5.77E-01
5.41E+04	5.76E-01
5.41E+04	5.75E-01
5.41E+04	5.75E-01
5.41E+04	5.74E-01
5.41E+04	5.73E-01
5.41E+04	5.72E-01
5.41E+04	5.72E-01
5.41E+04	5.71E-01
5.41E+04	5.70E-01
5.41E+04	5.70E-01
5.41E+04	5.69E-01
5.41E+04	5.69E-01
5.41E+04	5.68E-01
5.42E+04	5.67E-01
5.42E+04	5.66E-01
5.42E+04	5.66E-01
5.42E+04	5.65E-01
5.42E+04	5.64E-01
5.42E+04	5.64E-01
5.42E+04	5.63E-01
5.42E+04	5.62E-01
5.42E+04	5.62E-01
5.42E+04	5.61E-01
5.42E+04	5.61E-01
5.42E+04	5.60E-01
5.42E+04	5.60E-01
5.42E+04	5.59E-01
5.42E+04	5.58E-01
5.42E+04	5.58E-01
5.42E+04	5.57E-01
5.42E+04	5.56E-01
5.42E+04	5.55E-01
5.42E+04	5.55E-01
5.42E+04	5.54E-01
5.42E+04	5.54E-01
5.42E+04	5.53E-01
5.42E+04	5.53E-01
5.42E+04	5.52E-01
5.42E+04	5.52E-01
5.42E+04	5.51E-01
5.42E+04	5.51E-01
5.42E+04	5.50E-01
5.42E+04	5.49E-01
5.42E+04	5.48E-01
5.42E+04	5.48E-01
5.42E+04	5.47E-01
5.42E+04	5.46E-01
5.42E+04	5.46E-01
5.42E+04	5.45E-01
5.42E+04	5.45E-01
5.42E+04	5.44E-01
5.42E+04	5.44E-01
5.42E+04	5.43E-01
5.42E+04	5.43E-01
5.42E+04	5.42E-01
5.42E+04	5.42E-01
5.42E+04	5.41E-01
5.42E+04	5.40E-01
5.42E+04	5.40E-01
5.42E+04	5.39E-01
5.42E+04	5.38E-01
5.42E+04	5.38E-01
5.42E+04	5.37E-01
5.42E+04	5.37E-01
5.43E+04	5.36E-01
5.43E+04	5.36E-01
5.43E+04	5.35E-01
5.43E+04	5.35E-01
5.43E+04	5.34E-01
5.43E+04	5.34E-01
5.43E+04	5.33E-01
5.43E+04	5.32E-01
5.43E+04	5.32E-01
5.43E+04	5.31E-01
5.43E+04	5.30E-01
5.43E+04	5.30E-01
5.43E+04	5.29E-01
5.43E+04	5.29E-01
5.43E+04	5.28E-01
5.43E+04	5.28E-01
5.43E+04	5.27E-01
5.43E+04	5.27E-01
5.43E+04	5.26E-01
5.43E+04	5.26E-01
5.43E+04	5.25E-01
5.43E+04	5.25E-01
5.43E+04	5.24E-01
5.43E+04	5.23E-01
5.43E+04	5.22E-01
5.43E+04	5.22E-01
5.43E+04	5.21E-01
5.43E+04	5.21E-01
5.43E+04	5.20E-01
5.43E+04	5.20E-01
5.43E+04	5.19E-01
5.43E+04	5.19E-01
5.43E+04	5.18E-01
5.43E+04	5.18E-01
5.43E+04	5.17E-01
5.43E+04	5.17E-01
5.43E+04	5.16E-01
5.43E+04	5.15E-01
5.43E+04	5.14E-01
5.43E+04	5.14E-01
5.43E+04	5.13E-01
5.44E+04	5.13E-01
5.44E+04	5.12E-01
5.44E+04	5.12E-01
5.44E+04	5.11E-01
5.44E+04	5.11E-01
5.44E+04	5.10E-01
5.44E+04	5.10E-01
5.44E+04	5.09E-01
5.44E+04	5.09E-01
5.44E+04	5.08E-01
5.44E+04	5.07E-01
5.44E+04	5.06E-01
5.44E+04	5.06E-01
5.44E+04	5.05E-01
5.44E+04	5.04E-01
5.44E+04	5.04E-01
5.44E+04	5.03E-01
5.44E+04	5.03E-01
5.44E+04	5.02E-01
5.44E+04	5.02E-01
5.44E+04	5.01E-01
5.44E+04	5.01E-01
5.44E+04	5.00E-01
5.44E+04	5.00E-01
5.44E+04	4.99E-01
5.44E+04	4.98E-01
5.44E+04	4.98E-01
5.44E+04	4.97E-01
5.44E+04	4.96E-01
5.44E+04	4.96E-01
5.44E+04	4.95E-01
5.45E+04	4.95E-01
5.45E+04	4.94E-01
5.45E+04	4.94E-01
5.45E+04	4.93E-01
5.45E+04	4.93E-01
5.45E+04	4.92E-01
5.45E+04	4.91E-01
5.45E+04	4.91E-01
5.45E+04	4.90E-01
5.45E+04	4.89E-01
5.45E+04	4.89E-01
5.45E+04	4.88E-01
5.45E+04	4.87E-01
5.45E+04	4.87E-01
5.45E+04	4.86E-01
5.45E+04	4.86E-01
5.45E+04	4.85E-01
5.45E+04	4.85E-01
5.45E+04	4.84E-01
5.45E+04	4.84E-01
5.45E+04	4.83E-01
5.45E+04	4.82E-01
5.45E+04	4.82E-01
5.45E+04	4.81E-01
5.46E+04	4.80E-01
5.46E+04	4.79E-01
5.46E+04	4.79E-01
5.46E+04	4.78E-01
5.46E+04	4.78E-01
5.46E+04	4.77E-01
5.46E+04	4.77E-01
5.46E+04	4.76E-01
5.46E+04	4.75E-01
5.46E+04	4.75E-01
5.46E+04	4.74E-01
5.46E+04	4.74E-01
5.46E+04	4.73E-01
5.46E+04	4.72E-01
5.46E+04	4.71E-01
5.46E+04	4.71E-01
5.46E+04	4.70E-01
5.47E+04	4.69E-01
5.47E+04	4.69E-01
5.47E+04	4.68E-01
5.47E+04	4.68E-01
5.47E+04	4.67E-01
5.47E+04	4.67E-01
5.47E+04	4.66E-01
5.47E+04	4.65E-01
5.47E+04	4.65E-01
5.47E+04	4.64E-01
5.47E+04	4.63E-01
5.47E+04	4.63E-01
5.47E+04	4.62E-01
5.48E+04	4.61E-01
5.48E+04	4.60E-01
5.48E+04	4.60E-01
5.48E+04	4.59E-01
5.48E+04	4.59E-01
5.48E+04	4.58E-01
5.48E+04	4.57E-01
5.48E+04	4.57E-01
5.48E+04	4.56E-01
5.48E+04	4.55E-01
5.48E+04	4.55E-01
5.49E+04	4.54E-01
5.49E+04	4.53E-01
5.49E+04	4.52E-01
5.49E+04	4.51E-01
5.49E+04	4.51E-01
5.49E+04	4.50E-01
5.49E+04	4.50E-01
5.50E+04	4.49E-01
5.50E+04	4.48E-01
5.50E+04	4.47E-01
5.50E+04	4.47E-01
5.50E+04	4.46E-01
5.50E+04	4.45E-01
5.51E+04	4.45E-01
5.51E+04	4.44E-01
5.51E+04	4.43E-01
5.51E+04	4.42E-01
5.51E+04	4.41E-01
5.52E+04	4.40E-01
5.52E+04	4.39E-01
5.52E+04	4.39E-01
5.53E+04	4.38E-01
5.53E+04	4.37E-01
5.53E+04	4.36E-01
5.54E+04	4.35E-01
5.54E+04	4.34E-01
5.54E+04	4.33E-01
5.55E+04	4.32E-01
5.56E+04	4.31E-01
5.56E+04	4.30E-01
5.57E+04	4.29E-01
5.58E+04	4.28E-01
5.59E+04	4.27E-01
5.60E+04	4.25E-01
5.62E+04	4.24E-01
5.64E+04	4.23E-01
5.66E+04	4.21E-01
5.68E+04	4.20E-01
5.72E+04	4.18E-01
5.75E+04	4.17E-01
5.80E+04	4.15E-01
5.86E+04	4.14E-01
5.92E+04	4.13E-01
6.00E+04	4.12E-01
6.10E+04	4.10E-01
6.21E+04	4.09E-01
6.35E+04	4.08E-01
6.51E+04	4.07E-01
6.71E+04	4.06E-01
6.95E+04	4.05E-01
7.20E+04	4.05E-01
7.20E+04	4.05E-01
7.20E+04	4.05E-01
7.20E+04	4.05E-01
7.20E+04	4.05E-01
7.20E+04	4.05E-01
7.20E+04	4.05E-01
7.20E+04	4.05E-01
7.20E+04	4.05E-01
7.20E+04	4.05E-01
7.20E+04	4.05E-01
7.20E+04	4.05E-01
7.20E+04	4.05E-01
7.20E+04	4.05E-01
7.20E+04	4.05E-01
7.20E+04	4.05E-01
7.20E+04	4.05E-01
7.20E+04	4.05E-01
7.20E+04	4.05E-01
7.20E+04	4.05E-01
7.20E+04	4.05E-01
7.20E+04	4.05E-01
7.20E+04	4.05E-01
7.20E+04	4.05E-01
7.20E+04	4.04E-01
7.20E+04	4.04E-01
7.20E+04	4.04E-01
7.20E+04	4.04E-01
7.20E+04	4.04E-01
7.20E+04	4.04E-01
7.20E+04	4.04E-01
7.20E+04	4.04E-01
7.20E+04	4.04E-01
7.20E+04	4.04E-01
7.20E+04	4.04E-01
7.20E+04	4.04E-01
7.20E+04	4.04E-01
7.20E+04	4.04E-01
7.20E+04	4.04E-01
7.20E+04	4.03E-01
7.20E+04	4.03E-01
7.20E+04	4.03E-01
7.20E+04	4.03E-01
7.20E+04	4.02E-01
7.20E+04	4.02E-01
7.20E+04	4.01E-01
7.20E+04	4.01E-01
7.20E+04	4.00E-01
7.20E+04	3.99E-01
7.20E+04	3.99E-01
7.20E+04	3.98E-01
7.20E+04	3.97E-01
7.20E+04	3.97E-01
7.20E+04	3.96E-01
7.20E+04	3.96E-01
7.20E+04	3.95E-01
7.20E+04	3.95E-01
7.20E+04	3.94E-01
7.20E+04	3.94E-01
7.21E+04	3.93E-01
7.21E+04	3.93E-01
7.21E+04	3.93E-01
7.21E+04	3.92E-01
7.21E+04	3.92E-01
7.21E+04	3.91E-01
7.21E+04	3.91E-01
7.21E+04	3.91E-01
7.21E+04	3.90E-01
7.21E+04	3.90E-01
7.21E+04	3.90E-01
7.21E+04	3.89E-01
7.21E+04	3.89E-01
7.21E+04	3.88E-01
7.21E+04	3.88E-01
7.21E+04	3.87E-01
7.21E+04	3.87E-01
7.21E+04	3.87E-01
7.21E+04	3.86E-01
7.21E+04	3.86E-01
7.21E+04	3.86E-01
7.21E+04	3.85E-01
7.21E+04	3.85E-01
7.21E+04	3.85E-01
7.21E+04	3.84E-01
7.21E+04	3.84E-01
7.21E+04	3.84E-01
7.21E+04	3.83E-01
7.21E+04	3.83E-01
7.21E+04	3.83E-01
7.21E+04	3.82E-01
7.21E+04	3.82E-01
7.21E+04	3.82E-01
7.21E+04	3.81E-01
7.21E+04	3.81E-01
7.21E+04	3.81E-01
7.21E+04	3.80E-01
7.21E+04	3.80E-01
7.22E+04	3.79E-01
7.22E+04	3.79E-01
7.22E+04	3.79E-01
7.22E+04	3.78E-01
7.22E+04	3.78E-01
7.22E+04	3.78E-01
7.22E+04	3.77E-01
7.22E+04	3.77E-01
7.22E+04	3.77E-01
7.22E+04	3.77E-01
7.22E+04	3.76E-01
7.22E+04	3.76E-01
7.22E+04	3.76E-01
7.22E+04	3.75E-01
7.22E+04	3.75E-01
7.22E+04	3.75E-01
7.22E+04	3.74E-01
7.22E+04	3.74E-01
7.22E+04	3.73E-01
7.22E+04	3.73E-01
7.22E+04	3.73E-01
7.22E+04	3.72E-01
7.22E+04	3.72E-01
7.23E+04	3.72E-01
7.23E+04	3.71E-01
7.23E+04	3.71E-01
7.23E+04	3.70E-01
7.23E+04	3.70E-01
7.23E+04	3.70E-01
7.23E+04	3.69E-01
7.23E+04	3.69E-01
7.23E+04	3.69E-01
7.23E+04	3.68E-01
7.23E+04	3.68E-01
7.24E+04	3.68E-01
7.24E+04	3.67E-01
7.24E+04	3.67E-01
7.24E+04	3.67E-01
7.24E+04	3.66E-01
7.24E+04	3.66E-01
7.24E+04	3.65E-01
7.25E+04	3.65E-01
7.25E+04	3.64E-01
7.25E+04	3.64E-01
7.25E+04	3.64E-01
7.26E+04	3.63E-01
7.26E+04	3.63E-01
7.26E+04	3.62E-01
7.27E+04	3.62E-01
7.28E+04	3.61E-01
7.28E+04	3.61E-01
7.29E+04	3.60E-01
7.31E+04	3.60E-01
7.32E+04	3.60E-01
7.34E+04	3.59E-01
7.36E+04	3.59E-01
7.38E+04	3.58E-01
7.41E+04	3.58E-01
7.44E+04	3.57E-01
7.49E+04	3.57E-01
7.53E+04	3.56E-01
7.59E+04	3.56E-01
7.67E+04	3.55E-01
7.75E+04	3.54E-01
7.86E+04	3.54E-01
7.98E+04	3.53E-01
8.13E+04	3.53E-01
8.31E+04	3.52E-01
8.52E+04	3.52E-01
8.78E+04	3.51E-01
9.00E+04	3.51E-01
9.00E+04	3.51E-01
9.00E+04	3.51E-01
9.00E+04	3.51E-01
9.00E+04	3.51E-01
9.00E+04	3.51E-01
9.00E+04	3.51E-01
9.00E+04	3.51E-01
9.00E+04	3.51E-01
9.00E+04	3.51E-01
9.00E+04	3.51E-01
9.00E+04	3.51E-01
9.00E+04	3.51E-01
9.00E+04	3.51E-01
9.00E+04	3.51E-01
9.00E+04	3.51E-01
9.00E+04	3.51E-01
9.00E+04	3.51E-01
9.00E+04	3.51E-01
9.00E+04	3.51E-01
9.00E+04	3.51E-01
9.00E+04	3.51E-01
9.00E+04	3.51E-01
9.00E+04	3.51E-01
9.00E+04	3.51E-01
9.00E+04	3.50E-01
9.00E+04	3.50E-01
9.00E+04	3.50E-01
9.00E+04	3.50E-01
9.00E+04	3.50E-01
9.00E+04	3.50E-01
9.00E+04	3.50E-01
9.00E+04	3.50E-01
9.00E+04	3.50E-01
9.00E+04	3.50E-01
9.00E+04	3.50E-01
9.00E+04	3.50E-01
9.00E+04	3.50E-01
9.00E+04	3.50E-01
9.00E+04	3.50E-01
9.00E+04	3.50E-01
9.00E+04	3.50E-01
9.00E+04	3.50E-01
9.00E+04	3.50E-01
9.00E+04	3.49E-01
9.00E+04	3.49E-01
9.00E+04	3.49E-01
9.00E+04	3.48E-01
9.00E+04	3.48E-01
9.00E+04	3.48E-01
9.00E+04	3.47E-01
9.00E+04	3.47E-01
9.00E+04	3.47E-01
9.00E+04	3.46E-01
9.00E+04	3.46E-01
9.00E+04	3.46E-01
9.00E+04	3.46E-01
9.00E+04	3.45E-01
9.00E+04	3.45E-01
9.00E+04	3.45E-01
9.00E+04	3.45E-01
9.00E+04	3.44E-01
9.00E+04	3.44E-01
9.00E+04	3.44E-01
9.00E+04	3.44E-01
9.00E+04	3.44E-01
9.00E+04	3.43E-01
9.00E+04	3.43E-01
9.00E+04	3.43E-01
9.00E+04	3.43E-01
9.00E+04	3.43E-01
9.00E+04	3.42E-01
9.00E+04	3.42E-01
9.00E+04	3.42E-01
9.00E+04	3.42E-01
9.00E+04	3.42E-01
9.00E+04	3.41E-01
9.00E+04	3.41E-01
9.00E+04	3.41E-01
9.00E+04	3.41E-01
9.00E+04	3.40E-01
9.00E+04	3.40E-01
9.00E+04	3.40E-01
9.00E+04	3.40E-01
9.00E+04	3.40E-01
9.00E+04	3.39E-01
9.00E+04	3.39E-01
9.00E+04	3.39E-01
9.00E+04	3.39E-01
9.00E+04	3.38E-01
9.00E+04	3.38E-01
9.00E+04	3.38E-01
9.00E+04	3.38E-01
9.00E+04	3.38E-01
9.00E+04	3.38E-01
9.01E+04	3.37E-01
9.01E+04	3.37E-01
9.01E+04	3.37E-01
9.01E+04	3.37E-01
9.01E+04	3.37E-01
9.01E+04	3.36E-01
9.01E+04	3.36E-01
9.01E+04	3.36E-01
9.01E+04	3.36E-01
9.01E+04	3.36E-01
9.01E+04	3.36E-01
9.01E+04	3.35E-01
9.01E+04	3.35E-01
9.01E+04	3.35E-01
9.01E+04	3.35E-01
9.01E+04	3.35E-01
9.01E+04	3.34E-01
9.01E+04	3.34E-01
9.01E+04	3.34E-01
9.01E+04	3.34E-01
9.01E+04	3.34E-01
9.01E+04	3.34E-01
9.01E+04	3.33E-01
9.01E+04	3.33E-01
9.01E+04	3.33E-01
9.01E+04	3.33E-01
9.01E+04	3.33E-01
9.01E+04	3.32E-01
9.01E+04	3.32E-01
9.01E+04	3.32E-01
9.01E+04	3.32E-01
9.01E+04	3.31E-01
9.01E+04	3.31E-01
9.01E+04	3.31E-01
9.01E+04	3.31E-01
9.01E+04	3.31E-01
9.01E+04	3.30E-01
9.01E+04	3.30E-01
9.01E+04	3.30E-01
9.01E+04	3.30E-01
9.01E+04	3.30E-01
9.01E+04	3.30E-01
9.01E+04	3.29E-01
9.01E+04	3.29E-01
9.02E+04	3.29E-01
9.02E+04	3.29E-01
9.02E+04	3.29E-01
9.02E+04	3.29E-01
9.02E+04	3.28E-01
9.02E+04	3.28E-01
9.02E+04	3.28E-01
9.02E+04	3.28E-01
9.02E+04	3.28E-01
9.02E+04	3.27E-01
9.02E+04	3.27E-01
9.03E+04	3.27E-01
9.03E+04	3.27E-01
9.03E+04	3.27E-01
9.03E+04	3.26E-01
9.04E+04	3.26E-01
9.04E+04	3.26E-01
9.05E+04	3.26E-01
9.05E+04	3.26E-01
9.06E+04	3.25E-01
9.07E+04	3.25E-01
9.08E+04	3.25E-01
9.10E+04	3.25E-01
9.12E+04	3.25E-01
9.14E+04	3.24E-01
9.16E+04	3.24E-01
9.19E+04	3.24E-01
9.22E+04	3.24E-01
9.27E+04	3.24E-01
9.32E+04	3.23E-01
9.38E+04	3.23E-01
9.45E+04	3.23E-01
9.53E+04	3.23E-01
9.64E+04	3.22E-01
9.76E+04	3.22E-01
9.91E+04	3.22E-01
1.01E+05	3.21E-01
1.03E+05	3.21E-01
1.06E+05	3.21E-01
1.08E+05	3.20E-01