HEADER	
'time'	'total volume'
UNITS	
'day'	'cm^3'
0.147173611	4.552551734
0.182625	4.820961476
0.218104167	5.156473653
0.253541667	5.324229742
0.289013889	5.458434613
0.324479167	5.592639484
0.359930556	5.626190701
0.395381944	5.726844354
0.430833333	5.79394679
0.466284722	5.861049225
0.501736111	5.894600443
0.537201389	5.995254096
0.572659722	5.995254096
0.608125	6.062356532
0.643576389	6.062356532
0.679041667	6.163010185
0.714493056	6.163010185
0.749944444	6.196561402
0.785402778	6.263663838
0.856319444	6.297215056
0.891784722	6.263663838
0.927243056	6.364317491
0.962694444	6.364317491
0.998145833	6.397868709
1.033611111	6.431419927
1.0690625	6.431419927
1.104527778	6.397868709
1.175451389	6.498522362
1.210902778	6.498522362
1.246368056	6.498522362
1.281819444	6.498522362
1.317270833	6.53207358
1.352729167	6.53207358
1.388194444	6.565624797
1.423631944	6.599176015
1.459097222	6.53207358
1.4945625	6.599176015
1.530013889	6.632727233
1.565472222	6.632727233
1.600923611	6.632727233
1.636388889	6.599176015
1.671840278	6.599176015
1.7073125	6.666278451
1.742763889	6.699829668
1.778215278	6.733380886
1.813666667	6.733380886
1.849131944	6.632727233
1.884604167	6.733380886
1.920055556	6.733380886
1.955506944	6.766932104
1.990972222	6.766932104
2.026423611	6.800483321
2.061875	6.800483321
2.097326389	6.766932104
2.132777778	6.834034539
2.168243056	6.766932104
2.203701389	6.766932104
2.239166667	6.834034539
2.274604167	6.766932104
2.310083333	6.834034539
2.345534722	6.867585757
2.380986111	6.867585757
2.4164375	6.867585757
2.451895833	6.867585757
2.487361111	6.834034539
2.522826389	6.834034539
2.558284722	6.901136975
2.593736111	6.901136975
2.6291875	6.901136975
2.664652778	6.901136975
2.700118056	6.934688192
2.735576389	6.901136975
2.771027778	6.901136975
2.806493056	6.901136975
2.841944444	6.934688192
2.877409722	6.901136975
2.912868056	6.96823941
2.948319444	6.96823941
2.983770833	6.96823941
3.019236111	6.96823941
3.054701389	6.901136975
3.090159722	6.96823941
3.125611111	6.96823941
3.1610625	6.96823941
3.196527778	6.96823941
3.231979167	6.96823941
3.267430556	7.001790628
3.302895833	6.934688192
3.338354167	7.001790628
3.373805556	7.035341845
3.409270833	7.001790628
3.444722222	7.001790628
3.4801875	7.035341845
3.515638889	7.068893063
3.551090278	7.068893063
3.586548611	7.035341845
3.622027778	7.102444281
3.657465278	7.068893063
3.692916667	7.102444281
3.728381944	7.102444281
3.763833333	7.135995499
3.799305556	7.135995499
3.834756944	7.169546716
3.870229167	7.102444281
3.905680556	7.102444281
3.941131944	7.135995499
3.976597222	7.135995499
4.0120625	7.135995499
4.047513889	7.068893063
4.082965278	7.068893063
4.118416667	7.035341845
4.153875	7.135995499
4.189340278	7.135995499
4.224777778	7.135995499
4.260243056	7.135995499
4.295708333	7.135995499
4.331159722	7.068893063
4.366618056	7.135995499
4.402069444	7.135995499
4.437534722	7.135995499
4.473	7.169546716
4.508451389	7.102444281
4.543909722	7.135995499
4.579361111	7.135995499
4.614826389	7.169546716
4.650277778	7.169546716
4.685743056	7.068893063
4.721201389	7.203097934
4.756652778	7.203097934
4.792104167	7.203097934
4.827569444	7.203097934
4.863041667	7.203097934
4.898493056	7.203097934
4.933958333	7.169546716
4.969430556	7.203097934
5.004881944	7.203097934
5.040347222	7.203097934
5.0758125	7.236649152
5.111270833	7.203097934
5.146722222	7.236649152
5.182173611	7.236649152
5.217652778	7.102444281
5.253111111	7.203097934
5.2885625	7.236649152
5.324013889	7.236649152
5.359479167	7.236649152
5.394930556	7.203097934
5.430395833	7.236649152
5.465847222	7.236649152
5.501298611	7.236649152
5.536756944	7.236649152
5.572208333	7.169546716
5.607673611	7.169546716
5.643138889	7.236649152
5.678590278	7.236649152
5.714048611	7.236649152
5.749513889	7.236649152
5.784979167	7.203097934
5.8204375	7.236649152
5.825534722	7.102444281
5.827743056	7.135995499
5.839201389	7.169546716
5.873631944	7.169546716
5.909083333	7.169546716
5.944548611	7.169546716
5.980013889	7.169546716
6.015465278	7.102444281
6.0509375	7.169546716
6.086388889	7.169546716
6.121840278	7.169546716
6.1573125	7.203097934
6.192763889	7.169546716
6.228229167	7.169546716
6.263680556	7.169546716
6.299145833	7.135995499
6.334597222	7.135995499
6.370055556	7.203097934
6.405506944	7.169546716
6.440972222	7.169546716
6.476423611	7.169546716
6.511875	7.135995499
6.547326389	7.169546716
6.61825	7.169546716
6.689166667	7.169546716
6.724618056	7.203097934
6.760083333	7.203097934
6.795541667	7.135995499
6.831006944	7.203097934
6.866444444	7.169546716
6.901909722	7.169546716
6.937361111	7.169546716
6.9728125	7.169546716
7.008277778	7.169546716
7.04375	7.203097934
7.079201389	7.203097934
7.114666667	7.169546716
7.150125	7.236649152
7.185576389	7.203097934
7.221041667	7.169546716
7.256493056	7.169546716
7.291965278	7.203097934
7.327416667	7.203097934
7.362868056	7.203097934
7.398333333	7.236649152
7.433805556	7.236649152
7.469256944	7.27020037
7.504722222	7.236649152
7.5401875	7.27020037
7.575645833	7.203097934
7.611097222	7.236649152
7.646548611	7.236649152
7.682013889	7.236649152
7.7529375	7.236649152
7.788402778	7.27020037
7.823854167	7.27020037
7.859319444	7.236649152
7.894777778	7.27020037
7.930243056	7.236649152
7.965694444	7.27020037
8.001166667	7.27020037
8.036618056	7.27020037
8.072069444	7.27020037
8.107520833	7.27020037
8.142986111	7.203097934
8.178451389	7.27020037
8.213902778	7.27020037
8.249361111	7.203097934
8.284840278	7.27020037
8.320277778	7.27020037
8.35575	7.27020037
8.391201389	7.303751587
8.426652778	7.27020037
8.462118056	7.303751587
8.497583333	7.27020037
8.533034722	7.303751587
8.568493056	7.27020037
8.603944444	7.236649152
8.639409722	7.27020037
8.674875	7.27020037
8.710326389	7.303751587
8.745777778	7.303751587
8.781236111	7.337302805
8.816715278	7.337302805
8.852152778	7.303751587
8.887618056	7.303751587
8.923076389	7.236649152
8.958541667	7.303751587
8.993993056	7.303751587
9.029444444	7.303751587
9.064909722	7.303751587
9.100361111	7.236649152
9.135833333	7.303751587
9.171284722	7.303751587
9.206736111	7.303751587
9.242201389	7.337302805
9.277659722	7.27020037
9.313111111	7.27020037
9.348590278	7.337302805
9.384041667	7.303751587
9.419493056	7.337302805
9.454951389	7.337302805
9.490395833	7.337302805
9.525854167	7.337302805
9.561305556	7.370854023
9.596770833	7.370854023
9.632236111	7.27020037
9.667694444	7.337302805
9.703159722	7.370854023
9.738625	7.370854023
9.774076389	7.370854023
9.809527778	7.370854023
9.844986111	7.337302805
9.8804375	7.303751587
9.915888889	7.303751587
9.951340278	7.303751587
9.986805556	7.303751587
10.02227083	7.370854023
10.05772917	7.370854023
10.09318056	7.370854023
10.12863194	7.370854023
10.16408333	7.337302805
10.19954861	7.370854023
10.23501389	7.303751587
10.27047222	7.40440524
10.30592361	7.40440524
10.341375	7.370854023
10.37684028	7.40440524
10.41229167	7.40440524
10.44775694	7.303751587
10.48321528	7.303751587
10.51879861	7.337302805
10.55414583	7.370854023
10.58958333	7.370854023
10.62503472	7.370854023
10.6605	7.370854023
10.69595833	7.40440524
10.73140972	7.337302805
10.76688889	7.370854023
10.80234028	7.40440524
10.83779167	7.40440524
10.87325	7.40440524
10.90871528	7.370854023
10.94418056	7.40440524
10.97961806	7.40440524
11.01508333	7.370854023
11.05054167	7.337302805
11.08599306	7.337302805
11.12147222	7.40440524
11.15690972	7.40440524
11.19238194	7.40440524
11.22783333	7.40440524
11.26329861	7.40440524
11.29876389	7.40440524
11.33422222	7.40440524
11.36966667	7.40440524
11.405125	7.40440524
11.44060417	7.40440524
11.47605556	7.437956458
11.51150694	7.40440524
11.54696528	7.40440524
11.58241667	7.337302805
11.61789583	7.40440524
11.65334722	7.437956458
11.68879861	7.437956458
11.72425	7.437956458
11.75970139	7.370854023
11.79515972	7.370854023
11.830625	7.437956458
11.86607639	7.437956458
11.90154167	7.437956458
11.93699306	7.471507676
11.97244444	7.437956458
12.00790278	7.471507676
12.04335417	7.471507676
12.07881944	7.40440524
12.11428472	7.437956458
12.14974306	7.471507676
12.18520833	7.471507676
12.22065972	7.40440524
12.25613194	7.437956458
12.29159722	7.437956458
12.32703472	7.437956458
12.3625	7.471507676
12.39796528	7.437956458
12.43341667	7.437956458
12.468875	7.437956458
12.50434028	7.471507676
12.53979167	7.471507676
12.57524306	7.471507676
12.61070833	7.471507676
12.64615972	7.471507676
12.68161111	7.471507676
12.71706944	7.471507676
12.75252083	7.471507676
12.76876389	7.40440524
12.77056944	7.471507676
12.77678472	7.471507676
12.80564583	7.505058894
12.841125	7.505058894
12.87657639	7.471507676
12.91204861	7.471507676
12.9475	7.505058894
12.98296528	7.437956458
13.01842361	7.505058894
13.053875	7.505058894
13.08932639	7.505058894
13.12479167	7.437956458
13.16025694	7.505058894
13.19571528	7.505058894
13.23116667	7.505058894
13.26661806	7.505058894
13.30208333	7.505058894
13.33755556	7.505058894
13.37300694	7.505058894
13.40845833	7.505058894
13.44392361	7.505058894
13.479375	7.437956458
13.51484028	7.471507676
13.55029167	7.471507676
13.58575	7.471507676
13.62120139	7.471507676
13.65668056	7.471507676
13.69213889	7.505058894
13.72759028	7.505058894
13.76304167	7.505058894
13.79849306	7.605712547
13.81189583	7.505058894
13.81380556	7.538610111
13.82161806	7.505058894
13.85302083	7.538610111
13.88847222	7.505058894
13.92392361	7.505058894
13.959375	7.505058894
13.99484028	7.505058894
14.03029167	7.538610111
14.06575	7.471507676
14.10120139	7.471507676
14.13668056	7.538610111
14.17213194	7.505058894
14.20759028	7.505058894
14.24304167	7.505058894
14.27850694	7.505058894
14.31395833	7.471507676
14.34943056	7.505058894
14.38489583	7.505058894
14.42034722	7.505058894
14.4558125	7.505058894
14.49126389	7.471507676
14.52673611	7.505058894
14.5621875	7.538610111
14.59765278	7.538610111
14.63309028	7.538610111
14.66854167	7.471507676
14.70400694	7.538610111
14.73946528	7.505058894
14.77493056	7.538610111
14.81039583	7.471507676
14.81974306	7.40440524
14.82175694	7.437956458
14.83086806	7.437956458
14.86366667	7.437956458
14.89914583	7.437956458
14.93459722	7.437956458
14.97004861	7.471507676
15.00550694	7.437956458
15.04095833	7.437956458
15.11189583	7.437956458
15.14734028	7.471507676
15.18279167	7.471507676
15.21825	7.437956458
15.25371528	7.437956458
15.28916667	7.437956458
15.32463194	7.437956458
15.36009028	7.471507676
15.43100694	7.471507676
15.46647222	7.471507676
15.50193056	7.437956458
15.53739583	7.471507676
15.57284722	7.437956458
15.6083125	7.471507676
15.64376389	7.471507676
15.67922222	7.471507676
15.71467361	7.505058894
15.75015278	7.471507676
15.78560417	7.471507676
15.82105556	7.471507676
15.85651389	7.505058894
15.89197917	7.437956458
15.92743056	7.437956458
15.96289583	7.505058894
15.99834722	7.505058894
16.03380556	7.471507676
16.06927083	7.505058894
16.10472222	7.471507676
16.1401875	7.471507676
16.17563889	7.505058894
16.21109028	7.471507676
16.24654861	7.471507676
16.28201389	7.437956458
16.31747917	7.505058894
16.3529375	7.505058894
16.38838889	7.505058894
16.42384028	7.505058894
16.45930556	7.505058894
16.49475694	7.437956458
16.53022917	7.471507676
16.56568056	7.505058894
16.60113194	7.505058894
16.63659722	7.538610111
16.67204861	7.505058894
16.70751389	7.437956458
16.74296528	7.437956458
16.7784375	7.505058894
16.813875	7.538610111
16.84934028	7.538610111
16.88479167	7.538610111
16.92025694	7.538610111
16.95570833	7.538610111
16.99115972	7.538610111
17.02661806	7.538610111
17.06206944	7.505058894
17.09754861	7.538610111
17.13298611	7.505058894
17.16845139	7.538610111
17.20390972	7.538610111
17.23936111	7.538610111
17.2748125	7.538610111
17.31027778	7.538610111
17.34575	7.538610111
17.38120139	7.538610111
17.41665278	7.538610111
17.45210417	7.538610111
17.48756944	7.538610111
17.52302083	7.538610111
17.55848611	7.538610111
17.5939375	7.471507676
17.62940972	7.538610111
17.664875	7.572161329
17.7003125	7.538610111
17.73577778	7.572161329
17.77122917	7.572161329
17.80670139	7.538610111
17.84215278	7.505058894
17.87760417	7.505058894
17.91307639	7.572161329
17.94852778	7.572161329
17.98397917	7.572161329
18.01944444	7.572161329
18.05489583	7.572161329
18.09036111	7.572161329
18.12581944	7.572161329
18.16127083	7.538610111
18.19675	7.605712547
18.2321875	7.505058894
18.26765972	7.538610111
18.30311111	7.572161329
18.3385625	7.572161329
18.37401389	7.572161329
18.40946528	7.572161329
18.44491667	7.572161329
18.48038194	7.572161329
18.51584722	7.505058894
18.55129861	7.538610111
18.58675694	7.538610111
18.62222222	7.605712547
18.65767361	7.572161329
18.69313889	7.572161329
18.72859028	7.572161329
18.76404167	7.605712547
18.7995	7.605712547
18.83495139	7.605712547
18.87041667	7.605712547
18.90586806	7.572161329
18.94133333	7.639263764
18.97679167	7.605712547
19.01224306	7.605712547
19.04770833	7.605712547
19.08315972	7.538610111
19.118625	7.572161329
19.15407639	7.572161329
19.18954861	7.605712547
19.225	7.605712547
19.26045139	7.605712547
19.29591667	7.639263764
19.331375	7.639263764
19.36682639	7.538610111
19.40230556	7.605712547
19.43776389	7.605712547
19.47335417	7.605712547
19.50868056	7.605712547
19.54414583	7.572161329
19.57960417	7.572161329
19.61506944	7.605712547
19.65053472	7.605712547
19.68598611	7.605712547
19.7214375	7.605712547
19.75689583	7.605712547
19.79234722	7.572161329
19.8278125	7.605712547
19.86328472	7.605712547
19.89873611	7.605712547
19.9341875	7.639263764
19.96966667	7.605712547
20.00511806	7.572161329
20.04059028	7.605712547
20.07602778	7.605712547
20.11149306	7.605712547
20.14694444	7.572161329
20.18239583	7.572161329
20.21786806	7.605712547
20.25331944	7.605712547
20.28878472	7.605712547
20.32425	7.605712547
20.3596875	7.605712547
20.39515278	7.572161329
20.430625	7.605712547
20.46607639	7.639263764
20.50151389	7.605712547
20.53697917	7.605712547
20.57243056	7.605712547
20.60790278	7.605712547
20.64336806	7.605712547
20.67881944	7.605712547
20.71427083	7.605712547
20.74972222	7.639263764
20.7851875	7.773468635
20.81236111	7.672814982
20.81416667	7.7063662
20.81761806	7.672814982
20.83803472	7.672814982
20.87349306	7.672814982
20.90895833	7.7063662
20.94442361	7.672814982
20.979875	7.672814982
21.01533333	7.672814982
21.05078472	7.672814982
21.08625	7.7063662
21.12172222	7.672814982
21.15716667	7.672814982
21.192625	7.672814982
21.22807639	7.672814982
21.26352778	7.672814982
21.29899306	7.672814982
21.33445833	7.672814982
21.36991667	7.672814982
21.40536806	7.672814982
21.44081944	7.672814982
21.47628472	7.672814982
21.51175	7.672814982
21.54720139	7.639263764
21.58265972	7.7063662
21.618125	7.7063662
21.65357639	7.7063662
21.68902778	7.7063662
21.72449306	7.672814982
21.75996528	7.7063662
21.79540278	7.7063662
21.83088194	7.739917418
21.86633333	7.739917418
21.90179167	7.739917418
21.93724306	7.7063662
21.97269444	7.7063662
22.00815972	7.7063662
22.04361111	7.7063662
22.06236111	7.605712547
22.06422222	7.605712547
22.07090972	7.605712547
22.09990278	7.605712547
22.10170833	7.572161329
22.10427083	7.572161329
22.1186875	7.505058894
22.15402778	7.572161329
22.1895	7.572161329
22.22495139	7.538610111
22.26041667	7.572161329
22.29586806	7.572161329
22.33131944	7.572161329
22.36677778	7.538610111
22.40225694	7.572161329
22.43769444	7.605712547
22.47314583	7.538610111
22.50859722	7.505058894
22.54406944	7.572161329
22.57952083	7.572161329
22.61497222	7.572161329
22.65042361	7.605712547
22.68588889	7.572161329
22.72135417	7.538610111
22.7568125	7.572161329
22.79227778	7.572161329
22.82772917	7.572161329
22.86319444	7.572161329
22.89864583	7.605712547
22.93410417	7.605712547
22.96955556	7.605712547
23.00502083	7.605712547
23.04047222	7.538610111
23.07594444	7.572161329
23.11139583	7.605712547
23.14684722	7.572161329
23.1823125	7.572161329
23.21776389	7.572161329
23.25323611	7.605712547
23.28868056	7.538610111
23.32413889	7.572161329
23.35960417	7.605712547
23.39504167	7.572161329
23.43050694	7.572161329
23.46597222	7.572161329
23.50143056	7.572161329
23.53688194	7.605712547
23.57233333	7.605712547
23.60779861	7.605712547
23.64327083	7.572161329
23.67873611	7.605712547
23.7141875	7.572161329
23.74965278	7.605712547
23.78510417	7.605712547
23.8205625	7.605712547
23.85601389	7.605712547
23.89146528	7.572161329
23.92694444	7.572161329
23.96239583	7.572161329
23.99784722	7.572161329
24.03330556	7.572161329
24.06875694	7.572161329
24.10420833	7.572161329
24.13967361	7.605712547
24.175125	7.605712547
24.21059028	7.538610111
24.24604861	7.605712547
24.28151389	7.605712547
24.31696528	7.572161329
24.35241667	7.605712547
24.38786806	7.605712547
24.42333333	7.572161329
24.45879167	7.505058894
24.49425694	7.572161329
24.52970833	7.572161329
24.56515972	7.572161329
24.60061111	7.572161329
24.63608333	7.538610111
24.67154861	7.605712547
24.70701389	7.572161329
24.74246528	7.605712547
24.77792361	7.605712547
24.813375	7.605712547
24.84882639	7.639263764
24.88429167	7.538610111
24.91975694	7.605712547
24.95521528	7.639263764
24.99068056	7.639263764
25.02614583	7.639263764
25.06159722	7.605712547
25.08165278	7.572161329
25.08345833	7.572161329
25.08838889	7.572161329
25.11434028	7.572161329
25.14979167	7.605712547
25.18525	7.572161329
25.22070139	7.538610111
25.25618056	7.605712547
25.29163194	7.572161329
25.32708333	7.572161329
25.36254167	7.605712547
25.39800694	7.572161329
25.43345833	7.538610111
25.46893056	7.572161329
25.50438194	7.572161329
25.53984722	7.605712547
25.57529861	7.605712547
25.61075	7.605712547
25.64621528	7.605712547
25.68165278	7.605712547
25.71711806	7.605712547
25.75257639	7.605712547
25.78805556	7.605712547
25.82350694	7.605712547
25.85895833	7.605712547
25.89440972	7.605712547
25.92986111	7.605712547
25.96531944	7.605712547
26.00077083	7.639263764
26.03623611	7.639263764
26.0716875	7.605712547
26.10715278	7.572161329
26.14260417	7.639263764
26.17807639	7.639263764
26.21352778	7.605712547
26.24897917	7.605712547
26.28443056	7.639263764
26.31989583	7.572161329
26.35536806	7.605712547
26.39081944	7.639263764
26.42629167	7.605712547
26.46174306	7.605712547
26.49722222	7.639263764
26.53267361	7.605712547
26.568125	7.605712547
26.60358333	7.605712547
26.6390625	7.605712547
26.67451389	7.639263764
26.70996528	7.639263764
26.74541667	7.639263764
26.780875	7.605712547
26.81629167	7.605712547
26.81809722	7.538610111
26.82065972	7.572161329
26.83507639	7.538610111
26.87042361	7.538610111
26.90588889	7.605712547
26.94134028	7.605712547
26.97680556	7.605712547
27.01226389	7.605712547
27.04772917	7.572161329
27.08319444	7.605712547
27.11864583	7.605712547
27.15410417	7.605712547
27.18955556	7.605712547
27.22500694	7.605712547
27.26048611	7.639263764
27.2959375	7.639263764
27.33138889	7.605712547
27.36684722	7.639263764
27.40229861	7.639263764
27.61505556	7.639263764
27.68595833	7.639263764
27.72140972	7.639263764
27.75686111	7.639263764
27.82778472	7.639263764
27.86325	7.639263764
27.89870139	7.639263764
27.93416667	7.639263764
27.96961806	7.639263764
28.00507639	7.639263764
28.04052778	7.672814982
28.14691667	7.639263764
28.18236806	7.672814982
28.21781944	7.639263764
28.25328472	7.639263764
28.28873611	7.639263764
28.3241875	7.672814982
28.35963889	7.639263764
28.39511111	7.639263764
28.4305625	7.639263764
28.46602778	7.672814982
28.50149306	7.672814982
28.53694444	7.672814982
28.57240278	7.672814982
28.64331944	7.639263764
28.67878472	7.672814982
28.71424306	7.639263764
28.74969444	7.672814982
28.78515972	7.672814982
28.82061111	7.639263764
28.85607639	7.7063662
28.89152778	7.672814982
28.92697917	7.672814982
28.9624375	7.672814982
28.99790278	7.672814982
29.03336806	7.672814982
29.06880556	7.7063662
29.10427083	7.7063662
29.13972222	7.672814982
29.17518056	7.639263764
29.21064583	7.672814982
29.24611111	7.672814982
29.28154861	7.7063662
29.31701389	7.672814982
29.35246528	7.672814982
29.38792361	7.672814982
29.42338889	7.672814982
29.45882639	7.672814982
29.49429167	7.672814982
29.52974306	7.639263764
29.56519444	7.672814982
29.60066667	7.7063662
29.63611806	7.7063662
29.67158333	7.7063662
29.70703472	7.7063662
29.74248611	7.7063662
29.77795139	7.7063662
29.81340278	7.7063662
29.848875	7.739917418
29.88432639	7.672814982
29.91979167	7.739917418
29.95524306	7.739917418
29.99069444	7.7063662
30.02616667	7.672814982
30.06163194	7.739917418
30.09709028	7.739917418
30.13254167	7.739917418
30.16800694	7.7063662
30.20347222	7.739917418
30.23893056	7.7063662
30.27438194	7.739917418
30.30984722	7.739917418
30.34529861	7.7063662
30.38075	7.739917418
30.41622222	7.7063662
30.4516875	7.739917418
30.48713889	7.739917418
30.52260417	7.739917418
30.55804167	7.7063662
30.59350694	7.739917418
30.62896528	7.672814982
30.66441667	7.672814982
30.69989583	7.739917418
30.73533333	7.739917418
30.77078472	7.739917418
30.80625	7.672814982
30.84170833	7.739917418
30.87715972	7.7063662
30.912625	7.739917418
30.94809028	7.739917418
30.98354167	7.773468635
31.01901389	7.7063662
31.05447917	7.739917418
31.08993056	7.739917418
31.12536806	7.773468635
31.16083333	7.739917418
31.19629167	7.7063662
31.23175694	7.739917418
31.26722222	7.739917418
31.30267361	7.739917418
31.33813194	7.773468635
31.37358333	7.773468635
31.40904861	7.773468635
31.44451389	7.773468635
31.47996528	7.739917418
31.51541667	7.773468635
31.550875	7.739917418
31.58632639	7.739917418
31.62179167	7.773468635
31.65724306	7.739917418
31.69270833	7.773468635
31.72815972	7.773468635
31.76361806	7.773468635
31.79906944	7.773468635
31.83454861	7.773468635
31.87	7.773468635
31.90545139	7.773468635
31.94090278	7.773468635
31.97635417	7.807019853
32.0118125	7.773468635
32.04726389	7.773468635
32.08272917	7.773468635
32.11820139	7.773468635
32.15365278	7.773468635
32.18910417	7.807019853
32.22455556	7.807019853
32.26002083	7.807019853
32.29547222	7.739917418
32.33094444	7.773468635
32.36638889	7.807019853
32.40184722	7.773468635
32.4373125	7.773468635
32.47277778	7.773468635
32.50823611	7.773468635
32.5436875	7.807019853
32.57913889	7.739917418
32.61459028	7.739917418
32.65006944	7.773468635
32.68552083	7.773468635
32.72097222	7.807019853
32.75643056	7.807019853
32.79189583	7.773468635
32.82736111	7.807019853
32.86279861	7.807019853
32.89826389	7.807019853
32.93372222	7.807019853
32.96917361	7.773468635
33.00465278	7.807019853
33.04010417	7.807019853
33.0755625	7.807019853
33.11101389	7.739917418
33.14649306	7.807019853
33.18194444	7.807019853
33.21739583	7.773468635
33.25284722	7.807019853
33.28830556	7.773468635
33.32377083	7.773468635
33.35922222	7.739917418
33.3946875	7.739917418
33.43014583	7.807019853
33.46559722	7.807019853
33.50104861	7.807019853
33.53651389	7.807019853
33.57196528	7.807019853
33.60743056	7.807019853
33.64288194	7.807019853
33.67834028	7.739917418
33.71380556	7.840571071
33.74927083	7.807019853
33.76132639	7.807019853
33.76323611	7.807019853
33.77104167	7.840571071
33.80243056	7.807019853
33.83788194	7.807019853
33.87333333	7.807019853
33.90879167	7.773468635
33.94425694	7.807019853
33.97970833	7.807019853
34.01515972	7.840571071
34.05061111	7.807019853
34.08607639	7.807019853
34.12152778	7.807019853
34.15698611	7.807019853
34.19245139	7.807019853
34.22790278	7.807019853
34.26336806	7.807019853
34.29881944	7.807019853
34.33427778	7.807019853
34.36974306	7.807019853
34.40520833	7.807019853
34.44064583	7.840571071
34.47611111	7.807019853
34.47611111	7.807019853
34.47611111	7.807019853
34.47611111	7.807019853
34.47611111	7.807019853
34.47611111	7.807019853
34.47611111	7.807019853
34.47611111	7.807019853
34.47611111	7.807019853
34.47611111	7.807019853
34.47611111	7.807019853
34.47611111	7.807019853
34.47611111	7.807019853
34.47611111	7.807019853
34.47611111	7.807019853
34.47611111	7.807019853
34.47611111	7.807019853
34.47611111	7.807019853
34.47611111	7.807019853
34.47611111	7.807019853
34.47611111	7.807019853
34.47611111	7.807019853
34.47611111	7.807019853
34.47611111	7.807019853
