HEADER	
'time'	'average water saturation'
UNITS	
'hour'	'none'
6.94E-06	3.50E-01
8.83E-06	3.50E-01
9.34E-06	3.50E-01
9.95E-06	3.50E-01
1.07E-05	3.50E-01
1.16E-05	3.50E-01
1.26E-05	3.50E-01
1.39E-05	3.50E-01
1.54E-05	3.50E-01
1.72E-05	3.50E-01
1.94E-05	3.50E-01
2.20E-05	3.50E-01
2.52E-05	3.50E-01
2.90E-05	3.50E-01
3.35E-05	3.50E-01
3.90E-05	3.50E-01
4.55E-05	3.50E-01
5.33E-05	3.50E-01
6.27E-05	3.49E-01
7.40E-05	3.49E-01
8.76E-05	3.49E-01
1.04E-04	3.49E-01
1.23E-04	3.49E-01
1.47E-04	3.49E-01
1.75E-04	3.49E-01
2.09E-04	3.49E-01
2.49E-04	3.49E-01
2.98E-04	3.49E-01
3.56E-04	3.49E-01
4.26E-04	3.49E-01
5.10E-04	3.49E-01
6.10E-04	3.49E-01
7.31E-04	3.49E-01
8.76E-04	3.48E-01
1.05E-03	3.48E-01
1.26E-03	3.48E-01
1.51E-03	3.48E-01
1.81E-03	3.48E-01
2.17E-03	3.47E-01
2.60E-03	3.47E-01
3.12E-03	3.47E-01
3.75E-03	3.46E-01
4.49E-03	3.46E-01
5.39E-03	3.45E-01
6.47E-03	3.45E-01
7.76E-03	3.44E-01
9.31E-03	3.43E-01
1.12E-02	3.43E-01
1.34E-02	3.42E-01
1.61E-02	3.41E-01
1.93E-02	3.39E-01
2.32E-02	3.38E-01
2.78E-02	3.36E-01
3.34E-02	3.35E-01
4.00E-02	3.32E-01
4.80E-02	3.30E-01
5.76E-02	3.27E-01
6.91E-02	3.24E-01
8.30E-02	3.21E-01
9.96E-02	3.16E-01
1.19E-01	3.11E-01
1.41E-01	3.06E-01
1.66E-01	3.00E-01
1.96E-01	2.94E-01
2.33E-01	2.87E-01
2.76E-01	2.79E-01
3.28E-01	2.70E-01
3.91E-01	2.62E-01
4.66E-01	2.54E-01
5.56E-01	2.46E-01
6.65E-01	2.38E-01
7.94E-01	2.32E-01
9.35E-01	2.26E-01
1.09E+00	2.21E-01
1.27E+00	2.17E-01
1.47E+00	2.13E-01
1.71E+00	2.09E-01
1.98E+00	2.06E-01
2.29E+00	2.03E-01
2.66E+00	2.00E-01
3.09E+00	1.97E-01
3.59E+00	1.95E-01
4.00E+00	1.93E-01
4.00E+00	1.93E-01
4.00E+00	1.93E-01
4.00E+00	1.93E-01
4.00E+00	1.93E-01
4.00E+00	1.93E-01
4.00E+00	1.93E-01
4.00E+00	1.93E-01
4.00E+00	1.93E-01
4.00E+00	1.94E-01
4.00E+00	1.94E-01
4.00E+00	1.94E-01
4.00E+00	1.94E-01
4.00E+00	1.94E-01
4.00E+00	1.94E-01
4.00E+00	1.94E-01
4.00E+00	1.94E-01
4.00E+00	1.95E-01
4.00E+00	1.95E-01
4.00E+00	1.95E-01
4.00E+00	1.95E-01
4.00E+00	1.96E-01
4.00E+00	1.96E-01
4.00E+00	1.96E-01
4.00E+00	1.96E-01
4.00E+00	1.97E-01
4.00E+00	1.97E-01
4.00E+00	1.97E-01
4.00E+00	1.98E-01
4.00E+00	1.98E-01
4.00E+00	1.99E-01
4.00E+00	1.99E-01
4.00E+00	2.00E-01
4.00E+00	2.01E-01
4.00E+00	2.01E-01
4.00E+00	2.02E-01
4.00E+00	2.02E-01
4.00E+00	2.03E-01
4.00E+00	2.04E-01
4.00E+00	2.05E-01
4.00E+00	2.06E-01
4.00E+00	2.06E-01
4.00E+00	2.07E-01
4.00E+00	2.08E-01
4.00E+00	2.09E-01
4.00E+00	2.10E-01
4.00E+00	2.11E-01
4.00E+00	2.11E-01
4.00E+00	2.12E-01
4.00E+00	2.13E-01
4.00E+00	2.14E-01
4.00E+00	2.15E-01
4.00E+00	2.16E-01
4.00E+00	2.17E-01
4.00E+00	2.18E-01
4.00E+00	2.19E-01
4.00E+00	2.19E-01
4.01E+00	2.20E-01
4.01E+00	2.21E-01
4.01E+00	2.22E-01
4.01E+00	2.24E-01
4.01E+00	2.24E-01
4.01E+00	2.25E-01
4.01E+00	2.26E-01
4.01E+00	2.27E-01
4.01E+00	2.28E-01
4.01E+00	2.29E-01
4.01E+00	2.30E-01
4.01E+00	2.31E-01
4.01E+00	2.32E-01
4.01E+00	2.33E-01
4.01E+00	2.34E-01
4.01E+00	2.35E-01
4.01E+00	2.36E-01
4.01E+00	2.38E-01
4.01E+00	2.39E-01
4.01E+00	2.40E-01
4.01E+00	2.41E-01
4.01E+00	2.42E-01
4.01E+00	2.43E-01
4.01E+00	2.44E-01
4.01E+00	2.45E-01
4.01E+00	2.46E-01
4.01E+00	2.47E-01
4.01E+00	2.48E-01
4.01E+00	2.49E-01
4.01E+00	2.50E-01
4.01E+00	2.51E-01
4.01E+00	2.52E-01
4.02E+00	2.54E-01
4.02E+00	2.55E-01
4.02E+00	2.56E-01
4.02E+00	2.57E-01
4.02E+00	2.58E-01
4.02E+00	2.59E-01
4.02E+00	2.60E-01
4.02E+00	2.61E-01
4.02E+00	2.63E-01
4.02E+00	2.64E-01
4.02E+00	2.65E-01
4.02E+00	2.66E-01
4.02E+00	2.67E-01
4.02E+00	2.68E-01
4.02E+00	2.69E-01
4.02E+00	2.71E-01
4.02E+00	2.72E-01
4.02E+00	2.73E-01
4.03E+00	2.74E-01
4.03E+00	2.75E-01
4.03E+00	2.76E-01
4.03E+00	2.78E-01
4.03E+00	2.79E-01
4.03E+00	2.80E-01
4.03E+00	2.81E-01
4.03E+00	2.82E-01
4.03E+00	2.83E-01
4.03E+00	2.85E-01
4.03E+00	2.86E-01
4.03E+00	2.88E-01
4.04E+00	2.89E-01
4.04E+00	2.90E-01
4.04E+00	2.91E-01
4.04E+00	2.92E-01
4.04E+00	2.94E-01
4.04E+00	2.95E-01
4.04E+00	2.97E-01
4.04E+00	2.98E-01
4.04E+00	2.99E-01
4.05E+00	3.00E-01
4.05E+00	3.02E-01
4.05E+00	3.03E-01
4.05E+00	3.05E-01
4.05E+00	3.06E-01
4.05E+00	3.07E-01
4.06E+00	3.09E-01
4.06E+00	3.10E-01
4.06E+00	3.12E-01
4.06E+00	3.13E-01
4.06E+00	3.15E-01
4.07E+00	3.16E-01
4.07E+00	3.18E-01
4.07E+00	3.19E-01
4.07E+00	3.21E-01
4.08E+00	3.22E-01
4.08E+00	3.24E-01
4.08E+00	3.26E-01
4.09E+00	3.28E-01
4.09E+00	3.29E-01
4.09E+00	3.31E-01
4.10E+00	3.33E-01
4.10E+00	3.35E-01
4.11E+00	3.36E-01
4.12E+00	3.38E-01
4.12E+00	3.41E-01
4.13E+00	3.43E-01
4.14E+00	3.45E-01
4.16E+00	3.47E-01
4.17E+00	3.50E-01
4.19E+00	3.52E-01
4.21E+00	3.55E-01
4.24E+00	3.57E-01
4.27E+00	3.60E-01
4.31E+00	3.62E-01
4.35E+00	3.64E-01
4.41E+00	3.66E-01
4.47E+00	3.68E-01
4.55E+00	3.70E-01
4.65E+00	3.71E-01
4.76E+00	3.73E-01
4.90E+00	3.74E-01
5.06E+00	3.75E-01
5.26E+00	3.77E-01
5.49E+00	3.78E-01
5.77E+00	3.79E-01
6.11E+00	3.80E-01
6.52E+00	3.81E-01
7.00E+00	3.82E-01
7.59E+00	3.83E-01
8.00E+00	3.84E-01
8.00E+00	3.84E-01
8.00E+00	3.84E-01
8.00E+00	3.84E-01
8.00E+00	3.84E-01
8.00E+00	3.84E-01
8.00E+00	3.84E-01
8.00E+00	3.84E-01
8.00E+00	3.84E-01
8.00E+00	3.84E-01
8.00E+00	3.84E-01
8.00E+00	3.84E-01
8.00E+00	3.84E-01
8.00E+00	3.85E-01
8.00E+00	3.85E-01
8.00E+00	3.85E-01
8.00E+00	3.85E-01
8.00E+00	3.86E-01
8.00E+00	3.86E-01
8.00E+00	3.87E-01
8.00E+00	3.87E-01
8.00E+00	3.88E-01
8.00E+00	3.88E-01
8.00E+00	3.89E-01
8.00E+00	3.90E-01
8.00E+00	3.91E-01
8.00E+00	3.93E-01
8.00E+00	3.93E-01
8.00E+00	3.94E-01
8.00E+00	3.95E-01
8.00E+00	3.96E-01
8.01E+00	3.97E-01
8.01E+00	3.98E-01
8.01E+00	3.99E-01
8.01E+00	4.00E-01
8.01E+00	4.01E-01
8.01E+00	4.02E-01
8.01E+00	4.03E-01
8.01E+00	4.04E-01
8.01E+00	4.05E-01
8.01E+00	4.06E-01
8.01E+00	4.07E-01
8.01E+00	4.08E-01
8.01E+00	4.09E-01
8.01E+00	4.11E-01
8.01E+00	4.11E-01
8.01E+00	4.12E-01
8.01E+00	4.13E-01
8.02E+00	4.14E-01
8.02E+00	4.15E-01
8.02E+00	4.16E-01
8.02E+00	4.18E-01
8.02E+00	4.19E-01
8.02E+00	4.20E-01
8.02E+00	4.21E-01
8.02E+00	4.22E-01
8.02E+00	4.23E-01
8.02E+00	4.24E-01
8.02E+00	4.25E-01
8.03E+00	4.27E-01
8.03E+00	4.28E-01
8.03E+00	4.29E-01
8.03E+00	4.31E-01
8.03E+00	4.32E-01
8.03E+00	4.33E-01
8.03E+00	4.34E-01
8.04E+00	4.35E-01
8.04E+00	4.36E-01
8.04E+00	4.37E-01
8.04E+00	4.39E-01
8.05E+00	4.40E-01
8.05E+00	4.42E-01
8.05E+00	4.43E-01
8.05E+00	4.44E-01
8.05E+00	4.45E-01
8.06E+00	4.47E-01
8.06E+00	4.48E-01
8.07E+00	4.50E-01
8.07E+00	4.51E-01
8.08E+00	4.53E-01
8.08E+00	4.55E-01
8.09E+00	4.56E-01
8.10E+00	4.58E-01
8.11E+00	4.60E-01
8.12E+00	4.61E-01
8.13E+00	4.63E-01
8.15E+00	4.64E-01
8.17E+00	4.66E-01
8.19E+00	4.68E-01
8.22E+00	4.69E-01
8.25E+00	4.70E-01
8.29E+00	4.72E-01
8.33E+00	4.73E-01
8.39E+00	4.74E-01
8.46E+00	4.75E-01
8.54E+00	4.76E-01
8.64E+00	4.77E-01
8.75E+00	4.78E-01
8.89E+00	4.79E-01
9.06E+00	4.80E-01
9.26E+00	4.81E-01
9.50E+00	4.82E-01
9.79E+00	4.83E-01
1.01E+01	4.85E-01
1.06E+01	4.86E-01
1.11E+01	4.87E-01
1.17E+01	4.88E-01
1.24E+01	4.90E-01
1.32E+01	4.91E-01
1.40E+01	4.93E-01
1.40E+01	4.93E-01
1.40E+01	4.93E-01
1.40E+01	4.93E-01
1.40E+01	4.93E-01
1.40E+01	4.93E-01
1.40E+01	4.93E-01
1.40E+01	4.93E-01
1.40E+01	4.93E-01
1.40E+01	4.93E-01
1.40E+01	4.93E-01
1.40E+01	4.93E-01
1.40E+01	4.93E-01
1.40E+01	4.93E-01
1.40E+01	4.94E-01
1.40E+01	4.94E-01
1.40E+01	4.94E-01
1.40E+01	4.94E-01
1.40E+01	4.94E-01
1.40E+01	4.95E-01
1.40E+01	4.95E-01
1.40E+01	4.95E-01
1.40E+01	4.96E-01
1.40E+01	4.97E-01
1.40E+01	4.97E-01
1.40E+01	4.98E-01
1.40E+01	4.99E-01
1.40E+01	4.99E-01
1.40E+01	5.00E-01
1.40E+01	5.01E-01
1.40E+01	5.02E-01
1.40E+01	5.03E-01
1.40E+01	5.04E-01
1.40E+01	5.05E-01
1.40E+01	5.05E-01
1.40E+01	5.06E-01
1.40E+01	5.07E-01
1.40E+01	5.08E-01
1.40E+01	5.09E-01
1.40E+01	5.10E-01
1.40E+01	5.11E-01
1.40E+01	5.12E-01
1.40E+01	5.13E-01
1.40E+01	5.13E-01
1.40E+01	5.14E-01
1.40E+01	5.15E-01
1.40E+01	5.16E-01
1.40E+01	5.16E-01
1.40E+01	5.17E-01
1.40E+01	5.18E-01
1.40E+01	5.20E-01
1.40E+01	5.21E-01
1.40E+01	5.21E-01
1.40E+01	5.22E-01
1.40E+01	5.23E-01
1.40E+01	5.24E-01
1.40E+01	5.25E-01
1.40E+01	5.25E-01
1.40E+01	5.26E-01
1.40E+01	5.27E-01
1.40E+01	5.28E-01
1.40E+01	5.30E-01
1.40E+01	5.31E-01
1.40E+01	5.32E-01
1.40E+01	5.32E-01
1.40E+01	5.33E-01
1.40E+01	5.34E-01
1.40E+01	5.35E-01
1.40E+01	5.36E-01
1.40E+01	5.37E-01
1.40E+01	5.38E-01
1.40E+01	5.39E-01
1.40E+01	5.40E-01
1.40E+01	5.41E-01
1.40E+01	5.42E-01
1.40E+01	5.43E-01
1.40E+01	5.44E-01
1.40E+01	5.45E-01
1.40E+01	5.46E-01
1.40E+01	5.47E-01
1.40E+01	5.47E-01
1.40E+01	5.48E-01
1.40E+01	5.49E-01
1.40E+01	5.51E-01
1.40E+01	5.52E-01
1.40E+01	5.53E-01
1.40E+01	5.54E-01
1.40E+01	5.55E-01
1.40E+01	5.57E-01
1.40E+01	5.58E-01
1.40E+01	5.59E-01
1.40E+01	5.60E-01
1.40E+01	5.61E-01
1.41E+01	5.62E-01
1.41E+01	5.63E-01
1.41E+01	5.64E-01
1.41E+01	5.65E-01
1.41E+01	5.66E-01
1.41E+01	5.68E-01
1.41E+01	5.69E-01
1.41E+01	5.70E-01
1.41E+01	5.72E-01
1.41E+01	5.73E-01
1.41E+01	5.74E-01
1.41E+01	5.76E-01
1.42E+01	5.77E-01
1.42E+01	5.78E-01
1.42E+01	5.79E-01
1.43E+01	5.80E-01
1.43E+01	5.81E-01
1.44E+01	5.82E-01
1.44E+01	5.83E-01
1.45E+01	5.83E-01
1.46E+01	5.84E-01
1.47E+01	5.85E-01
1.49E+01	5.86E-01
1.50E+01	5.87E-01
1.52E+01	5.88E-01
1.55E+01	5.89E-01
1.58E+01	5.90E-01
1.61E+01	5.92E-01
1.65E+01	5.93E-01
1.70E+01	5.95E-01
1.76E+01	5.96E-01
1.83E+01	5.98E-01
1.92E+01	5.99E-01
2.02E+01	6.01E-01
2.15E+01	6.03E-01
2.29E+01	6.04E-01
2.47E+01	6.05E-01
2.67E+01	6.06E-01
2.85E+01	6.07E-01
2.88E+01	6.07E-01
2.89E+01	6.07E-01
2.91E+01	6.07E-01
2.92E+01	6.07E-01
2.92E+01	6.07E-01
2.93E+01	6.07E-01
2.94E+01	6.07E-01
2.95E+01	6.07E-01
2.97E+01	6.07E-01
2.97E+01	6.07E-01
2.98E+01	6.08E-01
2.99E+01	6.08E-01
3.00E+01	6.08E-01
3.01E+01	6.08E-01
3.02E+01	6.08E-01
3.03E+01	6.08E-01
3.03E+01	6.08E-01
3.04E+01	6.08E-01
3.05E+01	6.08E-01
3.06E+01	6.08E-01
3.07E+01	6.08E-01
3.08E+01	6.08E-01
3.09E+01	6.08E-01
3.10E+01	6.08E-01
3.11E+01	6.08E-01
3.12E+01	6.08E-01
3.14E+01	6.08E-01
3.15E+01	6.08E-01
3.16E+01	6.08E-01
3.17E+01	6.08E-01
3.18E+01	6.08E-01
3.19E+01	6.08E-01
3.21E+01	6.08E-01
3.22E+01	6.08E-01
3.23E+01	6.08E-01
3.25E+01	6.08E-01
3.26E+01	6.08E-01
3.27E+01	6.08E-01
3.29E+01	6.08E-01
3.30E+01	6.08E-01
3.31E+01	6.08E-01
3.33E+01	6.08E-01
3.34E+01	6.08E-01
3.36E+01	6.08E-01
3.37E+01	6.08E-01
3.39E+01	6.08E-01
3.41E+01	6.08E-01
3.42E+01	6.08E-01
3.44E+01	6.08E-01
3.46E+01	6.09E-01
3.48E+01	6.09E-01
3.50E+01	6.09E-01
3.52E+01	6.09E-01
3.54E+01	6.09E-01
3.56E+01	6.09E-01
3.59E+01	6.09E-01
3.61E+01	6.09E-01
3.64E+01	6.09E-01
3.67E+01	6.09E-01
3.70E+01	6.09E-01
3.73E+01	6.09E-01
3.77E+01	6.09E-01
3.80E+01	6.09E-01
3.80E+01	6.09E-01
3.80E+01	6.09E-01
3.80E+01	6.09E-01
3.80E+01	6.09E-01
3.80E+01	6.09E-01
3.80E+01	6.09E-01
3.80E+01	6.09E-01
3.80E+01	6.09E-01
3.80E+01	6.09E-01
3.80E+01	6.09E-01
3.80E+01	6.09E-01
3.80E+01	6.09E-01
3.80E+01	6.09E-01
3.80E+01	6.09E-01
3.80E+01	6.10E-01
3.80E+01	6.10E-01
3.80E+01	6.10E-01
3.80E+01	6.10E-01
3.80E+01	6.10E-01
3.80E+01	6.10E-01
3.80E+01	6.11E-01
3.80E+01	6.11E-01
3.80E+01	6.11E-01
3.80E+01	6.12E-01
3.80E+01	6.12E-01
3.80E+01	6.13E-01
3.80E+01	6.13E-01
3.80E+01	6.14E-01
3.80E+01	6.15E-01
3.80E+01	6.15E-01
3.80E+01	6.16E-01
3.80E+01	6.17E-01
3.80E+01	6.17E-01
3.80E+01	6.18E-01
3.80E+01	6.19E-01
3.80E+01	6.19E-01
3.80E+01	6.20E-01
3.80E+01	6.21E-01
3.80E+01	6.21E-01
3.80E+01	6.22E-01
3.80E+01	6.23E-01
3.80E+01	6.24E-01
3.80E+01	6.25E-01
3.80E+01	6.26E-01
3.80E+01	6.26E-01
3.80E+01	6.27E-01
3.80E+01	6.28E-01
3.80E+01	6.29E-01
3.80E+01	6.29E-01
3.80E+01	6.30E-01
3.80E+01	6.31E-01
3.80E+01	6.31E-01
3.80E+01	6.32E-01
3.80E+01	6.33E-01
3.80E+01	6.33E-01
3.80E+01	6.34E-01
3.80E+01	6.35E-01
3.80E+01	6.36E-01
3.80E+01	6.37E-01
3.80E+01	6.38E-01
3.80E+01	6.39E-01
3.80E+01	6.40E-01
3.80E+01	6.41E-01
3.80E+01	6.42E-01
3.80E+01	6.43E-01
3.81E+01	6.43E-01
3.81E+01	6.44E-01
3.81E+01	6.45E-01
3.81E+01	6.46E-01
3.81E+01	6.46E-01
3.81E+01	6.47E-01
3.81E+01	6.47E-01
3.81E+01	6.48E-01
3.82E+01	6.48E-01
3.82E+01	6.48E-01
3.82E+01	6.49E-01
3.83E+01	6.49E-01
3.83E+01	6.50E-01
3.84E+01	6.50E-01
3.85E+01	6.50E-01
3.86E+01	6.51E-01
3.87E+01	6.51E-01
3.88E+01	6.52E-01
3.89E+01	6.52E-01
3.91E+01	6.53E-01
3.93E+01	6.53E-01
3.96E+01	6.54E-01
3.99E+01	6.54E-01
4.03E+01	6.54E-01
4.08E+01	6.55E-01
4.13E+01	6.55E-01
4.20E+01	6.55E-01
4.27E+01	6.56E-01
4.35E+01	6.56E-01
4.44E+01	6.56E-01
4.54E+01	6.57E-01
4.63E+01	6.57E-01
4.73E+01	6.57E-01
4.85E+01	6.57E-01
4.98E+01	6.58E-01
5.14E+01	6.58E-01
5.33E+01	6.58E-01
5.56E+01	6.58E-01
5.83E+01	6.59E-01
6.16E+01	6.59E-01
6.20E+01	6.59E-01
6.20E+01	6.59E-01
6.20E+01	6.59E-01
6.20E+01	6.59E-01
6.20E+01	6.59E-01
6.20E+01	6.59E-01
6.20E+01	6.59E-01
6.20E+01	6.59E-01
6.20E+01	6.59E-01
6.20E+01	6.59E-01
6.20E+01	6.59E-01
6.20E+01	6.59E-01
6.20E+01	6.59E-01
6.20E+01	6.59E-01
6.20E+01	6.59E-01
6.20E+01	6.59E-01
6.20E+01	6.59E-01
6.20E+01	6.59E-01
6.20E+01	6.60E-01
6.20E+01	6.60E-01
6.20E+01	6.60E-01
6.20E+01	6.60E-01
6.20E+01	6.60E-01
6.20E+01	6.60E-01
6.20E+01	6.60E-01
6.20E+01	6.61E-01
6.20E+01	6.61E-01
6.20E+01	6.61E-01
6.20E+01	6.62E-01
6.20E+01	6.62E-01
6.20E+01	6.63E-01
6.20E+01	6.64E-01
6.20E+01	6.64E-01
6.20E+01	6.65E-01
6.20E+01	6.65E-01
6.20E+01	6.66E-01
6.20E+01	6.67E-01
6.20E+01	6.67E-01
6.20E+01	6.68E-01
6.20E+01	6.68E-01
6.20E+01	6.69E-01
6.20E+01	6.69E-01
6.20E+01	6.70E-01
6.20E+01	6.70E-01
6.20E+01	6.71E-01
6.20E+01	6.72E-01
6.20E+01	6.72E-01
6.20E+01	6.73E-01
6.20E+01	6.73E-01
6.20E+01	6.74E-01
6.20E+01	6.75E-01
6.20E+01	6.75E-01
6.20E+01	6.76E-01
6.21E+01	6.76E-01
6.21E+01	6.77E-01
6.21E+01	6.77E-01
6.21E+01	6.77E-01
6.21E+01	6.78E-01
6.21E+01	6.78E-01
6.22E+01	6.78E-01
6.22E+01	6.78E-01
6.22E+01	6.79E-01
6.23E+01	6.79E-01
6.23E+01	6.79E-01
6.24E+01	6.79E-01
6.25E+01	6.80E-01
6.26E+01	6.80E-01
6.27E+01	6.80E-01
6.28E+01	6.80E-01
6.30E+01	6.81E-01
6.32E+01	6.81E-01
6.34E+01	6.81E-01
6.37E+01	6.81E-01
6.40E+01	6.81E-01
6.44E+01	6.82E-01
6.47E+01	6.82E-01
6.48E+01	6.82E-01
6.48E+01	6.82E-01
6.49E+01	6.82E-01
6.49E+01	6.82E-01
6.50E+01	6.82E-01
6.50E+01	6.82E-01
6.51E+01	6.82E-01
6.51E+01	6.82E-01
6.51E+01	6.82E-01
6.52E+01	6.82E-01
6.52E+01	6.82E-01
6.53E+01	6.82E-01
6.53E+01	6.82E-01
6.54E+01	6.82E-01
6.54E+01	6.82E-01
6.55E+01	6.82E-01
6.55E+01	6.82E-01
6.55E+01	6.82E-01
6.56E+01	6.82E-01
6.57E+01	6.82E-01
6.57E+01	6.82E-01
6.58E+01	6.82E-01
6.58E+01	6.82E-01
6.59E+01	6.82E-01
6.59E+01	6.82E-01
6.60E+01	6.82E-01
6.60E+01	6.82E-01
6.61E+01	6.82E-01
6.62E+01	6.82E-01
6.62E+01	6.82E-01
6.63E+01	6.82E-01
6.63E+01	6.82E-01
6.64E+01	6.82E-01
6.65E+01	6.82E-01
6.66E+01	6.82E-01
6.67E+01	6.82E-01
6.67E+01	6.82E-01
6.68E+01	6.82E-01
6.69E+01	6.82E-01
6.70E+01	6.82E-01
6.70E+01	6.82E-01
6.71E+01	6.82E-01
6.72E+01	6.82E-01
6.73E+01	6.82E-01
6.73E+01	6.82E-01
6.74E+01	6.82E-01
6.75E+01	6.82E-01
6.76E+01	6.83E-01
6.77E+01	6.83E-01
6.78E+01	6.83E-01
6.79E+01	6.83E-01
6.80E+01	6.83E-01
6.80E+01	6.83E-01
6.81E+01	6.83E-01
6.82E+01	6.83E-01
6.83E+01	6.83E-01
6.85E+01	6.83E-01
6.85E+01	6.83E-01
6.86E+01	6.83E-01
6.88E+01	6.83E-01
6.89E+01	6.83E-01
6.90E+01	6.83E-01
6.91E+01	6.83E-01
6.92E+01	6.83E-01
6.93E+01	6.83E-01
6.95E+01	6.83E-01
6.96E+01	6.83E-01
6.97E+01	6.83E-01
6.98E+01	6.83E-01
6.99E+01	6.83E-01
7.00E+01	6.83E-01
7.02E+01	6.83E-01
7.03E+01	6.83E-01
7.05E+01	6.83E-01
7.07E+01	6.83E-01
7.08E+01	6.83E-01
7.09E+01	6.83E-01
7.11E+01	6.83E-01
7.13E+01	6.83E-01
7.15E+01	6.83E-01
7.18E+01	6.83E-01
7.20E+01	6.83E-01
7.22E+01	6.83E-01
7.24E+01	6.83E-01
7.27E+01	6.83E-01
7.31E+01	6.84E-01
7.35E+01	6.84E-01
7.38E+01	6.84E-01
7.42E+01	6.84E-01
7.46E+01	6.84E-01
7.51E+01	6.84E-01
7.56E+01	6.84E-01
7.59E+01	6.84E-01
7.63E+01	6.84E-01
7.68E+01	6.84E-01
7.75E+01	6.84E-01
7.82E+01	6.84E-01
7.91E+01	6.84E-01
7.99E+01	6.84E-01
8.10E+01	6.84E-01
8.22E+01	6.85E-01
8.37E+01	6.85E-01
8.55E+01	6.85E-01
8.60E+01	6.85E-01
8.60E+01	6.85E-01
8.60E+01	6.85E-01
8.60E+01	6.85E-01
8.60E+01	6.85E-01
8.60E+01	6.85E-01
8.60E+01	6.85E-01
8.60E+01	6.85E-01
8.60E+01	6.85E-01
8.60E+01	6.85E-01
8.60E+01	6.85E-01
8.60E+01	6.85E-01
8.60E+01	6.85E-01
8.60E+01	6.85E-01
8.60E+01	6.85E-01
8.60E+01	6.85E-01
8.60E+01	6.85E-01
8.60E+01	6.85E-01
8.60E+01	6.85E-01
8.60E+01	6.86E-01
8.60E+01	6.86E-01
8.60E+01	6.86E-01
8.60E+01	6.86E-01
8.60E+01	6.86E-01
8.60E+01	6.86E-01
8.60E+01	6.87E-01
8.60E+01	6.87E-01
8.60E+01	6.87E-01
8.60E+01	6.88E-01
8.60E+01	6.88E-01
8.60E+01	6.88E-01
8.60E+01	6.89E-01
8.60E+01	6.89E-01
8.60E+01	6.90E-01
8.60E+01	6.90E-01
8.60E+01	6.91E-01
8.60E+01	6.91E-01
8.60E+01	6.91E-01
8.60E+01	6.92E-01
8.60E+01	6.92E-01
8.60E+01	6.93E-01
8.60E+01	6.93E-01
8.60E+01	6.94E-01
8.60E+01	6.94E-01
8.60E+01	6.95E-01
8.60E+01	6.95E-01
8.60E+01	6.95E-01
8.60E+01	6.96E-01
8.61E+01	6.96E-01
8.61E+01	6.96E-01
8.61E+01	6.97E-01
8.61E+01	6.97E-01
8.61E+01	6.97E-01
8.61E+01	6.97E-01
8.62E+01	6.97E-01
8.62E+01	6.97E-01
8.62E+01	6.98E-01
8.63E+01	6.98E-01
8.64E+01	6.98E-01
8.64E+01	6.98E-01
8.65E+01	6.98E-01
8.66E+01	6.98E-01
8.67E+01	6.99E-01
8.69E+01	6.99E-01
8.71E+01	6.99E-01
8.73E+01	6.99E-01
8.75E+01	6.99E-01
8.77E+01	6.99E-01
8.79E+01	6.99E-01
8.80E+01	6.99E-01
8.81E+01	6.99E-01
8.81E+01	6.99E-01
8.82E+01	6.99E-01
8.82E+01	6.99E-01
8.82E+01	6.99E-01
8.82E+01	6.99E-01
8.83E+01	6.99E-01
8.83E+01	6.99E-01
8.84E+01	6.99E-01
8.84E+01	6.99E-01
8.84E+01	6.99E-01
8.84E+01	6.99E-01
8.85E+01	6.99E-01
8.85E+01	6.99E-01
8.85E+01	6.99E-01
8.85E+01	6.99E-01
8.86E+01	6.99E-01
8.86E+01	6.99E-01
8.86E+01	6.99E-01
8.86E+01	6.99E-01
8.86E+01	6.99E-01
8.87E+01	6.99E-01
8.87E+01	6.99E-01
8.87E+01	6.99E-01
8.87E+01	6.99E-01
8.87E+01	6.99E-01
8.87E+01	6.99E-01
8.88E+01	6.99E-01
8.88E+01	6.99E-01
8.88E+01	6.99E-01
8.88E+01	6.99E-01
8.89E+01	6.99E-01
8.89E+01	6.99E-01
8.89E+01	6.99E-01
8.89E+01	6.99E-01
8.90E+01	7.00E-01
8.90E+01	7.00E-01
8.90E+01	7.00E-01
8.90E+01	7.00E-01
8.91E+01	7.00E-01
8.91E+01	7.00E-01
8.91E+01	7.00E-01
8.91E+01	7.00E-01
8.92E+01	7.00E-01
8.92E+01	7.00E-01
8.92E+01	7.00E-01
8.93E+01	7.00E-01
8.93E+01	7.00E-01
8.93E+01	7.00E-01
8.94E+01	7.00E-01
8.94E+01	7.00E-01
8.94E+01	7.00E-01
8.95E+01	7.00E-01
8.95E+01	7.00E-01
8.96E+01	7.00E-01
8.96E+01	7.00E-01
8.97E+01	7.00E-01
8.97E+01	7.00E-01
8.98E+01	7.00E-01
8.99E+01	7.00E-01
8.99E+01	7.00E-01
9.00E+01	7.00E-01
9.00E+01	7.00E-01
9.01E+01	7.00E-01
9.01E+01	7.00E-01
9.02E+01	7.00E-01
9.03E+01	7.00E-01
9.03E+01	7.00E-01
9.04E+01	7.00E-01
9.04E+01	7.00E-01
9.05E+01	7.00E-01
9.06E+01	7.00E-01
9.07E+01	7.00E-01
9.08E+01	7.00E-01
9.08E+01	7.00E-01
9.09E+01	7.00E-01
9.10E+01	7.00E-01
9.11E+01	7.00E-01
9.12E+01	7.00E-01
9.14E+01	7.00E-01
9.15E+01	7.00E-01
9.16E+01	7.00E-01
9.17E+01	7.00E-01
9.18E+01	7.00E-01
9.20E+01	7.00E-01
9.22E+01	7.00E-01
9.24E+01	7.00E-01
9.26E+01	7.00E-01
9.28E+01	7.00E-01
9.31E+01	7.00E-01
9.33E+01	7.00E-01
9.35E+01	7.00E-01
9.37E+01	7.00E-01
9.40E+01	7.00E-01
9.43E+01	7.00E-01
9.47E+01	7.01E-01
9.52E+01	7.01E-01
9.55E+01	7.01E-01
9.58E+01	7.01E-01
9.62E+01	7.01E-01
9.67E+01	7.01E-01
9.73E+01	7.01E-01
9.80E+01	7.01E-01
9.87E+01	7.01E-01
9.96E+01	7.01E-01
1.01E+02	7.01E-01
1.02E+02	7.01E-01
1.03E+02	7.02E-01
1.05E+02	7.02E-01
1.07E+02	7.02E-01
1.10E+02	7.02E-01
1.10E+02	7.02E-01