 vertices
          37
    0.0000000000    0.5000000000
    0.2500000000    0.5000000000
    0.5000000000    0.5000000000
    0.5000000000    0.7500000000
    0.5000000000    1.0000000000
    0.2500000000    1.0000000000
    0.0000000000    1.0000000000
    0.0000000000    0.7500000000
    0.1500000000    0.6500000000
    0.3250000000    0.6750000000
    0.3500000000    0.8500000000
    0.1750000000    0.8250000000
    0.7500000000    0.5000000000
    1.0000000000    0.5000000000
    1.0000000000    0.7500000000
    1.0000000000    1.0000000000
    0.7500000000    1.0000000000
    0.6500000000    0.6500000000
    0.8250000000    0.6750000000
    0.8500000000    0.8500000000
    0.6750000000    0.8250000000
    0.0000000000    0.0000000000
    0.2500000000    0.0000000000
    0.5000000000    0.0000000000
    0.5000000000    0.2500000000
    0.0000000000    0.2500000000
    0.1500000000    0.1500000000
    0.3250000000    0.1750000000
    0.3500000000    0.3500000000
    0.1750000000    0.3250000000
    0.7500000000    0.0000000000
    1.0000000000    0.0000000000
    1.0000000000    0.2500000000
    0.6500000000    0.1500000000
    0.8250000000    0.1750000000
    0.8500000000    0.3500000000
    0.6750000000    0.3250000000
 triangles 
          56
       1       2       9
       2      10       9
       2       3      10
       3       4      10
       4      11      10
       4       5      11
       5       6      11
      11       6      12
       6       7      12
       7       8      12
       8       9      12
       8       1       9
       9      10      12
      10      11      12
       3      13      18
      13      19      18
      13      14      19
      14      15      19
      15      20      19
      15      16      20
      16      17      20
      20      17      21
      17       5      21
       5       4      21
       4      18      21
       4       3      18
      18      19      21
      19      20      21
      22      23      27
      23      28      27
      23      24      28
      24      25      28
      25      29      28
      25       3      29
       3       2      29
      29       2      30
       2       1      30
       1      26      30
      26      27      30
      26      22      27
      27      28      30
      28      29      30
      24      31      34
      31      35      34
      31      32      35
      32      33      35
      33      36      35
      33      14      36
      14      13      36
      36      13      37
      13       3      37
       3      25      37
      25      34      37
      25      24      34
      34      35      37
      35      36      37
 quadrangles 
           0
 edges of the boundary 
          16
       1       8
       1      26
       5       6
       6       7
       7       8
      14      15
      15      16
      16      17
      17       5
      22      23
      22      26
      23      24
      24      31
      31      32
      32      33
      33      14
 all edges
          92
       1       2       1      37
       1       8      12       0
       1       9      12       1
       1      26      38       0
       1      30      37      38
       2       3       3      35
       2       9       1       2
       2      10       2       3
       2      29      35      36
       2      30      36      37
       3       4       4      26
       3      10       3       4
       3      13      15      51
       3      18      26      15
       3      25      52      34
       3      29      34      35
       3      37      51      52
       4       5       6      24
       4      10       4       5
       4      11       5       6
       4      18      25      26
       4      21      24      25
       5       6       7       0
       5      11       6       7
       5      17      23       0
       5      21      23      24
       6       7       9       0
       6      11       7       8
       6      12       8       9
       7       8      10       0
       7      12       9      10
       8       9      11      12
       8      12      10      11
       9      10      13       2
       9      12      11      13
      10      11      14       5
      10      12      13      14
      11      12      14       8
      13      14      17      49
      13      18      15      16
      13      19      16      17
      13      36      49      50
      13      37      50      51
      14      15      18       0
      14      19      17      18
      14      33      48       0
      14      36      48      49
      15      16      20       0
      15      19      18      19
      15      20      19      20
      16      17      21       0
      16      20      20      21
      17      20      21      22
      17      21      22      23
      18      19      27      16
      18      21      25      27
      19      20      28      19
      19      21      27      28
      20      21      28      22
      22      23      29       0
      22      26      40       0
      22      27      40      29
      23      24      31       0
      23      27      29      30
      23      28      30      31
      24      25      32      54
      24      28      31      32
      24      31      43       0
      24      34      54      43
      25      28      32      33
      25      29      33      34
      25      34      53      54
      25      37      52      53
      26      27      39      40
      26      30      38      39
      27      28      41      30
      27      30      39      41
      28      29      42      33
      28      30      41      42
      29      30      42      36
      31      32      45       0
      31      34      43      44
      31      35      44      45
      32      33      46       0
      32      35      45      46
      33      35      46      47
      33      36      47      48
      34      35      55      44
      34      37      53      55
      35      36      56      47
      35      37      55      56
      36      37      56      50