 vertices
         481
    0.0000000000    0.8750000000
    0.0625000000    0.8750000000
    0.1250000000    0.8750000000
    0.1250000000    0.9375000000
    0.1250000000    1.0000000000
    0.0625000000    1.0000000000
    0.0000000000    1.0000000000
    0.0000000000    0.9375000000
    0.0375000000    0.9125000000
    0.0812500000    0.9187500000
    0.0875000000    0.9625000000
    0.0437500000    0.9562500000
    0.1875000000    0.8750000000
    0.2500000000    0.8750000000
    0.2500000000    0.9375000000
    0.2500000000    1.0000000000
    0.1875000000    1.0000000000
    0.1625000000    0.9125000000
    0.2062500000    0.9187500000
    0.2125000000    0.9625000000
    0.1687500000    0.9562500000
    0.0000000000    0.7500000000
    0.0625000000    0.7500000000
    0.1250000000    0.7500000000
    0.1250000000    0.8125000000
    0.0000000000    0.8125000000
    0.0375000000    0.7875000000
    0.0812500000    0.7937500000
    0.0875000000    0.8375000000
    0.0437500000    0.8312500000
    0.1875000000    0.7500000000
    0.2500000000    0.7500000000
    0.2500000000    0.8125000000
    0.1625000000    0.7875000000
    0.2062500000    0.7937500000
    0.2125000000    0.8375000000
    0.1687500000    0.8312500000
    0.3125000000    0.8750000000
    0.3750000000    0.8750000000
    0.3750000000    0.9375000000
    0.3750000000    1.0000000000
    0.3125000000    1.0000000000
    0.2875000000    0.9125000000
    0.3312500000    0.9187500000
    0.3375000000    0.9625000000
    0.2937500000    0.9562500000
    0.4375000000    0.8750000000
    0.5000000000    0.8750000000
    0.5000000000    0.9375000000
    0.5000000000    1.0000000000
    0.4375000000    1.0000000000
    0.4125000000    0.9125000000
    0.4562500000    0.9187500000
    0.4625000000    0.9625000000
    0.4187500000    0.9562500000
    0.3125000000    0.7500000000
    0.3750000000    0.7500000000
    0.3750000000    0.8125000000
    0.2875000000    0.7875000000
    0.3312500000    0.7937500000
    0.3375000000    0.8375000000
    0.2937500000    0.8312500000
    0.4375000000    0.7500000000
    0.5000000000    0.7500000000
    0.5000000000    0.8125000000
    0.4125000000    0.7875000000
    0.4562500000    0.7937500000
    0.4625000000    0.8375000000
    0.4187500000    0.8312500000
    0.0000000000    0.6250000000
    0.0625000000    0.6250000000
    0.1250000000    0.6250000000
    0.1250000000    0.6875000000
    0.0000000000    0.6875000000
    0.0375000000    0.6625000000
    0.0812500000    0.6687500000
    0.0875000000    0.7125000000
    0.0437500000    0.7062500000
    0.1875000000    0.6250000000
    0.2500000000    0.6250000000
    0.2500000000    0.6875000000
    0.1625000000    0.6625000000
    0.2062500000    0.6687500000
    0.2125000000    0.7125000000
    0.1687500000    0.7062500000
    0.0000000000    0.5000000000
    0.0625000000    0.5000000000
    0.1250000000    0.5000000000
    0.1250000000    0.5625000000
    0.0000000000    0.5625000000
    0.0375000000    0.5375000000
    0.0812500000    0.5437500000
    0.0875000000    0.5875000000
    0.0437500000    0.5812500000
    0.1875000000    0.5000000000
    0.2500000000    0.5000000000
    0.2500000000    0.5625000000
    0.1625000000    0.5375000000
    0.2062500000    0.5437500000
    0.2125000000    0.5875000000
    0.1687500000    0.5812500000
    0.3125000000    0.6250000000
    0.3750000000    0.6250000000
    0.3750000000    0.6875000000
    0.2875000000    0.6625000000
    0.3312500000    0.6687500000
    0.3375000000    0.7125000000
    0.2937500000    0.7062500000
    0.4375000000    0.6250000000
    0.5000000000    0.6250000000
    0.5000000000    0.6875000000
    0.4125000000    0.6625000000
    0.4562500000    0.6687500000
    0.4625000000    0.7125000000
    0.4187500000    0.7062500000
    0.3125000000    0.5000000000
    0.3750000000    0.5000000000
    0.3750000000    0.5625000000
    0.2875000000    0.5375000000
    0.3312500000    0.5437500000
    0.3375000000    0.5875000000
    0.2937500000    0.5812500000
    0.4375000000    0.5000000000
    0.5000000000    0.5000000000
    0.5000000000    0.5625000000
    0.4125000000    0.5375000000
    0.4562500000    0.5437500000
    0.4625000000    0.5875000000
    0.4187500000    0.5812500000
    0.5625000000    0.8750000000
    0.6250000000    0.8750000000
    0.6250000000    0.9375000000
    0.6250000000    1.0000000000
    0.5625000000    1.0000000000
    0.5375000000    0.9125000000
    0.5812500000    0.9187500000
    0.5875000000    0.9625000000
    0.5437500000    0.9562500000
    0.6875000000    0.8750000000
    0.7500000000    0.8750000000
    0.7500000000    0.9375000000
    0.7500000000    1.0000000000
    0.6875000000    1.0000000000
    0.6625000000    0.9125000000
    0.7062500000    0.9187500000
    0.7125000000    0.9625000000
    0.6687500000    0.9562500000
    0.5625000000    0.7500000000
    0.6250000000    0.7500000000
    0.6250000000    0.8125000000
    0.5375000000    0.7875000000
    0.5812500000    0.7937500000
    0.5875000000    0.8375000000
    0.5437500000    0.8312500000
    0.6875000000    0.7500000000
    0.7500000000    0.7500000000
    0.7500000000    0.8125000000
    0.6625000000    0.7875000000
    0.7062500000    0.7937500000
    0.7125000000    0.8375000000
    0.6687500000    0.8312500000
    0.8125000000    0.8750000000
    0.8750000000    0.8750000000
    0.8750000000    0.9375000000
    0.8750000000    1.0000000000
    0.8125000000    1.0000000000
    0.7875000000    0.9125000000
    0.8312500000    0.9187500000
    0.8375000000    0.9625000000
    0.7937500000    0.9562500000
    0.9375000000    0.8750000000
    1.0000000000    0.8750000000
    1.0000000000    0.9375000000
    1.0000000000    1.0000000000
    0.9375000000    1.0000000000
    0.9125000000    0.9125000000
    0.9562500000    0.9187500000
    0.9625000000    0.9625000000
    0.9187500000    0.9562500000
    0.8125000000    0.7500000000
    0.8750000000    0.7500000000
    0.8750000000    0.8125000000
    0.7875000000    0.7875000000
    0.8312500000    0.7937500000
    0.8375000000    0.8375000000
    0.7937500000    0.8312500000
    0.9375000000    0.7500000000
    1.0000000000    0.7500000000
    1.0000000000    0.8125000000
    0.9125000000    0.7875000000
    0.9562500000    0.7937500000
    0.9625000000    0.8375000000
    0.9187500000    0.8312500000
    0.5625000000    0.6250000000
    0.6250000000    0.6250000000
    0.6250000000    0.6875000000
    0.5375000000    0.6625000000
    0.5812500000    0.6687500000
    0.5875000000    0.7125000000
    0.5437500000    0.7062500000
    0.6875000000    0.6250000000
    0.7500000000    0.6250000000
    0.7500000000    0.6875000000
    0.6625000000    0.6625000000
    0.7062500000    0.6687500000
    0.7125000000    0.7125000000
    0.6687500000    0.7062500000
    0.5625000000    0.5000000000
    0.6250000000    0.5000000000
    0.6250000000    0.5625000000
    0.5375000000    0.5375000000
    0.5812500000    0.5437500000
    0.5875000000    0.5875000000
    0.5437500000    0.5812500000
    0.6875000000    0.5000000000
    0.7500000000    0.5000000000
    0.7500000000    0.5625000000
    0.6625000000    0.5375000000
    0.7062500000    0.5437500000
    0.7125000000    0.5875000000
    0.6687500000    0.5812500000
    0.8125000000    0.6250000000
    0.8750000000    0.6250000000
    0.8750000000    0.6875000000
    0.7875000000    0.6625000000
    0.8312500000    0.6687500000
    0.8375000000    0.7125000000
    0.7937500000    0.7062500000
    0.9375000000    0.6250000000
    1.0000000000    0.6250000000
    1.0000000000    0.6875000000
    0.9125000000    0.6625000000
    0.9562500000    0.6687500000
    0.9625000000    0.7125000000
    0.9187500000    0.7062500000
    0.8125000000    0.5000000000
    0.8750000000    0.5000000000
    0.8750000000    0.5625000000
    0.7875000000    0.5375000000
    0.8312500000    0.5437500000
    0.8375000000    0.5875000000
    0.7937500000    0.5812500000
    0.9375000000    0.5000000000
    1.0000000000    0.5000000000
    1.0000000000    0.5625000000
    0.9125000000    0.5375000000
    0.9562500000    0.5437500000
    0.9625000000    0.5875000000
    0.9187500000    0.5812500000
    0.0000000000    0.3750000000
    0.0625000000    0.3750000000
    0.1250000000    0.3750000000
    0.1250000000    0.4375000000
    0.0000000000    0.4375000000
    0.0375000000    0.4125000000
    0.0812500000    0.4187500000
    0.0875000000    0.4625000000
    0.0437500000    0.4562500000
    0.1875000000    0.3750000000
    0.2500000000    0.3750000000
    0.2500000000    0.4375000000
    0.1625000000    0.4125000000
    0.2062500000    0.4187500000
    0.2125000000    0.4625000000
    0.1687500000    0.4562500000
    0.0000000000    0.2500000000
    0.0625000000    0.2500000000
    0.1250000000    0.2500000000
    0.1250000000    0.3125000000
    0.0000000000    0.3125000000
    0.0375000000    0.2875000000
    0.0812500000    0.2937500000
    0.0875000000    0.3375000000
    0.0437500000    0.3312500000
    0.1875000000    0.2500000000
    0.2500000000    0.2500000000
    0.2500000000    0.3125000000
    0.1625000000    0.2875000000
    0.2062500000    0.2937500000
    0.2125000000    0.3375000000
    0.1687500000    0.3312500000
    0.3125000000    0.3750000000
    0.3750000000    0.3750000000
    0.3750000000    0.4375000000
    0.2875000000    0.4125000000
    0.3312500000    0.4187500000
    0.3375000000    0.4625000000
    0.2937500000    0.4562500000
    0.4375000000    0.3750000000
    0.5000000000    0.3750000000
    0.5000000000    0.4375000000
    0.4125000000    0.4125000000
    0.4562500000    0.4187500000
    0.4625000000    0.4625000000
    0.4187500000    0.4562500000
    0.3125000000    0.2500000000
    0.3750000000    0.2500000000
    0.3750000000    0.3125000000
    0.2875000000    0.2875000000
    0.3312500000    0.2937500000
    0.3375000000    0.3375000000
    0.2937500000    0.3312500000
    0.4375000000    0.2500000000
    0.5000000000    0.2500000000
    0.5000000000    0.3125000000
    0.4125000000    0.2875000000
    0.4562500000    0.2937500000
    0.4625000000    0.3375000000
    0.4187500000    0.3312500000
    0.0000000000    0.1250000000
    0.0625000000    0.1250000000
    0.1250000000    0.1250000000
    0.1250000000    0.1875000000
    0.0000000000    0.1875000000
    0.0375000000    0.1625000000
    0.0812500000    0.1687500000
    0.0875000000    0.2125000000
    0.0437500000    0.2062500000
    0.1875000000    0.1250000000
    0.2500000000    0.1250000000
    0.2500000000    0.1875000000
    0.1625000000    0.1625000000
    0.2062500000    0.1687500000
    0.2125000000    0.2125000000
    0.1687500000    0.2062500000
    0.0000000000    0.0000000000
    0.0625000000    0.0000000000
    0.1250000000    0.0000000000
    0.1250000000    0.0625000000
    0.0000000000    0.0625000000
    0.0375000000    0.0375000000
    0.0812500000    0.0437500000
    0.0875000000    0.0875000000
    0.0437500000    0.0812500000
    0.1875000000    0.0000000000
    0.2500000000    0.0000000000
    0.2500000000    0.0625000000
    0.1625000000    0.0375000000
    0.2062500000    0.0437500000
    0.2125000000    0.0875000000
    0.1687500000    0.0812500000
    0.3125000000    0.1250000000
    0.3750000000    0.1250000000
    0.3750000000    0.1875000000
    0.2875000000    0.1625000000
    0.3312500000    0.1687500000
    0.3375000000    0.2125000000
    0.2937500000    0.2062500000
    0.4375000000    0.1250000000
    0.5000000000    0.1250000000
    0.5000000000    0.1875000000
    0.4125000000    0.1625000000
    0.4562500000    0.1687500000
    0.4625000000    0.2125000000
    0.4187500000    0.2062500000
    0.3125000000    0.0000000000
    0.3750000000    0.0000000000
    0.3750000000    0.0625000000
    0.2875000000    0.0375000000
    0.3312500000    0.0437500000
    0.3375000000    0.0875000000
    0.2937500000    0.0812500000
    0.4375000000    0.0000000000
    0.5000000000    0.0000000000
    0.5000000000    0.0625000000
    0.4125000000    0.0375000000
    0.4562500000    0.0437500000
    0.4625000000    0.0875000000
    0.4187500000    0.0812500000
    0.5625000000    0.3750000000
    0.6250000000    0.3750000000
    0.6250000000    0.4375000000
    0.5375000000    0.4125000000
    0.5812500000    0.4187500000
    0.5875000000    0.4625000000
    0.5437500000    0.4562500000
    0.6875000000    0.3750000000
    0.7500000000    0.3750000000
    0.7500000000    0.4375000000
    0.6625000000    0.4125000000
    0.7062500000    0.4187500000
    0.7125000000    0.4625000000
    0.6687500000    0.4562500000
    0.5625000000    0.2500000000
    0.6250000000    0.2500000000
    0.6250000000    0.3125000000
    0.5375000000    0.2875000000
    0.5812500000    0.2937500000
    0.5875000000    0.3375000000
    0.5437500000    0.3312500000
    0.6875000000    0.2500000000
    0.7500000000    0.2500000000
    0.7500000000    0.3125000000
    0.6625000000    0.2875000000
    0.7062500000    0.2937500000
    0.7125000000    0.3375000000
    0.6687500000    0.3312500000
    0.8125000000    0.3750000000
    0.8750000000    0.3750000000
    0.8750000000    0.4375000000
    0.7875000000    0.4125000000
    0.8312500000    0.4187500000
    0.8375000000    0.4625000000
    0.7937500000    0.4562500000
    0.9375000000    0.3750000000
    1.0000000000    0.3750000000
    1.0000000000    0.4375000000
    0.9125000000    0.4125000000
    0.9562500000    0.4187500000
    0.9625000000    0.4625000000
    0.9187500000    0.4562500000
    0.8125000000    0.2500000000
    0.8750000000    0.2500000000
    0.8750000000    0.3125000000
    0.7875000000    0.2875000000
    0.8312500000    0.2937500000
    0.8375000000    0.3375000000
    0.7937500000    0.3312500000
    0.9375000000    0.2500000000
    1.0000000000    0.2500000000
    1.0000000000    0.3125000000
    0.9125000000    0.2875000000
    0.9562500000    0.2937500000
    0.9625000000    0.3375000000
    0.9187500000    0.3312500000
    0.5625000000    0.1250000000
    0.6250000000    0.1250000000
    0.6250000000    0.1875000000
    0.5375000000    0.1625000000
    0.5812500000    0.1687500000
    0.5875000000    0.2125000000
    0.5437500000    0.2062500000
    0.6875000000    0.1250000000
    0.7500000000    0.1250000000
    0.7500000000    0.1875000000
    0.6625000000    0.1625000000
    0.7062500000    0.1687500000
    0.7125000000    0.2125000000
    0.6687500000    0.2062500000
    0.5625000000    0.0000000000
    0.6250000000    0.0000000000
    0.6250000000    0.0625000000
    0.5375000000    0.0375000000
    0.5812500000    0.0437500000
    0.5875000000    0.0875000000
    0.5437500000    0.0812500000
    0.6875000000    0.0000000000
    0.7500000000    0.0000000000
    0.7500000000    0.0625000000
    0.6625000000    0.0375000000
    0.7062500000    0.0437500000
    0.7125000000    0.0875000000
    0.6687500000    0.0812500000
    0.8125000000    0.1250000000
    0.8750000000    0.1250000000
    0.8750000000    0.1875000000
    0.7875000000    0.1625000000
    0.8312500000    0.1687500000
    0.8375000000    0.2125000000
    0.7937500000    0.2062500000
    0.9375000000    0.1250000000
    1.0000000000    0.1250000000
    1.0000000000    0.1875000000
    0.9125000000    0.1625000000
    0.9562500000    0.1687500000
    0.9625000000    0.2125000000
    0.9187500000    0.2062500000
    0.8125000000    0.0000000000
    0.8750000000    0.0000000000
    0.8750000000    0.0625000000
    0.7875000000    0.0375000000
    0.8312500000    0.0437500000
    0.8375000000    0.0875000000
    0.7937500000    0.0812500000
    0.9375000000    0.0000000000
    1.0000000000    0.0000000000
    1.0000000000    0.0625000000
    0.9125000000    0.0375000000
    0.9562500000    0.0437500000
    0.9625000000    0.0875000000
    0.9187500000    0.0812500000
 triangles 
         896
       1       2       9
       2      10       9
       2       3      10
       3       4      10
       4      11      10
       4       5      11
       5       6      11
      11       6      12
       6       7      12
       7       8      12
       8       9      12
       8       1       9
       9      10      12
      10      11      12
       3      13      18
      13      19      18
      13      14      19
      14      15      19
      15      20      19
      15      16      20
      16      17      20
      20      17      21
      17       5      21
       5       4      21
       4      18      21
       4       3      18
      18      19      21
      19      20      21
      22      23      27
      23      28      27
      23      24      28
      24      25      28
      25      29      28
      25       3      29
       3       2      29
      29       2      30
       2       1      30
       1      26      30
      26      27      30
      26      22      27
      27      28      30
      28      29      30
      24      31      34
      31      35      34
      31      32      35
      32      33      35
      33      36      35
      33      14      36
      14      13      36
      36      13      37
      13       3      37
       3      25      37
      25      34      37
      25      24      34
      34      35      37
      35      36      37
      14      38      43
      38      44      43
      38      39      44
      39      40      44
      40      45      44
      40      41      45
      41      42      45
      45      42      46
      42      16      46
      16      15      46
      15      43      46
      15      14      43
      43      44      46
      44      45      46
      39      47      52
      47      53      52
      47      48      53
      48      49      53
      49      54      53
      49      50      54
      50      51      54
      54      51      55
      51      41      55
      41      40      55
      40      52      55
      40      39      52
      52      53      55
      53      54      55
      32      56      59
      56      60      59
      56      57      60
      57      58      60
      58      61      60
      58      39      61
      39      38      61
      61      38      62
      38      14      62
      14      33      62
      33      59      62
      33      32      59
      59      60      62
      60      61      62
      57      63      66
      63      67      66
      63      64      67
      64      65      67
      65      68      67
      65      48      68
      48      47      68
      68      47      69
      47      39      69
      39      58      69
      58      66      69
      58      57      66
      66      67      69
      67      68      69
      70      71      75
      71      76      75
      71      72      76
      72      73      76
      73      77      76
      73      24      77
      24      23      77
      77      23      78
      23      22      78
      22      74      78
      74      75      78
      74      70      75
      75      76      78
      76      77      78
      72      79      82
      79      83      82
      79      80      83
      80      81      83
      81      84      83
      81      32      84
      32      31      84
      84      31      85
      31      24      85
      24      73      85
      73      82      85
      73      72      82
      82      83      85
      83      84      85
      86      87      91
      87      92      91
      87      88      92
      88      89      92
      89      93      92
      89      72      93
      72      71      93
      93      71      94
      71      70      94
      70      90      94
      90      91      94
      90      86      91
      91      92      94
      92      93      94
      88      95      98
      95      99      98
      95      96      99
      96      97      99
      97     100      99
      97      80     100
      80      79     100
     100      79     101
      79      72     101
      72      89     101
      89      98     101
      89      88      98
      98      99     101
      99     100     101
      80     102     105
     102     106     105
     102     103     106
     103     104     106
     104     107     106
     104      57     107
      57      56     107
     107      56     108
      56      32     108
      32      81     108
      81     105     108
      81      80     105
     105     106     108
     106     107     108
     103     109     112
     109     113     112
     109     110     113
     110     111     113
     111     114     113
     111      64     114
      64      63     114
     114      63     115
      63      57     115
      57     104     115
     104     112     115
     104     103     112
     112     113     115
     113     114     115
      96     116     119
     116     120     119
     116     117     120
     117     118     120
     118     121     120
     118     103     121
     103     102     121
     121     102     122
     102      80     122
      80      97     122
      97     119     122
      97      96     119
     119     120     122
     120     121     122
     117     123     126
     123     127     126
     123     124     127
     124     125     127
     125     128     127
     125     110     128
     110     109     128
     128     109     129
     109     103     129
     103     118     129
     118     126     129
     118     117     126
     126     127     129
     127     128     129
      48     130     135
     130     136     135
     130     131     136
     131     132     136
     132     137     136
     132     133     137
     133     134     137
     137     134     138
     134      50     138
      50      49     138
      49     135     138
      49      48     135
     135     136     138
     136     137     138
     131     139     144
     139     145     144
     139     140     145
     140     141     145
     141     146     145
     141     142     146
     142     143     146
     146     143     147
     143     133     147
     133     132     147
     132     144     147
     132     131     144
     144     145     147
     145     146     147
      64     148     151
     148     152     151
     148     149     152
     149     150     152
     150     153     152
     150     131     153
     131     130     153
     153     130     154
     130      48     154
      48      65     154
      65     151     154
      65      64     151
     151     152     154
     152     153     154
     149     155     158
     155     159     158
     155     156     159
     156     157     159
     157     160     159
     157     140     160
     140     139     160
     160     139     161
     139     131     161
     131     150     161
     150     158     161
     150     149     158
     158     159     161
     159     160     161
     140     162     167
     162     168     167
     162     163     168
     163     164     168
     164     169     168
     164     165     169
     165     166     169
     169     166     170
     166     142     170
     142     141     170
     141     167     170
     141     140     167
     167     168     170
     168     169     170
     163     171     176
     171     177     176
     171     172     177
     172     173     177
     173     178     177
     173     174     178
     174     175     178
     178     175     179
     175     165     179
     165     164     179
     164     176     179
     164     163     176
     176     177     179
     177     178     179
     156     180     183
     180     184     183
     180     181     184
     181     182     184
     182     185     184
     182     163     185
     163     162     185
     185     162     186
     162     140     186
     140     157     186
     157     183     186
     157     156     183
     183     184     186
     184     185     186
     181     187     190
     187     191     190
     187     188     191
     188     189     191
     189     192     191
     189     172     192
     172     171     192
     192     171     193
     171     163     193
     163     182     193
     182     190     193
     182     181     190
     190     191     193
     191     192     193
     110     194     197
     194     198     197
     194     195     198
     195     196     198
     196     199     198
     196     149     199
     149     148     199
     199     148     200
     148      64     200
      64     111     200
     111     197     200
     111     110     197
     197     198     200
     198     199     200
     195     201     204
     201     205     204
     201     202     205
     202     203     205
     203     206     205
     203     156     206
     156     155     206
     206     155     207
     155     149     207
     149     196     207
     196     204     207
     196     195     204
     204     205     207
     205     206     207
     124     208     211
     208     212     211
     208     209     212
     209     210     212
     210     213     212
     210     195     213
     195     194     213
     213     194     214
     194     110     214
     110     125     214
     125     211     214
     125     124     211
     211     212     214
     212     213     214
     209     215     218
     215     219     218
     215     216     219
     216     217     219
     217     220     219
     217     202     220
     202     201     220
     220     201     221
     201     195     221
     195     210     221
     210     218     221
     210     209     218
     218     219     221
     219     220     221
     202     222     225
     222     226     225
     222     223     226
     223     224     226
     224     227     226
     224     181     227
     181     180     227
     227     180     228
     180     156     228
     156     203     228
     203     225     228
     203     202     225
     225     226     228
     226     227     228
     223     229     232
     229     233     232
     229     230     233
     230     231     233
     231     234     233
     231     188     234
     188     187     234
     234     187     235
     187     181     235
     181     224     235
     224     232     235
     224     223     232
     232     233     235
     233     234     235
     216     236     239
     236     240     239
     236     237     240
     237     238     240
     238     241     240
     238     223     241
     223     222     241
     241     222     242
     222     202     242
     202     217     242
     217     239     242
     217     216     239
     239     240     242
     240     241     242
     237     243     246
     243     247     246
     243     244     247
     244     245     247
     245     248     247
     245     230     248
     230     229     248
     248     229     249
     229     223     249
     223     238     249
     238     246     249
     238     237     246
     246     247     249
     247     248     249
     250     251     255
     251     256     255
     251     252     256
     252     253     256
     253     257     256
     253      88     257
      88      87     257
     257      87     258
      87      86     258
      86     254     258
     254     255     258
     254     250     255
     255     256     258
     256     257     258
     252     259     262
     259     263     262
     259     260     263
     260     261     263
     261     264     263
     261      96     264
      96      95     264
     264      95     265
      95      88     265
      88     253     265
     253     262     265
     253     252     262
     262     263     265
     263     264     265
     266     267     271
     267     272     271
     267     268     272
     268     269     272
     269     273     272
     269     252     273
     252     251     273
     273     251     274
     251     250     274
     250     270     274
     270     271     274
     270     266     271
     271     272     274
     272     273     274
     268     275     278
     275     279     278
     275     276     279
     276     277     279
     277     280     279
     277     260     280
     260     259     280
     280     259     281
     259     252     281
     252     269     281
     269     278     281
     269     268     278
     278     279     281
     279     280     281
     260     282     285
     282     286     285
     282     283     286
     283     284     286
     284     287     286
     284     117     287
     117     116     287
     287     116     288
     116      96     288
      96     261     288
     261     285     288
     261     260     285
     285     286     288
     286     287     288
     283     289     292
     289     293     292
     289     290     293
     290     291     293
     291     294     293
     291     124     294
     124     123     294
     294     123     295
     123     117     295
     117     284     295
     284     292     295
     284     283     292
     292     293     295
     293     294     295
     276     296     299
     296     300     299
     296     297     300
     297     298     300
     298     301     300
     298     283     301
     283     282     301
     301     282     302
     282     260     302
     260     277     302
     277     299     302
     277     276     299
     299     300     302
     300     301     302
     297     303     306
     303     307     306
     303     304     307
     304     305     307
     305     308     307
     305     290     308
     290     289     308
     308     289     309
     289     283     309
     283     298     309
     298     306     309
     298     297     306
     306     307     309
     307     308     309
     310     311     315
     311     316     315
     311     312     316
     312     313     316
     313     317     316
     313     268     317
     268     267     317
     317     267     318
     267     266     318
     266     314     318
     314     315     318
     314     310     315
     315     316     318
     316     317     318
     312     319     322
     319     323     322
     319     320     323
     320     321     323
     321     324     323
     321     276     324
     276     275     324
     324     275     325
     275     268     325
     268     313     325
     313     322     325
     313     312     322
     322     323     325
     323     324     325
     326     327     331
     327     332     331
     327     328     332
     328     329     332
     329     333     332
     329     312     333
     312     311     333
     333     311     334
     311     310     334
     310     330     334
     330     331     334
     330     326     331
     331     332     334
     332     333     334
     328     335     338
     335     339     338
     335     336     339
     336     337     339
     337     340     339
     337     320     340
     320     319     340
     340     319     341
     319     312     341
     312     329     341
     329     338     341
     329     328     338
     338     339     341
     339     340     341
     320     342     345
     342     346     345
     342     343     346
     343     344     346
     344     347     346
     344     297     347
     297     296     347
     347     296     348
     296     276     348
     276     321     348
     321     345     348
     321     320     345
     345     346     348
     346     347     348
     343     349     352
     349     353     352
     349     350     353
     350     351     353
     351     354     353
     351     304     354
     304     303     354
     354     303     355
     303     297     355
     297     344     355
     344     352     355
     344     343     352
     352     353     355
     353     354     355
     336     356     359
     356     360     359
     356     357     360
     357     358     360
     358     361     360
     358     343     361
     343     342     361
     361     342     362
     342     320     362
     320     337     362
     337     359     362
     337     336     359
     359     360     362
     360     361     362
     357     363     366
     363     367     366
     363     364     367
     364     365     367
     365     368     367
     365     350     368
     350     349     368
     368     349     369
     349     343     369
     343     358     369
     358     366     369
     358     357     366
     366     367     369
     367     368     369
     290     370     373
     370     374     373
     370     371     374
     371     372     374
     372     375     374
     372     209     375
     209     208     375
     375     208     376
     208     124     376
     124     291     376
     291     373     376
     291     290     373
     373     374     376
     374     375     376
     371     377     380
     377     381     380
     377     378     381
     378     379     381
     379     382     381
     379     216     382
     216     215     382
     382     215     383
     215     209     383
     209     372     383
     372     380     383
     372     371     380
     380     381     383
     381     382     383
     304     384     387
     384     388     387
     384     385     388
     385     386     388
     386     389     388
     386     371     389
     371     370     389
     389     370     390
     370     290     390
     290     305     390
     305     387     390
     305     304     387
     387     388     390
     388     389     390
     385     391     394
     391     395     394
     391     392     395
     392     393     395
     393     396     395
     393     378     396
     378     377     396
     396     377     397
     377     371     397
     371     386     397
     386     394     397
     386     385     394
     394     395     397
     395     396     397
     378     398     401
     398     402     401
     398     399     402
     399     400     402
     400     403     402
     400     237     403
     237     236     403
     403     236     404
     236     216     404
     216     379     404
     379     401     404
     379     378     401
     401     402     404
     402     403     404
     399     405     408
     405     409     408
     405     406     409
     406     407     409
     407     410     409
     407     244     410
     244     243     410
     410     243     411
     243     237     411
     237     400     411
     400     408     411
     400     399     408
     408     409     411
     409     410     411
     392     412     415
     412     416     415
     412     413     416
     413     414     416
     414     417     416
     414     399     417
     399     398     417
     417     398     418
     398     378     418
     378     393     418
     393     415     418
     393     392     415
     415     416     418
     416     417     418
     413     419     422
     419     423     422
     419     420     423
     420     421     423
     421     424     423
     421     406     424
     406     405     424
     424     405     425
     405     399     425
     399     414     425
     414     422     425
     414     413     422
     422     423     425
     423     424     425
     350     426     429
     426     430     429
     426     427     430
     427     428     430
     428     431     430
     428     385     431
     385     384     431
     431     384     432
     384     304     432
     304     351     432
     351     429     432
     351     350     429
     429     430     432
     430     431     432
     427     433     436
     433     437     436
     433     434     437
     434     435     437
     435     438     437
     435     392     438
     392     391     438
     438     391     439
     391     385     439
     385     428     439
     428     436     439
     428     427     436
     436     437     439
     437     438     439
     364     440     443
     440     444     443
     440     441     444
     441     442     444
     442     445     444
     442     427     445
     427     426     445
     445     426     446
     426     350     446
     350     365     446
     365     443     446
     365     364     443
     443     444     446
     444     445     446
     441     447     450
     447     451     450
     447     448     451
     448     449     451
     449     452     451
     449     434     452
     434     433     452
     452     433     453
     433     427     453
     427     442     453
     442     450     453
     442     441     450
     450     451     453
     451     452     453
     434     454     457
     454     458     457
     454     455     458
     455     456     458
     456     459     458
     456     413     459
     413     412     459
     459     412     460
     412     392     460
     392     435     460
     435     457     460
     435     434     457
     457     458     460
     458     459     460
     455     461     464
     461     465     464
     461     462     465
     462     463     465
     463     466     465
     463     420     466
     420     419     466
     466     419     467
     419     413     467
     413     456     467
     456     464     467
     456     455     464
     464     465     467
     465     466     467
     448     468     471
     468     472     471
     468     469     472
     469     470     472
     470     473     472
     470     455     473
     455     454     473
     473     454     474
     454     434     474
     434     449     474
     449     471     474
     449     448     471
     471     472     474
     472     473     474
     469     475     478
     475     479     478
     475     476     479
     476     477     479
     477     480     479
     477     462     480
     462     461     480
     480     461     481
     461     455     481
     455     470     481
     470     478     481
     470     469     478
     478     479     481
     479     480     481
 quadrangles 
           0
 edges of the boundary 
          64
       1       8
       1      26
       5       6
       6       7
       7       8
      16      17
      17       5
      22      26
      22      74
      41      42
      42      16
      50      51
      51      41
      70      74
      70      90
      86      90
      86     254
     133     134
     134      50
     142     143
     143     133
     165     166
     166     142
     172     173
     173     174
     174     175
     175     165
     188     189
     189     172
     230     231
     231     188
     244     245
     245     230
     250     254
     250     270
     266     270
     266     314
     310     314
     310     330
     326     327
     326     330
     327     328
     328     335
     335     336
     336     356
     356     357
     357     363
     363     364
     364     440
     406     407
     407     244
     420     421
     421     406
     440     441
     441     447
     447     448
     448     468
     462     463
     463     420
     468     469
     469     475
     475     476
     476     477
     477     462
 all edges
        1376
       1       2       1      37
       1       8      12       0
       1       9      12       1
       1      26      38       0
       1      30      37      38
       2       3       3      35
       2       9       1       2
       2      10       2       3
       2      29      35      36
       2      30      36      37
       3       4       4      26
       3      10       3       4
       3      13      15      51
       3      18      26      15
       3      25      52      34
       3      29      34      35
       3      37      51      52
       4       5       6      24
       4      10       4       5
       4      11       5       6
       4      18      25      26
       4      21      24      25
       5       6       7       0
       5      11       6       7
       5      17      23       0
       5      21      23      24
       6       7       9       0
       6      11       7       8
       6      12       8       9
       7       8      10       0
       7      12       9      10
       8       9      11      12
       8      12      10      11
       9      10      13       2
       9      12      11      13
      10      11      14       5
      10      12      13      14
      11      12      14       8
      13      14      17      49
      13      18      15      16
      13      19      16      17
      13      36      49      50
      13      37      50      51
      14      15      18      68
      14      19      17      18
      14      33      94      48
      14      36      48      49
      14      38      57      93
      14      43      68      57
      14      62      93      94
      15      16      20      66
      15      19      18      19
      15      20      19      20
      15      43      67      68
      15      46      66      67
      16      17      21       0
      16      20      20      21
      16      42      65       0
      16      46      65      66
      17      20      21      22
      17      21      22      23
      18      19      27      16
      18      21      25      27
      19      20      28      19
      19      21      27      28
      20      21      28      22
      22      23      29     121
      22      26      40       0
      22      27      40      29
      22      74     122       0
      22      78     121     122
      23      24      31     119
      23      27      29      30
      23      28      30      31
      23      77     119     120
      23      78     120     121
      24      25      32      54
      24      28      31      32
      24      31      43     135
      24      34      54      43
      24      73     136     118
      24      77     118     119
      24      85     135     136
      25      28      32      33
      25      29      33      34
      25      34      53      54
      25      37      52      53
      26      27      39      40
      26      30      38      39
      27      28      41      30
      27      30      39      41
      28      29      42      33
      28      30      41      42
      29      30      42      36
      31      32      45     133
      31      34      43      44
      31      35      44      45
      31      84     133     134
      31      85     134     135
      32      33      46      96
      32      35      45      46
      32      56      85     177
      32      59      96      85
      32      81     178     132
      32      84     132     133
      32     108     177     178
      33      35      46      47
      33      36      47      48
      33      59      95      96
      33      62      94      95
      34      35      55      44
      34      37      53      55
      35      36      56      47
      35      37      55      56
      36      37      56      50
      38      39      59      91
      38      43      57      58
      38      44      58      59
      38      61      91      92
      38      62      92      93
      39      40      60      82
      39      44      59      60
      39      47      71     107
      39      52      82      71
      39      58     108      90
      39      61      90      91
      39      69     107     108
      40      41      62      80
      40      44      60      61
      40      45      61      62
      40      52      81      82
      40      55      80      81
      41      42      63       0
      41      45      62      63
      41      51      79       0
      41      55      79      80
      42      45      63      64
      42      46      64      65
      43      44      69      58
      43      46      67      69
      44      45      70      61
      44      46      69      70
      45      46      70      64
      47      48      73     105
      47      52      71      72
      47      53      72      73
      47      68     105     106
      47      69     106     107
      48      49      74     236
      48      53      73      74
      48      65     262     104
      48      68     104     105
      48     130     225     261
      48     135     236     225
      48     154     261     262
      49      50      76     234
      49      53      74      75
      49      54      75      76
      49     135     235     236
      49     138     234     235
      50      51      77       0
      50      54      76      77
      50     134     233       0
      50     138     233     234
      51      54      77      78
      51      55      78      79
      52      53      83      72
      52      55      81      83
      53      54      84      75
      53      55      83      84
      54      55      84      78
      56      57      87     175
      56      59      85      86
      56      60      86      87
      56     107     175     176
      56     108     176     177
      57      58      88     110
      57      60      87      88
      57      63      99     191
      57      66     110      99
      57     104     192     174
      57     107     174     175
      57     115     191     192
      58      60      88      89
      58      61      89      90
      58      66     109     110
      58      69     108     109
      59      60      97      86
      59      62      95      97
      60      61      98      89
      60      62      97      98
      61      62      98      92
      63      64     101     189
      63      66      99     100
      63      67     100     101
      63     114     189     190
      63     115     190     191
      64      65     102     264
      64      67     101     102
      64     111     346     188
      64     114     188     189
      64     148     253     345
      64     151     264     253
      64     200     345     346
      65      67     102     103
      65      68     103     104
      65     151     263     264
      65     154     262     263
      66      67     111     100
      66      69     109     111
      67      68     112     103
      67      69     111     112
      68      69     112     106
      70      71     113     149
      70      74     124       0
      70      75     124     113
      70      90     150       0
      70      94     149     150
      71      72     115     147
      71      75     113     114
      71      76     114     115
      71      93     147     148
      71      94     148     149
      72      73     116     138
      72      76     115     116
      72      79     127     163
      72      82     138     127
      72      89     164     146
      72      93     146     147
      72     101     163     164
      73      76     116     117
      73      77     117     118
      73      82     137     138
      73      85     136     137
      74      75     123     124
      74      78     122     123
      75      76     125     114
      75      78     123     125
      76      77     126     117
      76      78     125     126
      77      78     126     120
      79      80     129     161
      79      82     127     128
      79      83     128     129
      79     100     161     162
      79     101     162     163
      80      81     130     180
      80      83     129     130
      80      97     206     160
      80     100     160     161
      80     102     169     205
      80     105     180     169
      80     122     205     206
      81      83     130     131
      81      84     131     132
      81     105     179     180
      81     108     178     179
      82      83     139     128
      82      85     137     139
      83      84     140     131
      83      85     139     140
      84      85     140     134
      86      87     141     457
      86      90     152       0
      86      91     152     141
      86     254     458       0
      86     258     457     458
      87      88     143     455
      87      91     141     142
      87      92     142     143
      87     257     455     456
      87     258     456     457
      88      89     144     166
      88      92     143     144
      88      95     155     471
      88      98     166     155
      88     253     472     454
      88     257     454     455
      88     265     471     472
      89      92     144     145
      89      93     145     146
      89      98     165     166
      89     101     164     165
      90      91     151     152
      90      94     150     151
      91      92     153     142
      91      94     151     153
      92      93     154     145
      92      94     153     154
      93      94     154     148
      95      96     157     469
      95      98     155     156
      95      99     156     157
      95     264     469     470
      95     265     470     471
      96      97     158     208
      96      99     157     158
      96     116     197     513
      96     119     208     197
      96     261     514     468
      96     264     468     469
      96     288     513     514
      97      99     158     159
      97     100     159     160
      97     119     207     208
      97     122     206     207
      98      99     167     156
      98     101     165     167
      99     100     168     159
      99     101     167     168
     100     101     168     162
     102     103     171     203
     102     105     169     170
     102     106     170     171
     102     121     203     204
     102     122     204     205
     103     104     172     194
     103     106     171     172
     103     109     183     219
     103     112     194     183
     103     118     220     202
     103     121     202     203
     103     129     219     220
     104     106     172     173
     104     107     173     174
     104     112     193     194
     104     115     192     193
     105     106     181     170
     105     108     179     181
     106     107     182     173
     106     108     181     182
     107     108     182     176
     109     110     185     217
     109     112     183     184
     109     113     184     185
     109     128     217     218
     109     129     218     219
     110     111     186     348
     110     113     185     186
     110     125     374     216
     110     128     216     217
     110     194     337     373
     110     197     348     337
     110     214     373     374
     111     113     186     187
     111     114     187     188
     111     197     347     348
     111     200     346     347
     112     113     195     184
     112     115     193     195
     113     114     196     187
     113     115     195     196
     114     115     196     190
     116     117     199     511
     116     119     197     198
     116     120     198     199
     116     287     511     512
     116     288     512     513
     117     118     200     222
     117     120     199     200
     117     123     211     527
     117     126     222     211
     117     284     528     510
     117     287     510     511
     117     295     527     528
     118     120     200     201
     118     121     201     202
     118     126     221     222
     118     129     220     221
     119     120     209     198
     119     122     207     209
     120     121     210     201
     120     122     209     210
     121     122     210     204
     123     124     213     525
     123     126     211     212
     123     127     212     213
     123     294     525     526
     123     295     526     527
     124     125     214     376
     124     127     213     214
     124     208     365     681
     124     211     376     365
     124     291     682     524
     124     294     524     525
     124     376     681     682
     125     127     214     215
     125     128     215     216
     125     211     375     376
     125     214     374     375
     126     127     223     212
     126     129     221     223
     127     128     224     215
     127     129     223     224
     128     129     224     218
     130     131     227     259
     130     135     225     226
     130     136     226     227
     130     153     259     260
     130     154     260     261
     131     132     228     250
     131     136     227     228
     131     139     239     275
     131     144     250     239
     131     150     276     258
     131     153     258     259
     131     161     275     276
     132     133     230     248
     132     136     228     229
     132     137     229     230
     132     144     249     250
     132     147     248     249
     133     134     231       0
     133     137     230     231
     133     143     247       0
     133     147     247     248
     134     137     231     232
     134     138     232     233
     135     136     237     226
     135     138     235     237
     136     137     238     229
     136     138     237     238
     137     138     238     232
     139     140     241     273
     139     144     239     240
     139     145     240     241
     139     160     273     274
     139     161     274     275
     140     141     242     292
     140     145     241     242
     140     157     318     272
     140     160     272     273
     140     162     281     317
     140     167     292     281
     140     186     317     318
     141     142     244     290
     141     145     242     243
     141     146     243     244
     141     167     291     292
     141     170     290     291
     142     143     245       0
     142     146     244     245
     142     166     289       0
     142     170     289     290
     143     146     245     246
     143     147     246     247
     144     145     251     240
     144     147     249     251
     145     146     252     243
     145     147     251     252
     146     147     252     246
     148     149     255     343
     148     151     253     254
     148     152     254     255
     148     199     343     344
     148     200     344     345
     149     150     256     278
     149     152     255     256
     149     155     267     359
     149     158     278     267
     149     196     360     342
     149     199     342     343
     149     207     359     360
     150     152     256     257
     150     153     257     258
     150     158     277     278
     150     161     276     277
     151     152     265     254
     151     154     263     265
     152     153     266     257
     152     154     265     266
     153     154     266     260
     155     156     269     357
     155     158     267     268
     155     159     268     269
     155     206     357     358
     155     207     358     359
     156     157     270     320
     156     159     269     270
     156     180     309     401
     156     183     320     309
     156     203     402     356
     156     206     356     357
     156     228     401     402
     157     159     270     271
     157     160     271     272
     157     183     319     320
     157     186     318     319
     158     159     279     268
     158     161     277     279
     159     160     280     271
     159     161     279     280
     160     161     280     274
     162     163     283     315
     162     167     281     282
     162     168     282     283
     162     185     315     316
     162     186     316     317
     163     164     284     306
     163     168     283     284
     163     171     295     331
     163     176     306     295
     163     182     332     314
     163     185     314     315
     163     193     331     332
     164     165     286     304
     164     168     284     285
     164     169     285     286
     164     176     305     306
     164     179     304     305
     165     166     287       0
     165     169     286     287
     165     175     303       0
     165     179     303     304
     166     169     287     288
     166     170     288     289
     167     168     293     282
     167     170     291     293
     168     169     294     285
     168     170     293     294
     169     170     294     288
     171     172     297     329
     171     176     295     296
     171     177     296     297
     171     192     329     330
     171     193     330     331
     172     173     298       0
     172     177     297     298
     172     189     328       0
     172     192     328     329
     173     174     300       0
     173     177     298     299
     173     178     299     300
     174     175     301       0
     174     178     300     301
     175     178     301     302
     175     179     302     303
     176     177     307     296
     176     179     305     307
     177     178     308     299
     177     179     307     308
     178     179     308     302
     180     181     311     399
     180     183     309     310
     180     184     310     311
     180     227     399     400
     180     228     400     401
     181     182     312     334
     181     184     311     312
     181     187     323     415
     181     190     334     323
     181     224     416     398
     181     227     398     399
     181     235     415     416
     182     184     312     313
     182     185     313     314
     182     190     333     334
     182     193     332     333
     183     184     321     310
     183     186     319     321
     184     185     322     313
     184     186     321     322
     185     186     322     316
     187     188     325     413
     187     190     323     324
     187     191     324     325
     187     234     413     414
     187     235     414     415
     188     189     326       0
     188     191     325     326
     188     231     412       0
     188     234     412     413
     189     191     326     327
     189     192     327     328
     190     191     335     324
     190     193     333     335
     191     192     336     327
     191     193     335     336
     192     193     336     330
     194     195     339     371
     194     197     337     338
     194     198     338     339
     194     213     371     372
     194     214     372     373
     195     196     340     362
     195     198     339     340
     195     201     351     387
     195     204     362     351
     195     210     388     370
     195     213     370     371
     195     221     387     388
     196     198     340     341
     196     199     341     342
     196     204     361     362
     196     207     360     361
     197     198     349     338
     197     200     347     349
     198     199     350     341
     198     200     349     350
     199     200     350     344
     201     202     353     385
     201     204     351     352
     201     205     352     353
     201     220     385     386
     201     221     386     387
     202     203     354     404
     202     205     353     354
     202     217     430     384
     202     220     384     385
     202     222     393     429
     202     225     404     393
     202     242     429     430
     203     205     354     355
     203     206     355     356
     203     225     403     404
     203     228     402     403
     204     205     363     352
     204     207     361     363
     205     206     364     355
     205     207     363     364
     206     207     364     358
     208     209     367     679
     208     211     365     366
     208     212     366     367
     208     375     679     680
     208     376     680     681
     209     210     368     390
     209     212     367     368
     209     215     379     695
     209     218     390     379
     209     372     696     678
     209     375     678     679
     209     383     695     696
     210     212     368     369
     210     213     369     370
     210     218     389     390
     210     221     388     389
     211     212     377     366
     211     214     375     377
     212     213     378     369
     212     214     377     378
     213     214     378     372
     215     216     381     693
     215     218     379     380
     215     219     380     381
     215     382     693     694
     215     383     694     695
     216     217     382     432
     216     219     381     382
     216     236     421     737
     216     239     432     421
     216     379     738     692
     216     382     692     693
     216     404     737     738
     217     219     382     383
     217     220     383     384
     217     239     431     432
     217     242     430     431
     218     219     391     380
     218     221     389     391
     219     220     392     383
     219     221     391     392
     220     221     392     386
     222     223     395     427
     222     225     393     394
     222     226     394     395
     222     241     427     428
     222     242     428     429
     223     224     396     418
     223     226     395     396
     223     229     407     443
     223     232     418     407
     223     238     444     426
     223     241     426     427
     223     249     443     444
     224     226     396     397
     224     227     397     398
     224     232     417     418
     224     235     416     417
     225     226     405     394
     225     228     403     405
     226     227     406     397
     226     228     405     406
     227     228     406     400
     229     230     409     441
     229     232     407     408
     229     233     408     409
     229     248     441     442
     229     249     442     443
     230     231     410       0
     230     233     409     410
     230     245     440       0
     230     248     440     441
     231     233     410     411
     231     234     411     412
     232     233     419     408
     232     235     417     419
     233     234     420     411
     233     235     419     420
     234     235     420     414
     236     237     423     735
     236     239     421     422
     236     240     422     423
     236     403     735     736
     236     404     736     737
     237     238     424     446
     237     240     423     424
     237     243     435     751
     237     246     446     435
     237     400     752     734
     237     403     734     735
     237     411     751     752
     238     240     424     425
     238     241     425     426
     238     246     445     446
     238     249     444     445
     239     240     433     422
     239     242     431     433
     240     241     434     425
     240     242     433     434
     241     242     434     428
     243     244     437     749
     243     246     435     436
     243     247     436     437
     243     410     749     750
     243     411     750     751
     244     245     438       0
     244     247     437     438
     244     407     748       0
     244     410     748     749
     245     247     438     439
     245     248     439     440
     246     247     447     436
     246     249     445     447
     247     248     448     439
     247     249     447     448
     248     249     448     442
     250     251     449     485
     250     254     460       0
     250     255     460     449
     250     270     486       0
     250     274     485     486
     251     252     451     483
     251     255     449     450
     251     256     450     451
     251     273     483     484
     251     274     484     485
     252     253     452     474
     252     256     451     452
     252     259     463     499
     252     262     474     463
     252     269     500     482
     252     273     482     483
     252     281     499     500
     253     256     452     453
     253     257     453     454
     253     262     473     474
     253     265     472     473
     254     255     459     460
     254     258     458     459
     255     256     461     450
     255     258     459     461
     256     257     462     453
     256     258     461     462
     257     258     462     456
     259     260     465     497
     259     262     463     464
     259     263     464     465
     259     280     497     498
     259     281     498     499
     260     261     466     516
     260     263     465     466
     260     277     542     496
     260     280     496     497
     260     282     505     541
     260     285     516     505
     260     302     541     542
     261     263     466     467
     261     264     467     468
     261     285     515     516
     261     288     514     515
     262     263     475     464
     262     265     473     475
     263     264     476     467
     263     265     475     476
     264     265     476     470
     266     267     477     569
     266     270     488       0
     266     271     488     477
     266     314     570       0
     266     318     569     570
     267     268     479     567
     267     271     477     478
     267     272     478     479
     267     317     567     568
     267     318     568     569
     268     269     480     502
     268     272     479     480
     268     275     491     583
     268     278     502     491
     268     313     584     566
     268     317     566     567
     268     325     583     584
     269     272     480     481
     269     273     481     482
     269     278     501     502
     269     281     500     501
     270     271     487     488
     270     274     486     487
     271     272     489     478
     271     274     487     489
     272     273     490     481
     272     274     489     490
     273     274     490     484
     275     276     493     581
     275     278     491     492
     275     279     492     493
     275     324     581     582
     275     325     582     583
     276     277     494     544
     276     279     493     494
     276     296     533     625
     276     299     544     533
     276     321     626     580
     276     324     580     581
     276     348     625     626
     277     279     494     495
     277     280     495     496
     277     299     543     544
     277     302     542     543
     278     279     503     492
     278     281     501     503
     279     280     504     495
     279     281     503     504
     280     281     504     498
     282     283     507     539
     282     285     505     506
     282     286     506     507
     282     301     539     540
     282     302     540     541
     283     284     508     530
     283     286     507     508
     283     289     519     555
     283     292     530     519
     283     298     556     538
     283     301     538     539
     283     309     555     556
     284     286     508     509
     284     287     509     510
     284     292     529     530
     284     295     528     529
     285     286     517     506
     285     288     515     517
     286     287     518     509
     286     288     517     518
     287     288     518     512
     289     290     521     553
     289     292     519     520
     289     293     520     521
     289     308     553     554
     289     309     554     555
     290     291     522     684
     290     293     521     522
     290     305     710     552
     290     308     552     553
     290     370     673     709
     290     373     684     673
     290     390     709     710
     291     293     522     523
     291     294     523     524
     291     373     683     684
     291     376     682     683
     292     293     531     520
     292     295     529     531
     293     294     532     523
     293     295     531     532
     294     295     532     526
     296     297     535     623
     296     299     533     534
     296     300     534     535
     296     347     623     624
     296     348     624     625
     297     298     536     558
     297     300     535     536
     297     303     547     639
     297     306     558     547
     297     344     640     622
     297     347     622     623
     297     355     639     640
     298     300     536     537
     298     301     537     538
     298     306     557     558
     298     309     556     557
     299     300     545     534
     299     302     543     545
     300     301     546     537
     300     302     545     546
     301     302     546     540
     303     304     549     637
     303     306     547     548
     303     307     548     549
     303     354     637     638
     303     355     638     639
     304     305     550     712
     304     307     549     550
     304     351     794     636
     304     354     636     637
     304     384     701     793
     304     387     712     701
     304     432     793     794
     305     307     550     551
     305     308     551     552
     305     387     711     712
     305     390     710     711
     306     307     559     548
     306     309     557     559
     307     308     560     551
     307     309     559     560
     308     309     560     554
     310     311     561     597
     310     314     572       0
     310     315     572     561
     310     330     598       0
     310     334     597     598
     311     312     563     595
     311     315     561     562
     311     316     562     563
     311     333     595     596
     311     334     596     597
     312     313     564     586
     312     316     563     564
     312     319     575     611
     312     322     586     575
     312     329     612     594
     312     333     594     595
     312     341     611     612
     313     316     564     565
     313     317     565     566
     313     322     585     586
     313     325     584     585
     314     315     571     572
     314     318     570     571
     315     316     573     562
     315     318     571     573
     316     317     574     565
     316     318     573     574
     317     318     574     568
     319     320     577     609
     319     322     575     576
     319     323     576     577
     319     340     609     610
     319     341     610     611
     320     321     578     628
     320     323     577     578
     320     337     654     608
     320     340     608     609
     320     342     617     653
     320     345     628     617
     320     362     653     654
     321     323     578     579
     321     324     579     580
     321     345     627     628
     321     348     626     627
     322     323     587     576
     322     325     585     587
     323     324     588     579
     323     325     587     588
     324     325     588     582
     326     327     589       0
     326     330     600       0
     326     331     600     589
     327     328     591       0
     327     331     589     590
     327     332     590     591
     328     329     592     614
     328     332     591     592
     328     335     603       0
     328     338     614     603
     329     332     592     593
     329     333     593     594
     329     338     613     614
     329     341     612     613
     330     331     599     600
     330     334     598     599
     331     332     601     590
     331     334     599     601
     332     333     602     593
     332     334     601     602
     333     334     602     596
     335     336     605       0
     335     338     603     604
     335     339     604     605
     336     337     606     656
     336     339     605     606
     336     356     645       0
     336     359     656     645
     337     339     606     607
     337     340     607     608
     337     359     655     656
     337     362     654     655
     338     339     615     604
     338     341     613     615
     339     340     616     607
     339     341     615     616
     340     341     616     610
     342     343     619     651
     342     345     617     618
     342     346     618     619
     342     361     651     652
     342     362     652     653
     343     344     620     642
     343     346     619     620
     343     349     631     667
     343     352     642     631
     343     358     668     650
     343     361     650     651
     343     369     667     668
     344     346     620     621
     344     347     621     622
     344     352     641     642
     344     355     640     641
     345     346     629     618
     345     348     627     629
     346     347     630     621
     346     348     629     630
     347     348     630     624
     349     350     633     665
     349     352     631     632
     349     353     632     633
     349     368     665     666
     349     369     666     667
     350     351     634     796
     350     353     633     634
     350     365     822     664
     350     368     664     665
     350     426     785     821
     350     429     796     785
     350     446     821     822
     351     353     634     635
     351     354     635     636
     351     429     795     796
     351     432     794     795
     352     353     643     632
     352     355     641     643
     353     354     644     635
     353     355     643     644
     354     355     644     638
     356     357     647       0
     356     359     645     646
     356     360     646     647
     357     358     648     670
     357     360     647     648
     357     363     659       0
     357     366     670     659
     358     360     648     649
     358     361     649     650
     358     366     669     670
     358     369     668     669
     359     360     657     646
     359     362     655     657
     360     361     658     649
     360     362     657     658
     361     362     658     652
     363     364     661       0
     363     366     659     660
     363     367     660     661
     364     365     662     824
     364     367     661     662
     364     440     813       0
     364     443     824     813
     365     367     662     663
     365     368     663     664
     365     443     823     824
     365     446     822     823
     366     367     671     660
     366     369     669     671
     367     368     672     663
     367     369     671     672
     368     369     672     666
     370     371     675     707
     370     373     673     674
     370     374     674     675
     370     389     707     708
     370     390     708     709
     371     372     676     698
     371     374     675     676
     371     377     687     723
     371     380     698     687
     371     386     724     706
     371     389     706     707
     371     397     723     724
     372     374     676     677
     372     375     677     678
     372     380     697     698
     372     383     696     697
     373     374     685     674
     373     376     683     685
     374     375     686     677
     374     376     685     686
     375     376     686     680
     377     378     689     721
     377     380     687     688
     377     381     688     689
     377     396     721     722
     377     397     722     723
     378     379     690     740
     378     381     689     690
     378     393     766     720
     378     396     720     721
     378     398     729     765
     378     401     740     729
     378     418     765     766
     379     381     690     691
     379     382     691     692
     379     401     739     740
     379     404     738     739
     380     381     699     688
     380     383     697     699
     381     382     700     691
     381     383     699     700
     382     383     700     694
     384     385     703     791
     384     387     701     702
     384     388     702     703
     384     431     791     792
     384     432     792     793
     385     386     704     726
     385     388     703     704
     385     391     715     807
     385     394     726     715
     385     428     808     790
     385     431     790     791
     385     439     807     808
     386     388     704     705
     386     389     705     706
     386     394     725     726
     386     397     724     725
     387     388     713     702
     387     390     711     713
     388     389     714     705
     388     390     713     714
     389     390     714     708
     391     392     717     805
     391     394     715     716
     391     395     716     717
     391     438     805     806
     391     439     806     807
     392     393     718     768
     392     395     717     718
     392     412     757     849
     392     415     768     757
     392     435     850     804
     392     438     804     805
     392     460     849     850
     393     395     718     719
     393     396     719     720
     393     415     767     768
     393     418     766     767
     394     395     727     716
     394     397     725     727
     395     396     728     719
     395     397     727     728
     396     397     728     722
     398     399     731     763
     398     401     729     730
     398     402     730     731
     398     417     763     764
     398     418     764     765
     399     400     732     754
     399     402     731     732
     399     405     743     779
     399     408     754     743
     399     414     780     762
     399     417     762     763
     399     425     779     780
     400     402     732     733
     400     403     733     734
     400     408     753     754
     400     411     752     753
     401     402     741     730
     401     404     739     741
     402     403     742     733
     402     404     741     742
     403     404     742     736
     405     406     745     777
     405     408     743     744
     405     409     744     745
     405     424     777     778
     405     425     778     779
     406     407     746       0
     406     409     745     746
     406     421     776       0
     406     424     776     777
     407     409     746     747
     407     410     747     748
     408     409     755     744
     408     411     753     755
     409     410     756     747
     409     411     755     756
     410     411     756     750
     412     413     759     847
     412     415     757     758
     412     416     758     759
     412     459     847     848
     412     460     848     849
     413     414     760     782
     413     416     759     760
     413     419     771     863
     413     422     782     771
     413     456     864     846
     413     459     846     847
     413     467     863     864
     414     416     760     761
     414     417     761     762
     414     422     781     782
     414     425     780     781
     415     416     769     758
     415     418     767     769
     416     417     770     761
     416     418     769     770
     417     418     770     764
     419     420     773     861
     419     422     771     772
     419     423     772     773
     419     466     861     862
     419     467     862     863
     420     421     774       0
     420     423     773     774
     420     463     860       0
     420     466     860     861
     421     423     774     775
     421     424     775     776
     422     423     783     772
     422     425     781     783
     423     424     784     775
     423     425     783     784
     424     425     784     778
     426     427     787     819
     426     429     785     786
     426     430     786     787
     426     445     819     820
     426     446     820     821
     427     428     788     810
     427     430     787     788
     427     433     799     835
     427     436     810     799
     427     442     836     818
     427     445     818     819
     427     453     835     836
     428     430     788     789
     428     431     789     790
     428     436     809     810
     428     439     808     809
     429     430     797     786
     429     432     795     797
     430     431     798     789
     430     432     797     798
     431     432     798     792
     433     434     801     833
     433     436     799     800
     433     437     800     801
     433     452     833     834
     433     453     834     835
     434     435     802     852
     434     437     801     802
     434     449     878     832
     434     452     832     833
     434     454     841     877
     434     457     852     841
     434     474     877     878
     435     437     802     803
     435     438     803     804
     435     457     851     852
     435     460     850     851
     436     437     811     800
     436     439     809     811
     437     438     812     803
     437     439     811     812
     438     439     812     806
     440     441     815       0
     440     443     813     814
     440     444     814     815
     441     442     816     838
     441     444     815     816
     441     447     827       0
     441     450     838     827
     442     444     816     817
     442     445     817     818
     442     450     837     838
     442     453     836     837
     443     444     825     814
     443     446     823     825
     444     445     826     817
     444     446     825     826
     445     446     826     820
     447     448     829       0
     447     450     827     828
     447     451     828     829
     448     449     830     880
     448     451     829     830
     448     468     869       0
     448     471     880     869
     449     451     830     831
     449     452     831     832
     449     471     879     880
     449     474     878     879
     450     451     839     828
     450     453     837     839
     451     452     840     831
     451     453     839     840
     452     453     840     834
     454     455     843     875
     454     457     841     842
     454     458     842     843
     454     473     875     876
     454     474     876     877
     455     456     844     866
     455     458     843     844
     455     461     855     891
     455     464     866     855
     455     470     892     874
     455     473     874     875
     455     481     891     892
     456     458     844     845
     456     459     845     846
     456     464     865     866
     456     467     864     865
     457     458     853     842
     457     460     851     853
     458     459     854     845
     458     460     853     854
     459     460     854     848
     461     462     857     889
     461     464     855     856
     461     465     856     857
     461     480     889     890
     461     481     890     891
     462     463     858       0
     462     465     857     858
     462     477     888       0
     462     480     888     889
     463     465     858     859
     463     466     859     860
     464     465     867     856
     464     467     865     867
     465     466     868     859
     465     467     867     868
     466     467     868     862
     468     469     871       0
     468     471     869     870
     468     472     870     871
     469     470     872     894
     469     472     871     872
     469     475     883       0
     469     478     894     883
     470     472     872     873
     470     473     873     874
     470     478     893     894
     470     481     892     893
     471     472     881     870
     471     474     879     881
     472     473     882     873
     472     474     881     882
     473     474     882     876
     475     476     885       0
     475     478     883     884
     475     479     884     885
     476     477     886       0
     476     479     885     886
     477     479     886     887
     477     480     887     888
     478     479     895     884
     478     481     893     895
     479     480     896     887
     479     481     895     896
     480     481     896     890