HEADER
'time'	'pressure drop'
UNITS
'second'	'bar'
38224	0.278329
38344	0.279208
38464	0.279023
38584	0.278342
38704	0.273156
38824	0.280263
38944	0.278149
39064	0.273371
39184	0.280144
39304	0.278745
39424	0.274405
39544	0.282772
39664	0.276386
39784	0.275355
39904	0.27875
40024	0.281763
40144	0.274356
40264	0.280827
40384	0.283071
40504	0.277831
40624	0.28536
40744	0.278682
40864	0.280095
40984	0.283104
41104	0.286317
41224	0.279716
41344	0.284641
41464	0.280788
41584	0.279942
41704	0.280448
41824	0.279624
41944	0.279863
42064	0.274979
42184	0.279964
42304	0.276506
42424	0.279602
42544	0.280505
42664	0.275513
42784	0.277575
42904	0.280944
43024	0.274454
43144	0.281433
43264	0.279564
43384	0.260594
43504	0.283409
43624	0.282054
43744	0.260599
43864	0.280029
43984	0.281822
44104	0.264204
44224	0.279561
44344	0.284347
44464	0.261004
44584	0.279376
44704	0.282799
44824	0.265518
44944	0.280946
45064	0.275989
45184	0.261263
45304	0.276201
45424	0.27714
45544	0.257358
45664	0.276005
45784	0.278326
45904	0.256493
46024	0.277001
46144	0.277412
46264	0.257165
46384	0.276761
46504	0.270963
46624	0.261086
46744	0.276767
46864	0.273069
46984	0.262368
47104	0.275322
47224	0.277281
47344	0.260017
47464	0.277142
47584	0.279091
47704	0.261989
47824	0.277714
47944	0.276443
48064	0.258956
48184	0.278944
48304	0.280342
48424	0.277556
48544	0.279877
48664	0.280394
48784	0.275213
48904	0.277567
49024	0.280073
49144	0.274481
49264	0.278574
49384	0.279733
49504	0.272275
49624	0.278353
49744	0.278897
49864	0.274128
49984	0.278133
50104	0.281692
50224	0.272392
50344	0.280046
50464	0.278805
50584	0.27385
50704	0.282486
50824	0.281695
50944	0.276517
51064	0.274612
51184	0.280122
51304	0.275281
51424	0.271741
51544	0.279923
51664	0.276206
51784	0.274201
51904	0.280446
52024	0.275483
52144	0.274606
52264	0.278263
52384	0.276255
52504	0.2728
52624	0.280149
52744	0.273994
52864	0.2781
52984	0.281303
53104	0.275406
53224	0.274294
53344	0.282481
53464	0.276642
53584	0.276076
53704	0.286377
53824	0.280359
53944	0.280533
54064	0.281814
54184	0.277839
54304	0.276432
54424	0.282195
54544	0.278057
54664	0.278821
54784	0.282277
54904	0.278304
55024	0.275836
55144	0.282443
55264	0.275349
55384	0.275224
55504	0.277953
55624	0.27708
55744	0.275126
55864	0.275151
55984	0.275953
56104	0.27601
56224	0.274941
56344	0.276527
56464	0.272909
56584	0.27545
56704	0.277654
56824	0.277904
56944	0.2772
57064	0.279499
57184	0.277787
57304	0.278321
57424	0.279055
57544	0.27838
57664	0.274764
57784	0.278949
57904	0.275445
58024	0.279779
58144	0.280114
58264	0.277578
58384	0.280511
58504	0.28075
58624	0.273164
58744	0.276141
58864	0.276419
58984	0.274163
59104	0.276979
59224	0.271197
59344	0.275167
59464	0.273175
59584	0.276702
59704	0.275978
59824	0.276639
59944	0.273292
60064	0.276332
60184	0.278955
60304	0.275717
60424	0.27844
60544	0.27453
60664	0.271975
60784	0.276293
60904	0.274879
61024	0.276854
61144	0.280361
61264	0.276027
61384	0.278867
61504	0.275823
61624	0.277317
61744	0.278342
61864	0.279972
61984	0.275137
62104	0.280525
62224	0.277668
62344	0.278155
62464	0.279711
62584	0.275747
62704	0.278489
62824	0.277306
62944	0.277793
63064	0.277366
63184	0.280073
63304	0.277061
63424	0.279866
63544	0.280029
63664	0.279395
63784	0.279436
63904	0.27785
64024	0.277689
64144	0.279877
64264	0.279096
64384	0.278084
64504	0.27985
64624	0.27927
64744	0.280348
64864	0.277044
64984	0.279578
65104	0.276808
65224	0.276465
65344	0.276552
65464	0.274661
65584	0.276348
65704	0.273431
65824	0.279311
65944	0.278114
66064	0.280837
66184	0.277355
66304	0.273717
66424	0.276103
66544	0.281376
66664	0.275303
66784	0.28016
66904	0.277869
67024	0.275461
67144	0.278549
67264	0.27791
67384	0.2744
67504	0.278609
67624	0.27724
67744	0.277349
67864	0.279787
67984	0.270895
68104	0.276617
68224	0.278767
68344	0.272011
68464	0.28013
68584	0.278274
68704	0.273695
68824	0.274941
68944	0.278653
69064	0.279458
69184	0.27718
69304	0.278419
69424	0.278519
69544	0.280682
69664	0.264493
69784	0.27711
69904	0.278579
70024	0.263549
70144	0.280916
70264	0.279738
70384	0.261257
70504	0.280108
70624	0.28053
70744	0.26255
70864	0.278185
70984	0.275719
71105	0.259649
71224	0.277153
71344	0.27908
71464	0.25781
71584	0.279561
71704	0.274272
71824	0.260417
71944	0.273717
72064	0.274579
72184	0.258969
72304	0.274642
72424	0.278761
72544	0.257432
72664	0.280769
72784	0.277934
72904	0.257821
73024	0.27982
73144	0.27801
73264	0.258292
73384	0.277801
73504	0.277458
73624	0.259584
73744	0.276884
73864	0.27868
73984	0.277385
74104	0.277929
74224	0.279278
74344	0.260354
74464	0.2765
74584	0.278721
74704	0.27791
74824	0.275798
74944	0.277806
75064	0.274558
75184	0.277997
75304	0.277855
75424	0.276566
75544	0.280413
75664	0.282647
75784	0.276911
75904	0.277768
76024	0.277888
76144	0.277627
76264	0.279382
76384	0.282859
76504	0.27804
76624	0.281428
76744	0.280304
76864	0.277194
76984	0.277559
77104	0.280021
77224	0.281267
77344	0.278525
77464	0.279238
77584	0.278405
77704	0.279137
77824	0.282633
77944	0.27647
78064	0.275072
78184	0.279814
78304	0.27804
78424	0.273181
78544	0.28189
78664	0.277031
78784	0.276345
78904	0.282228
79024	0.275453
79144	0.275483
79264	0.281768
79384	0.275142
79504	0.276772
79624	0.277708
79744	0.272824
79864	0.275689
79984	0.27844
80104	0.27551
80224	0.277733
80344	0.282943
80464	0.281662
80584	0.279194
80704	0.282625
80824	0.281659
80944	0.276288
81064	0.280138
81184	0.277249
81304	0.278119
81424	0.280255
81544	0.277882
81664	0.278506
81784	0.280356
81904	0.282105
82024	0.276274
82144	0.277164
82264	0.280538
82384	0.281496
82504	0.275396
82624	0.281531
82744	0.279907
82864	0.281036
82984	0.279847
83104	0.280369
83224	0.280797
83344	0.280805
83464	0.282533
83584	0.279999
83704	0.282758
83824	0.280568
83944	0.282968
84064	0.280076
84184	0.279686
84304	0.280761
84424	0.278829
84544	0.277572
84664	0.278119
84784	0.274691
84904	0.277929
85024	0.278527
85144	0.27376
85264	0.277085
85384	0.278206
85504	0.272601
85624	0.280612
85744	0.280753
85864	0.273679
85984	0.280944
86104	0.280644
86224	0.277597
86344	0.276503
86464	0.280106
86584	0.274236
86704	0.277635
86824	0.28093
86944	0.278165
87064	0.28028
87184	0.279888
87304	0.274332
87424	0.281888
87544	0.283403
87664	0.274413
87784	0.276857
87904	0.285213
88024	0.276315
88144	0.277877
88264	0.281877
88384	0.28376
88504	0.277937
88624	0.283235
88744	0.273771
88864	0.277896
88984	0.282231
89104	0.271151
89224	0.279384
89344	0.280484
89464	0.284728
89584	0.272773
89704	0.281583
89824	0.286451
89944	0.271706
90064	0.27936
90184	0.284255
90304	0.272607
90424	0.279907
90544	0.28607
90664	0.274261
90784	0.27634
90904	0.280209
91024	0.275738
91144	0.276424
91264	0.282723
91384	0.27188
91504	0.275151
91624	0.27961
91744	0.261306
91864	0.27776
91984	0.281983
92104	0.268122
92224	0.273989
92344	0.279398
92464	0.273009
92584	0.277376
92704	0.282704
92824	0.277028
92944	0.276756
93064	0.279983
93184	0.277439
93304	0.278481
93424	0.264555
93544	0.282715
93664	0.282677
93784	0.268463
93904	0.284543
94024	0.282337
94144	0.270509
94264	0.280242
94384	0.28309
94504	0.266071
94624	0.281602
94744	0.275804
94864	0.263551
94984	0.284652
95104	0.276465
95224	0.265965
95344	0.281365
95464	0.276606
95584	0.26578
95704	0.281501
95824	0.274226
95944	0.268014
96064	0.286723
96184	0.274862
96304	0.264811
96424	0.284437
96544	0.274957
96664	0.268607
96784	0.279314
96904	0.273687
97024	0.264879
97144	0.277624
97264	0.273836
97384	0.266936
97504	0.278843
97624	0.273632
97744	0.263965
97864	0.276655
97984	0.270511
98104	0.265157
98224	0.277512
98344	0.27505
98464	0.274394
98584	0.277793
98704	0.273907
98824	0.279044
98944	0.276946
99064	0.274596
99184	0.277463
99304	0.279423
99424	0.274743
99544	0.280454
99664	0.280644
99784	0.276144
99904	0.278108
100025	0.281733
100144	0.277072
100264	0.272596
100384	0.282571
100504	0.277589
100624	0.272993
100744	0.285123
100864	0.27838
100984	0.27524
101104	0.281066
101224	0.278092
101344	0.275406
101464	0.278438
101584	0.274947
101704	0.276555
101824	0.275183
101944	0.275638
102064	0.277485
102184	0.278424
102304	0.277477
102424	0.279616
102544	0.278408
102664	0.274704
102784	0.280269
102904	0.275885
103024	0.27714
103144	0.278984
103264	0.279526
103384	0.276506
103504	0.28071
103624	0.282266
103744	0.27838
103864	0.278661
103984	0.280718
104104	0.276585
104224	0.278478
104344	0.276598
104464	0.276492
104584	0.277034
104704	0.278394
104824	0.275167
104944	0.277232
105064	0.277844
105184	0.2768
105304	0.277534
105424	0.28031
105544	0.272413
105664	0.278636
105784	0.279414
105904	0.280538
106024	0.277961
106144	0.281229
106264	0.280269
106384	0.278038
106504	0.280451
106624	0.283749
106744	0.277983
106864	0.279831
106984	0.280242
107104	0.281164
107224	0.283945
107344	0.281485
107464	0.277687
107584	0.280413
107704	0.278459
107824	0.275102
107944	0.277129
108064	0.275698
108184	0.275978
108309	0.318531
108429	0.321072
108549	0.335893
108669	0.338995
108789	0.340081
108909	0.33312
109029	0.330585
109149	0.339082
109269	0.332356
109389	0.336794
109509	0.339662
109629	0.330617
109749	0.340402
109869	0.322925
109989	0.347574
110109	0.349936
110229	0.344124
110349	0.342214
110469	0.347261
110589	0.337901
110709	0.342355
110829	0.344211
110949	0.344962
111069	0.344916
111189	0.348907
111309	0.346314
111429	0.337305
111549	0.320161
111669	0.339839
111789	0.338266
111909	0.336609
112029	0.344276
112149	0.343702
112269	0.343479
112389	0.345264
112509	0.342864
112629	0.349996
112749	0.350575
112869	0.344108
112989	0.347267
113109	0.350556
113229	0.343414
113349	0.346614
113469	0.345256
113589	0.350654
113709	0.34826
113829	0.334337
113949	0.343425
114069	0.325603
114189	0.354322
114309	0.342723
114429	0.349713
114549	0.346676
114669	0.344007
114789	0.344714
114909	0.338342
115029	0.345182
115149	0.346491
115269	0.344818
115389	0.34808
115509	0.348614
115629	0.345362
115749	0.346127
115869	0.346804
115989	0.344236
116109	0.344538
116229	0.350513
116349	0.330729
116469	0.34694
116589	0.34906
116709	0.348676
116829	0.348045
116949	0.351125
117069	0.348018
117189	0.346034
117309	0.347884
117429	0.348565
117549	0.345495
117669	0.346725
117789	0.351781
117909	0.348075
118029	0.343449
118149	0.340633
118269	0.33804
118389	0.344475
118509	0.349868
118629	0.331531
118749	0.345563
118869	0.342902
118989	0.354453
119109	0.35322
119229	0.34866
119349	0.344747
119469	0.349386
119589	0.341615
119709	0.345523
119829	0.341466
119949	0.343096
120069	0.350418
120189	0.349044
120309	0.332293
120429	0.343289
120549	0.327592
120669	0.351101
120789	0.349024
120909	0.348472
121029	0.346948
121149	0.345792
121269	0.34623
121389	0.347797
121509	0.349925
121629	0.34678
121749	0.34543
121869	0.346657
121989	0.349261
122109	0.34383
122229	0.340402
122349	0.340266
122469	0.344429
122589	0.34207
122709	0.350328
122829	0.332489
122949	0.348105
123069	0.327823
123189	0.354883
123309	0.353906
123429	0.350733
123549	0.348105
123669	0.350154
123789	0.345389
123909	0.349479
124029	0.349498
124149	0.345988
124269	0.349384
124389	0.351835
124509	0.342497
124629	0.34543
124749	0.346401
124869	0.345694
124989	0.336677
125109	0.342981
125229	0.34685
125349	0.347653
125469	0.346752
125589	0.348516
125709	0.347599
125829	0.352524
125949	0.346815
126069	0.345038
126189	0.344146
126309	0.348698
126429	0.351193
126549	0.347008
126669	0.340824
126789	0.34574
126909	0.345631
127029	0.346167
127149	0.354698
127269	0.332699
127389	0.344342
127509	0.327975
127629	0.350431
127749	0.352711
127869	0.346494
127989	0.346181
128109	0.338181
128229	0.345465
128349	0.347226
128469	0.35026
128589	0.349901
128709	0.348951
128829	0.345721
128949	0.346826
129070	0.345637
129189	0.341379
129309	0.348959
129429	0.349686
129549	0.336962
129669	0.345814
129789	0.327341
129909	0.349229
130029	0.351819
130149	0.349326
130269	0.345909
130389	0.348657
130509	0.346497
130629	0.345664
130749	0.344747
130869	0.348322
130989	0.348978
131109	0.344151
131229	0.351122
131349	0.347552
131469	0.341599
131589	0.340992
131709	0.327178
131829	0.352534
131949	0.351928
132069	0.347376
132189	0.343857
132309	0.344486
132429	0.343109
132549	0.354178
132669	0.350369
132789	0.34697
132909	0.347623
133029	0.350039
133149	0.344829
133269	0.344051
133389	0.345618
133509	0.346467
133629	0.349335
133749	0.332887
133869	0.340872
133989	0.324947
134109	0.349661
134229	0.336892
134349	0.350847
134469	0.347136
134589	0.350665
134709	0.34851
134829	0.35331
134949	0.349901
135069	0.34842
135189	0.347732
135309	0.348861
135429	0.347006
135549	0.352251
135669	0.347936
135789	0.342859
135909	0.325529
136029	0.347152
136149	0.351065
136269	0.339996
136389	0.350831
136509	0.348222
136629	0.344668
136749	0.341531
136869	0.343049
136989	0.354039
137109	0.350371
137229	0.348935
137349	0.352613
137469	0.350009
137589	0.348295
137709	0.34854
137829	0.347283
137949	0.347123
138069	0.34989
138189	0.334767
138309	0.340307
138429	0.324082
138549	0.350271
138669	0.339169
138789	0.35177
138909	0.348001
139029	0.353285
139149	0.348929
139269	0.348638
139389	0.348978
139509	0.347008
139629	0.348295
139749	0.349898
139869	0.350442
139989	0.349833
140109	0.344146
140229	0.343632
140349	0.34571
140469	0.353615
140589	0.3523
140709	0.333735
140829	0.348888
140949	0.347669
141069	0.355484
141189	0.351566
141309	0.350453
141429	0.34528
141549	0.351604
141669	0.348826
141789	0.345357
141909	0.346559
142029	0.351258
142149	0.345495
142269	0.350328
142389	0.348731
142509	0.345074
142629	0.326484
142749	0.347585
142869	0.342394
142990	0.350194
143109	0.351819
143229	0.348614
143349	0.350984
143469	0.348883
143589	0.352129
143709	0.351509
143829	0.348282
143949	0.346178
144069	0.351618
144189	0.351245
144309	0.346785
144429	0.345912
144549	0.345982
144669	0.352102
144789	0.35097
144909	0.335763
145029	0.347784
145149	0.327363
145269	0.355859
145389	0.348156
145509	0.354915
145629	0.353446
145749	0.349258
145869	0.348883
145989	0.344102
146109	0.353996
146229	0.348638
146349	0.351133
146469	0.350714
146589	0.348132
146709	0.344116
146829	0.348597
146949	0.347735
147069	0.349892
147189	0.344959
147309	0.352393
147429	0.329295
147549	0.348954
147669	0.349005
147789	0.354502
147909	0.350287
148029	0.350211
148149	0.348818
148269	0.353666
148389	0.348494
148509	0.342579
148629	0.346508
148749	0.346031
148869	0.349049
148989	0.354031
149109	0.350954
149229	0.344026
149349	0.326487
149469	0.348233
149589	0.352744
149709	0.353514
149829	0.352309
149949	0.349204
150069	0.34718
150189	0.344464
150309	0.346671
150429	0.354148
150549	0.351541
150669	0.348056
150789	0.351005
150909	0.352129
151029	0.345925
151149	0.345588
151269	0.345909
151389	0.349501
151509	0.351422
151629	0.341893
151749	0.35029
151869	0.329828
151989	0.351362
152109	0.350823
152229	0.352262
152349	0.349544
152469	0.352589
152589	0.351832
152709	0.351272
152829	0.349046
152949	0.348627
153069	0.346894
153189	0.351041
153309	0.355065
153429	0.344478
153549	0.345713
153669	0.350638
153789	0.348551
153909	0.33742
154029	0.350758
154149	0.329589
154269	0.349465
154389	0.341637
154509	0.35297
154629	0.353631
154749	0.350301
154869	0.347591
154989	0.350608
155109	0.345615
155229	0.35094
155349	0.34962
155469	0.349386
155589	0.352951
155709	0.352975
155829	0.348807
155949	0.347416
156069	0.331997
156189	0.353144
156309	0.347958
156429	0.347253
156549	0.349697
156669	0.348603
156789	0.348205
156909	0.352086
157029	0.351261
157149	0.34675
157269	0.351073
157389	0.351813
157509	0.348328
157629	0.348619
157749	0.341583
157869	0.347922
157989	0.348516
158109	0.34383
158229	0.354436
158349	0.33074
158469	0.350755
158589	0.33093
158709	0.355966
158829	0.355849
158949	0.349653
159069	0.347046
159189	0.347084
159309	0.343934
159429	0.348461
159549	0.355321
159669	0.34968
159789	0.349672
159909	0.354888
160029	0.345471
160149	0.344018
160269	0.346937
160389	0.355277
160509	0.353168
160629	0.333012
160749	0.351256
160869	0.330337
160989	0.354747
161109	0.350692
161229	0.351141
161349	0.352583
161469	0.350867
161589	0.346791
161709	0.349242
161829	0.348654
161949	0.350404
162069	0.35362
162189	0.347623
162309	0.345245
162429	0.34444
162549	0.346913
162669	0.350777
162789	0.352061
162909	0.334584
163029	0.34521
163149	0.327534
163269	0.356129
163389	0.353166
163509	0.352739
163629	0.350328
163749	0.350562
163869	0.347762
163989	0.351041
164109	0.345593
164229	0.348622
164349	0.348684
164469	0.345969
164589	0.352428
164709	0.351585
164829	0.333926
164949	0.345212
165069	0.329102
165189	0.352521
165309	0.348083
165429	0.351185
165549	0.347982
165669	0.348399
165789	0.349367
165909	0.351267
166029	0.353332
166149	0.350276
166269	0.352597
166389	0.352216
166509	0.355329
166629	0.35066
166749	0.345553
166869	0.343528
166989	0.347123
167109	0.351582
167229	0.354722
167349	0.334729
167469	0.344366
167589	0.348146
167709	0.357582
167829	0.355927
167949	0.352039
168069	0.34737
168189	0.350567
168309	0.345857
168429	0.348981
168549	0.347827
168669	0.350205
168789	0.345699
168909	0.353737
169029	0.350448
169149	0.348162
169269	0.347776
169389	0.345906
169509	0.34174
169629	0.345367
169749	0.352651
169869	0.349623
169989	0.347531
170109	0.346959
170229	0.348105
170349	0.350222
170469	0.34866
170589	0.347438
170709	0.349601
170829	0.351198
170949	0.352676
171069	0.344298
171189	0.344184
171309	0.348241
171429	0.347038
171549	0.346086
171669	0.352491
171789	0.333178
171909	0.34645
172029	0.325559
172149	0.353734
172269	0.353348
172389	0.346203
172509	0.345762
172629	0.352733
172749	0.34528
172869	0.348069
172989	0.354341
173114	0.385189
173234	0.395716
173354	0.392426
173474	0.396712
173594	0.39817
173714	0.399735
173834	0.395697
173954	0.400687
174074	0.405101
174194	0.405019
174314	0.401871
174434	0.403498
174554	0.399841
174674	0.400195
174794	0.397898
174914	0.399182
175034	0.376767
175154	0.39475
175274	0.399607
175394	0.401588
175514	0.408287
175634	0.402442
175754	0.389246
175874	0.402328
175994	0.401033
176114	0.404573
176234	0.401476
176354	0.402521
176474	0.402975
176594	0.406706
176714	0.406437
176834	0.401941
176954	0.405272
177074	0.398135
177194	0.397866
177314	0.395683
177434	0.395357
177554	0.400135
177674	0.402494
177794	0.398829
177914	0.407008
178034	0.405419
178154	0.407024
178274	0.399185
178394	0.400619
178514	0.400608
178634	0.398597
178754	0.397561
178874	0.377902
178994	0.381553
179114	0.391496
179234	0.395969
179354	0.400581
179474	0.400954
179594	0.387774
179714	0.386291
179834	0.404828
179954	0.405321
180074	0.40297
180194	0.402774
180314	0.402418
180434	0.40223
180554	0.407626
180674	0.405424
180794	0.400241
180914	0.406706
181034	0.401433
181154	0.396034
181274	0.400429
181394	0.400154
181514	0.401688
181634	0.405193
181754	0.403201
181874	0.399683
181994	0.407204
182114	0.408257
182234	0.409002
182354	0.406113
182474	0.403199
182594	0.401465
182714	0.400796
182834	0.378552
182954	0.379856
183074	0.398464
183194	0.405013
183314	0.408172
183434	0.404812
183554	0.397893
183674	0.389784
183794	0.405713
183914	0.40192
184034	0.406349
184154	0.402635
184274	0.399482
184394	0.396442
184514	0.402347
184634	0.404037
184754	0.398652
184874	0.407577
184994	0.401422
185114	0.40479
185234	0.405136
185354	0.403607
185474	0.402548
185594	0.402728
185714	0.40331
185834	0.401112
185954	0.38794
186074	0.399506
186194	0.404529
186314	0.400954
186434	0.402788
186554	0.398981
186674	0.398802
186794	0.381894
186914	0.399174
187034	0.394625
187154	0.403082
187274	0.407639
187394	0.405177
187514	0.393112
187634	0.403634
187754	0.406205
187874	0.403457
187994	0.405332
188114	0.398753
188234	0.404662
188354	0.404358
188474	0.406885
188594	0.403528
188714	0.40746
188834	0.401509
188954	0.396728
189074	0.401177
189194	0.404007
189314	0.403601
189434	0.400053
189554	0.40325
189674	0.405024
189794	0.405536
189914	0.408194
190034	0.40389
190154	0.408134
190274	0.401207
190394	0.399449
190514	0.3982
190634	0.379594
190754	0.382492
190874	0.397765
190994	0.40328
191114	0.402371
191234	0.401667
191354	0.402244
191474	0.387915
191594	0.400034
191714	0.400524
191834	0.401144
191954	0.405375
192074	0.41079
192194	0.399128
192314	0.395063
192434	0.403724
192554	0.404439
192674	0.399637
192794	0.401302
192914	0.394581
193034	0.399308
193154	0.407647
193274	0.398636
193394	0.395096
193514	0.395708
193634	0.399626
193754	0.3994
193874	0.40251
193994	0.39927
194114	0.400714
194234	0.400396
194354	0.402608
194474	0.400826
194594	0.392513
194714	0.407013
194834	0.402483
194954	0.400445
195074	0.403422
195194	0.39964
195314	0.400254
195434	0.378033
195554	0.40051
195674	0.398064
195794	0.405057
195914	0.406564
196034	0.407343
196154	0.391112
196274	0.4079
196394	0.403305
196514	0.402905
196634	0.402124
196754	0.400328
196874	0.399539
196994	0.40238
197114	0.403762
197234	0.399895
197354	0.401038
197474	0.400012
197594	0.402132
197714	0.399697
197834	0.401237
197954	0.401865
198074	0.40097
198194	0.403468
198314	0.399055
198434	0.402714
198554	0.395656
198674	0.403196
198794	0.401117
198914	0.40399
199034	0.403367
199154	0.397708
199274	0.385651
199394	0.382079
199514	0.402513
199634	0.404627
199754	0.403765
199874	0.40466
199994	0.406779
200114	0.398589
200234	0.404755
200354	0.401737
200474	0.403819
200594	0.400978
200714	0.40122
200834	0.396587
200954	0.404186
201074	0.407038
201194	0.394195
201314	0.397661
201434	0.399893
201554	0.401335
201674	0.405805
201794	0.401721
201914	0.401433
202034	0.399049
202154	0.399952
202274	0.396921
202394	0.400562
202514	0.377009
202634	0.39755
202754	0.395768
202874	0.40577
202994	0.406845
203114	0.404042
203234	0.394576
203354	0.404426
203474	0.40469
203594	0.404265
203714	0.40248
203834	0.400603
203954	0.396644
204074	0.407528
204194	0.408088
204314	0.395561
204434	0.395482
204554	0.401199
204674	0.404333
204794	0.403814
204914	0.406464
205034	0.401852
205154	0.401174
205274	0.404586
205394	0.400826
205514	0.398472
205634	0.38006
205754	0.393071
205874	0.391575
205994	0.402273
206114	0.403109
206234	0.401996
206354	0.392127
206474	0.385578
206594	0.397291
206714	0.403495
206834	0.399738
206954	0.401762
207074	0.399498
207194	0.406505
207314	0.406349
207434	0.39512
207554	0.399065
207674	0.398902
207794	0.402399
207914	0.395223
208034	0.399403
208154	0.398916
208274	0.40439
208394	0.401582
208514	0.405041
208634	0.401044
208754	0.404624
208874	0.409688
208994	0.411331
209119	0.469386
209239	0.489948
209359	0.487475
209479	0.469304
209599	0.483488
209719	0.462545
209839	0.485099
209959	0.477837
210079	0.486465
210199	0.481206
210319	0.486465
210439	0.482278
210559	0.491093
210679	0.476436
210799	0.461933
210919	0.485567
211039	0.486073
211159	0.488223
211279	0.484199
211399	0.483031
211519	0.477573
211639	0.483801
211759	0.480868
211879	0.484316
211999	0.486601
212119	0.475026
212239	0.486691
212359	0.483657
212479	0.483135
212599	0.468591
212719	0.483415
212839	0.48181
212959	0.482501
213079	0.482354
213199	0.477812
213319	0.480264
213439	0.486198
213559	0.481654
213679	0.489845
213799	0.486732
213919	0.471935
214039	0.485769
214159	0.479967
214279	0.483831
214399	0.471489
214519	0.483752
214639	0.486579
214759	0.481548
214879	0.483483
214999	0.485194
215119	0.481244
215239	0.484756
215359	0.48058
215479	0.485496
215599	0.486764
215719	0.46045
215839	0.485635
215959	0.478131
216079	0.484452
216199	0.480376
216319	0.483856
216439	0.478819
216559	0.488919
216679	0.48301
216799	0.483532
216919	0.483042
217039	0.48415
217159	0.485902
217279	0.482185
217399	0.483701
217519	0.47945
217639	0.483584
217759	0.486544
217879	0.480245
217999	0.486514
218119	0.485094
218239	0.48785
218359	0.483105
218479	0.483581
218599	0.467897
218719	0.486337
218839	0.474403
218959	0.479105
219079	0.480201
219199	0.487124
219319	0.479061
219439	0.489608
219559	0.486362
219679	0.489153
219799	0.484754
219919	0.481891
220039	0.483423
220159	0.488114
220279	0.488392
220399	0.477581
220519	0.486846
220639	0.482166
220759	0.485096
220879	0.480917
220999	0.483812
221119	0.482895
221239	0.483548
221359	0.488778
221479	0.485883
221599	0.484457
221719	0.461337
221839	0.486149
221959	0.483162
222079	0.479513
222199	0.482721
222319	0.486612
222439	0.483224
222559	0.491746
222679	0.487265
222799	0.488381
222919	0.482882
223039	0.482465
223159	0.485828
223279	0.486471
223399	0.489074
223519	0.4787
223639	0.48893
223759	0.485551
223879	0.485921
223999	0.480631
224119	0.485012
224239	0.48326
224359	0.488158
224479	0.490174
224599	0.486345
224719	0.486405
224839	0.460668
224959	0.486792
225079	0.491088
225199	0.48003
225319	0.487986
225439	0.484013
225559	0.482705
225679	0.486688
225799	0.48197
225919	0.483216
226039	0.483475
226159	0.489945
226279	0.483785
226399	0.483088
226519	0.482759
226639	0.468931
226759	0.481208
226879	0.486054
226999	0.483722
227119	0.484724
227239	0.480893
227359	0.481167
227479	0.480871
227599	0.481654
227719	0.487401
227839	0.482239
227959	0.460714
228079	0.480874
228199	0.477837
228319	0.486008
228439	0.48098
228559	0.486713
228679	0.486193
228799	0.489377
228919	0.485641
229039	0.483113
229159	0.481554
229279	0.487589
229399	0.482865
229519	0.473464
229639	0.485314
229759	0.484291
229879	0.48354
229999	0.47867
230119	0.485992
230239	0.482822
230359	0.479309
230479	0.485491
230599	0.484841
230719	0.484212
230839	0.460404
230959	0.48677
231079	0.484231
231199	0.481391
231319	0.485145
231439	0.484971
231559	0.48225
231679	0.482852
231799	0.479578
231919	0.488974
232039	0.489932
232159	0.484337
232279	0.485622
232399	0.478754
232519	0.484786
232639	0.469538
232759	0.482675
232879	0.486745
232999	0.485167
233119	0.481407
233239	0.483265
233359	0.479592
233479	0.478234
233599	0.482884
233719	0.487273
233839	0.484566
233959	0.485393
234079	0.484179
234199	0.484136
234319	0.482052
234439	0.470493
234559	0.487488
234679	0.489812
234799	0.480495
234919	0.487951
235039	0.485388
235159	0.485246
235279	0.482441
235399	0.482218
235519	0.470711
235639	0.484033
235759	0.461432
235879	0.485184
235999	0.476417
236119	0.488351
236239	0.481638
236359	0.483986
236479	0.48403
236599	0.490674
236719	0.481355
236839	0.486533
236959	0.48348
237079	0.485235
237199	0.487926
237319	0.487387
237439	0.484354
237559	0.481989
237679	0.480884
237799	0.480501
237919	0.52057
238039	0.534063
238159	0.523005
238279	0.526866
238399	0.515269
238519	0.525084
238639	0.526079
238759	0.521119
238879	0.531464
238999	0.525173
239119	0.5255
239239	0.528009
239359	0.508113
239479	0.53228
239599	0.520444
239719	0.524986
239839	0.523111
239959	0.529802
240079	0.523709
240199	0.528117
240319	0.528324
240439	0.523426
240559	0.529238
240679	0.508695
240799	0.526077
240919	0.529943
241039	0.524275
241159	0.530041
241279	0.5307
241399	0.528575
241519	0.524909
241639	0.521767
241759	0.525492
241879	0.530398
241999	0.512703
242119	0.526512
242239	0.523266
242359	0.519435
242479	0.524316
242599	0.527413
242719	0.523875
242839	0.53403
242959	0.531742
243079	0.528874
243199	0.525592
243319	0.528044
243439	0.523462
243559	0.527641
243679	0.527426
243799	0.527315
243919	0.526909
244039	0.521949
244159	0.525195
244279	0.52747
244399	0.523587
244519	0.524175
244639	0.529641
244759	0.526621
244879	0.522482
244999	0.512616
245119	0.525805
245239	0.527859
245359	0.527353
245479	0.526735
245599	0.527728
245719	0.524262
245839	0.525241
245959	0.506211
246079	0.52442
246199	0.521187
246319	0.525315
246439	0.526352
246559	0.529995
246679	0.529342
246799	0.524733
246919	0.526964
247039	0.518341
247159	0.530251
247279	0.510714
247399	0.524145
247519	0.524501
247639	0.523603
247759	0.523462
247879	0.520131
247999	0.523946
248119	0.526164
248239	0.507759
248359	0.531763
248479	0.523168
248599	0.517666
248719	0.524714
248839	0.529312
248959	0.520186
249079	0.524382
249199	0.528049
249319	0.523342
249439	0.530017
249559	0.505509
249679	0.52261
249799	0.525807
249919	0.5251
250039	0.529557
250159	0.526588
250279	0.529037
250399	0.52378
250519	0.519927
250639	0.52538
250759	0.527538
250879	0.519078
250999	0.52409
251119	0.53218
251239	0.522259
251359	0.524996
251479	0.525263
251599	0.521176
251719	0.523908
251839	0.529151
251959	0.525818
252079	0.528806
252199	0.525791
252319	0.52165
252439	0.528226
252559	0.523103
252679	0.522752
252799	0.520531
252919	0.519051
253039	0.525579
253159	0.508771
253279	0.526074
253399	0.52436
253519	0.521446
253639	0.528145
253759	0.529247
253879	0.508752
253999	0.524983
254119	0.52578
254239	0.526566
254359	0.526518
254479	0.52479
254599	0.522994
254719	0.523421
254839	0.511822
254959	0.525154
255079	0.519818
255199	0.523465
255319	0.526477
255439	0.526934
255559	0.523835
255679	0.526085
255799	0.519965
255919	0.525195
256039	0.520235
256159	0.504138
256279	0.52482
256399	0.524183
256519	0.52273
256639	0.529938
256759	0.529565
256879	0.520765
256999	0.51864
257119	0.52664
257239	0.527551
257359	0.52738
257479	0.501901
257599	0.525606
257719	0.52313
257839	0.52544
257959	0.523734
258079	0.529908
258199	0.528849
258319	0.528588
258439	0.534384
258559	0.528047
258679	0.526248
258799	0.506663
258919	0.523184
259039	0.528319
259159	0.517748
259279	0.52686
259399	0.526137
259519	0.526205
259639	0.521829
259759	0.522918
259879	0.524803
259999	0.520564
260119	0.51328
260239	0.522904
260359	0.528858
260479	0.519979
260599	0.528787
260719	0.518221
260839	0.521756
260959	0.522904
261079	0.503944
261199	0.528395
261319	0.525233
261439	0.528098
261559	0.520888
261679	0.529927
261799	0.529432
261919	0.525927
262039	0.524899
262159	0.518431
262279	0.530131
262399	0.508165
262519	0.523845
262639	0.524297
262759	0.521114
262879	0.525867
262999	0.521119
263119	0.524537
263239	0.524128
263359	0.506638
263479	0.527089
263599	0.528022
263719	0.515217
263839	0.526074
263959	0.527886
264079	0.519141
264199	0.526186
264319	0.52698
264439	0.523454
264559	0.530536
264679	0.503027
264799	0.526082
264919	0.517674
265039	0.528896
265159	0.528278
265279	0.530732
265399	0.528218
265519	0.523187
265639	0.531151
265759	0.524262
265879	0.52643
265999	0.509302
266119	0.521435
266239	0.527802
266359	0.518281
266479	0.527541
266599	0.524586
266719	0.551567
266839	0.55346
266959	0.559305
267079	0.555055
267199	0.558812
267319	0.559093
267439	0.544054
267559	0.539861
267679	0.558916
267799	0.558412
267919	0.551801
268039	0.560557
268159	0.555115
268279	0.557098
268399	0.554407
268519	0.554007
268639	0.549578
268759	0.560524
268879	0.552707
268999	0.555411
269119	0.552581
269239	0.55216
269359	0.553683
269479	0.559762
269599	0.558227
269719	0.553365
269839	0.553447
269959	0.553088
270079	0.551542
270199	0.55709
270319	0.556774
270439	0.557057
270559	0.550734
270679	0.559645
270799	0.557642
270919	0.558676
271039	0.557917
271159	0.556042
271279	0.554298
271399	0.544367
271519	0.558573
271639	0.558565
271759	0.554062
271879	0.552908
271999	0.555545
272119	0.558889
272239	0.544835
272359	0.558056
272479	0.548383
272599	0.543744
272719	0.535891
272839	0.546274
272959	0.551311
273079	0.558924
273199	0.555931
273319	0.561803
273439	0.552854
273559	0.55373
273679	0.556339
273799	0.554911
273919	0.554146
274039	0.5589
274159	0.555896
274279	0.548505
274399	0.552949
274519	0.555392
274639	0.558774
274759	0.555087
274879	0.55681
274999	0.555833
275119	0.557164
275239	0.555985
275359	0.556135
275479	0.557702
275599	0.554788
275719	0.557485
275839	0.555566
275959	0.55536
276079	0.558614
276199	0.555147
276319	0.554677
276439	0.552981
276559	0.557803
276679	0.558312
276799	0.553768
276919	0.553784
277039	0.551243
277159	0.553365
277279	0.535646
277399	0.550696
277519	0.551762
277639	0.545855
277759	0.544846
277879	0.549237
277999	0.548386
278119	0.557419
278239	0.549874
278359	0.55275
278479	0.550258
278599	0.552845
278719	0.550886
278839	0.551115
278959	0.554649
279079	0.556715
279199	0.560676
279319	0.551368
279439	0.551553
279559	0.553819
279679	0.553939
279799	0.553547
279919	0.55469
280039	0.54988
280159	0.553447
280279	0.555419
280399	0.558113
280519	0.55561
280639	0.553994
280759	0.551964
280879	0.555289
280999	0.555245
281119	0.548334
281239	0.554434
281359	0.557743
281479	0.550652
281599	0.553107
281719	0.558108
281839	0.557656
281959	0.552258
282079	0.550459
282199	0.538394
282319	0.541758
282439	0.54037
282559	0.552236
282679	0.547872
282799	0.542171
282919	0.550859
283039	0.552228
283159	0.549912
283279	0.549129
283399	0.55537
283519	0.557476
283639	0.552084
283759	0.552124
283879	0.552372
283999	0.550048
284119	0.554032
284239	0.556317
284359	0.553934
284479	0.550818
284599	0.554192
284719	0.552747
284839	0.553289
284959	0.554892
285079	0.554807
285199	0.554116
285319	0.548195
285439	0.555857
285559	0.55364
285679	0.549676
285799	0.55352
285919	0.550821
286039	0.558633
286159	0.556834
286279	0.555188
286399	0.552296
286519	0.553134
286639	0.557379
286759	0.556062
286879	0.558206
286999	0.556023
287119	0.552641
287239	0.537056
287359	0.534963
287479	0.53738
287599	0.561607
287719	0.554124
287839	0.548198
287959	0.539257
288079	0.541619
288199	0.553983
288319	0.550821
288439	0.553098
288559	0.556377
288679	0.557313
288799	0.554494
288919	0.551841
289039	0.550388
289159	0.551387
289279	0.549221
289399	0.555934
289519	0.555202
289639	0.554018
289759	0.553719
289879	0.55235
289999	0.553664
290119	0.558935
290239	0.554726
290359	0.550383
290479	0.554995
290599	0.555082
290719	0.551052
290839	0.554592
290959	0.55499
291079	0.546212
291199	0.553917
291319	0.556995
291439	0.553566
291559	0.552152
291679	0.553928
291799	0.556734
291919	0.554549
292039	0.560938
292159	0.549161
292279	0.552962
292399	0.541251
292519	0.53914
292639	0.550794
292759	0.556726
292879	0.556628
292999	0.545434
293119	0.552105
293239	0.548647
293359	0.552032
293479	0.553147
293599	0.553411
293719	0.55444
293839	0.553591
293959	0.547401
294079	0.551643
294199	0.551994
294319	0.548217
294439	0.55481
294559	0.556951
294679	0.554453
294799	0.550924
294919	0.554688
295039	0.547741
295159	0.555343
295279	0.556693
295399	0.548829
328385	0.687775
328505	0.693334
328625	0.673563
328745	0.68165
328865	0.686537
328985	0.688507
329105	0.691143
329225	0.6956
329345	0.690496
329465	0.678643
329585	0.694052
329705	0.696288
329825	0.685228
329945	0.678047
330065	0.695586
330185	0.690983
330305	0.689815
330425	0.695143
330545	0.692245
330665	0.700326
330785	0.694161
330905	0.699709
331025	0.672709
331145	0.692237
331265	0.698503
331385	0.688139
331505	0.68621
331625	0.689905
331745	0.695252
331865	0.687541
331985	0.699842
332105	0.694531
332225	0.697037
332345	0.696648
332465	0.697056
332585	0.697551
332705	0.696427
332825	0.688335
332945	0.703956
333065	0.697075
333185	0.698705
333305	0.6815
333425	0.697355
333545	0.695415
333665	0.683103
333785	0.696941
333905	0.698302
334025	0.697684
334145	0.695426
334265	0.698329
334385	0.697524
334505	0.69677
334625	0.681655
334745	0.699728
334865	0.699741
334985	0.698647
335105	0.700928
335225	0.693442
335345	0.691007
335465	0.696667
335585	0.687745
335705	0.691048
335825	0.698326
335945	0.687119
336065	0.69628
336185	0.700786
336305	0.694819
336425	0.702704
336545	0.694465
336665	0.696767
336785	0.688071
336905	0.69425
337025	0.692085
337145	0.704563
337265	0.695287
337385	0.695407
337505	0.702193
337625	0.699902
337745	0.701039
337865	0.699608
337985	0.695393
338105	0.696955
338225	0.703126
338345	0.698778
338465	0.697755
338585	0.688447
338705	0.70404
338825	0.697309
338945	0.697616
339065	0.698582
339185	0.699015
339305	0.695214
339425	0.693861
339545	0.693483
339665	0.701039
339785	0.695083
339905	0.693072
340025	0.693178
340145	0.699502
340265	0.696166
340385	0.704081
340505	0.69104
340625	0.697486
340745	0.697774
340865	0.700985
340985	0.700378
341105	0.693831
341225	0.70043
341345	0.699249
341465	0.684765
341585	0.692076
341705	0.698691
341825	0.693948
341945	0.683715
342065	0.700977
342185	0.700245
342305	0.689704
342425	0.704196
342545	0.693483
342665	0.69631
342785	0.694055
342905	0.700443
343025	0.684085
343145	0.692966
343265	0.688406
343385	0.699823
343505	0.682398
343625	0.695684
343745	0.691614
343865	0.686934
343985	0.693494
344105	0.69566
344225	0.693276
344345	0.698435
344465	0.691037
344585	0.681016
344705	0.70065
344825	0.696941
344945	0.69428
345065	0.694765
345185	0.69609
345305	0.69545
345425	0.70016
345545	0.697728
345665	0.694221
345785	0.697946
345905	0.695399
346025	0.696563
346145	0.671985
346265	0.697252
346385	0.699026
346505	0.685244
346625	0.702696
346745	0.694648
346865	0.705104
346985	0.694433
347105	0.700647
347225	0.68569
347345	0.692142
347465	0.69369
347585	0.699328
347705	0.687671
347825	0.692691
347945	0.695129
348065	0.700468
348185	0.700122
348305	0.692027
348425	0.681443
348545	0.698403
348665	0.692893
348785	0.682134
348905	0.698707
349025	0.691611
349145	0.701017
349265	0.697532
349385	0.692675
349505	0.696688
349625	0.700462
349745	0.701997
349865	0.695192
349985	0.695265
350105	0.696239
350225	0.697978
350345	0.695382
350465	0.694604
350585	0.695785
350705	0.694008
350825	0.696909
350945	0.694204
351065	0.694555
351185	0.701096
351305	0.700944
351425	0.674262
351545	0.697037
351665	0.688909
351785	0.696631
351905	0.691274
352025	0.69384
352145	0.692607
352265	0.698756
352385	0.695067
352505	0.693162
352625	0.700212
352745	0.697298
352865	0.694689
352985	0.694008
353105	0.698672
353225	0.701608
353345	0.699826
353465	0.695573
353585	0.695965
353705	0.684357
353825	0.696664
353945	0.680736
354065	0.689402
354185	0.697067
354305	0.69717
354425	0.703374
354545	0.703099
354665	0.694215
354785	0.698865
354905	0.705159
355025	0.694463
355145	0.691521
355265	0.698569
355385	0.700479
355505	0.691951
355625	0.694618
355745	0.701254
355865	0.700424
355985	0.704253
356105	0.691013
356225	0.698234
356345	0.677525
356465	0.665855
356585	0.6476
356705	0.637761
356825	0.628126
356945	0.644356
357065	0.644234
357185	0.64144
357305	0.647594
357425	0.634058
357545	0.642378
357665	0.641494
357785	0.640446
357905	0.643812
358025	0.645219
358145	0.645812
358265	0.645298
358385	0.639344
358505	0.644433
358625	0.644767
358745	0.641459
358865	0.652089
358985	0.641807
359105	0.64803
359225	0.650786
359345	0.636585
359465	0.637502
359585	0.634278
359705	0.64736
359825	0.645967
359945	0.641083
360065	0.64095
360185	0.646647
360305	0.636749
360425	0.641611
360545	0.626091
360665	0.645238
360785	0.638373
360905	0.643714
361025	0.640231
361145	0.626651
361265	0.649548
361385	0.639399
361505	0.639861
361625	0.647445
361745	0.637676
361865	0.642523
361985	0.643072
362105	0.640332
362225	0.640925
362345	0.649676
362465	0.646109
362585	0.644161
362705	0.640052
362825	0.637674
362945	0.646
363065	0.64157
363185	0.646849
363305	0.64742
363425	0.647303
363545	0.651986
363665	0.638686
363785	0.639176
363905	0.646827
364025	0.642201
364145	0.648574
364265	0.631655
364385	0.647627
364505	0.648201
364625	0.644003
364745	0.627435
364865	0.630923
364985	0.62996
365105	0.64686
365225	0.6359
365345	0.643752
365465	0.629288
365585	0.64603
365705	0.640338
365825	0.63969
365945	0.640767
366065	0.644482
366185	0.641747
366305	0.64606
366425	0.648324
366545	0.64397
366665	0.65028
366785	0.642854
366905	0.638642
367025	0.653216
367145	0.642702
367265	0.646419
367385	0.633943
367505	0.645347
367625	0.648617
367745	0.646109
367865	0.637437
367985	0.638125
368105	0.64496
368225	0.646639
368345	0.644963
368465	0.643363
368585	0.63095
368705	0.646549
368825	0.642267
368945	0.638476
369065	0.648228
369185	0.638408
369305	0.645477
369425	0.639946
369545	0.641469
369665	0.63424
369785	0.644283
369905	0.640128
370025	0.649896
370145	0.648675
370265	0.64708
370385	0.648672
370505	0.641309
370625	0.636904
370745	0.646925
370865	0.648917
370985	0.648285
371105	0.638604
371225	0.649646
371345	0.652457
371465	0.642215
371585	0.636955
371705	0.634629
371825	0.648019
371945	0.644868
372065	0.642438
372185	0.650748
372305	0.635573
372425	0.646207
372545	0.639431
372665	0.641932
372785	0.648119
372905	0.650196
373025	0.641293
373145	0.649589
373265	0.642544
373385	0.639644
373505	0.649107
373625	0.649412
373745	0.646571
373865	0.634689
373985	0.645347
374105	0.646947
374225	0.640169
374345	0.632871
374465	0.657237
374585	0.652179
374705	0.652302
374825	0.635543
374945	0.645167
375065	0.646895
375185	0.647453
375305	0.640381
375425	0.634479
375545	0.648079
375665	0.649023
375785	0.648462
375905	0.640427
376025	0.63193
376145	0.646805
376265	0.642291
376385	0.642425
376505	0.645608
376625	0.652647
376745	0.647238
376865	0.649123
376985	0.642833
377105	0.645241
377225	0.644914
377345	0.649409
377465	0.648604
377585	0.648647
377705	0.65044
377825	0.64403
377945	0.640765
378065	0.642533
378185	0.650479
378305	0.639012
378425	0.651393
378545	0.637255
378665	0.649232
378785	0.641739
378905	0.647407
379025	0.640797
379145	0.634267
379265	0.64499
379385	0.648106
379505	0.641747
379625	0.649197
379745	0.630333
379865	0.643782
379985	0.646316
380105	0.640321
380225	0.645233
380345	0.646422
380465	0.644022
380585	0.645461
380705	0.636501
380825	0.63954
380945	0.646873
381065	0.644686
381185	0.646465
381305	0.650196
381425	0.647303
381545	0.653488
381665	0.636223
381785	0.641263
381905	0.6387
382025	0.647537
382145	0.644424
382265	0.646528
382385	0.647306
382505	0.651526
382625	0.643325
382745	0.633184
382865	0.649736
382985	0.640599
383105	0.643875
383225	0.630006
383345	0.644827
383465	0.626779
383585	0.65004
383705	0.64508
383825	0.640139
383945	0.647905
384065	0.642305
384185	0.642884
384305	0.647831
384425	0.645586
384545	0.653385
384665	0.644316
384785	0.647883
384905	0.644634
385025	0.646122
385145	0.64782
385265	0.652021
385385	0.643361
385505	0.644528
385625	0.644158
385745	0.647164
385865	0.647559
385985	0.646977
386105	0.647733
386225	0.639214
386345	0.647094
386465	0.639225
386585	0.648748
386705	0.649238
386825	0.644395
386945	0.636357
387065	0.649619
387185	0.659662
387305	0.647948
387425	0.631933
387545	0.639782
387665	0.644226
387785	0.655463
387905	0.643641
388025	0.65167
388145	0.650582
388265	0.650821
388385	0.648016
388505	0.641905
388625	0.648841
388745	0.644528
388865	0.647311
388985	0.653804
389105	0.64154
389225	0.639407
389345	0.635102
389465	0.651189
389585	0.651532
389705	0.64455
389825	0.648509
389945	0.642351
390065	0.641434
390185	0.646144
390305	0.647845
390425	0.648128
390545	0.650013
390665	0.64382
390785	0.648468
390905	0.634003
391025	0.65117
391145	0.643178
391265	0.648062
391385	0.651942
391505	0.644808
391625	0.633048
391745	0.64926
391865	0.638762
391985	0.650805
392105	0.641102
392225	0.646922
392345	0.646911
392466	0.559895
392585	0.517674
392705	0.498756
392825	0.505969
392945	0.50337
393065	0.496946
393185	0.501006
393305	0.495477
393425	0.49785
393545	0.495137
393665	0.497055
393785	0.500919
393905	0.49438
394025	0.48702
394145	0.499319
394265	0.4924
394385	0.486465
394505	0.501713
394625	0.496247
394745	0.479053
394865	0.498598
394985	0.497703
395105	0.495327
395225	0.491899
395345	0.495986
395465	0.494554
395585	0.489806
395705	0.489594
395825	0.493012
395945	0.494489
396065	0.491025
396185	0.493156
396305	0.49413
396425	0.491989
396545	0.494862
396665	0.496241
396785	0.492625
396905	0.501447
397025	0.490204
397145	0.49133
397265	0.494633
397385	0.489322
397505	0.48391
397625	0.500394
397745	0.49521
397865	0.491216
397985	0.493325
398105	0.49083
398225	0.488868
398345	0.478221
398465	0.496938
398585	0.492971
398705	0.481369
398825	0.494544
398945	0.493523
399065	0.485398
399185	0.491132
399305	0.490838
399425	0.496968
399545	0.492585
399665	0.486032
399785	0.490636
399905	0.497926
400025	0.493746
400145	0.496225
400265	0.495458
400385	0.492536
400505	0.493118
400625	0.493205
400745	0.495224
400865	0.49582
400985	0.489619
401105	0.488819
401225	0.496748
401345	0.488522
401465	0.487711
401585	0.495978
401705	0.491387
401825	0.489972
401945	0.49675
402065	0.49598
402185	0.490353
402305	0.491504
402425	0.494571
402545	0.492552
402665	0.492927
402785	0.490299
402905	0.494859
403025	0.49573
403145	0.488261
403265	0.492484
403385	0.49167
403505	0.489594
403625	0.490764
403745	0.491885
403865	0.492108
403985	0.485951
404105	0.494252
404225	0.494775
404345	0.487249
404465	0.495708
404585	0.492212
404705	0.491915
404825	0.497392
404945	0.495099
405065	0.490247
405185	0.493814
405305	0.490982
405425	0.482351
405545	0.494778
405665	0.488481
405785	0.487083
405905	0.494073
406025	0.490737
406145	0.485709
406265	0.49425
406385	0.494331
406505	0.486873
406625	0.489159
406745	0.491757
406865	0.484933
406985	0.492941
407105	0.492976
407225	0.491602
407345	0.494299
407465	0.485045
407585	0.483741
407705	0.494184
407825	0.490862
407945	0.486226
408065	0.490451
408185	0.492663
408305	0.486816
408425	0.488103
408545	0.489246
408665	0.487502
408785	0.481633
408905	0.490394
409025	0.483624
409145	0.492323
409265	0.487439
409385	0.485507
409505	0.489208
409625	0.489085
409745	0.480223
409865	0.48788
409985	0.490269
410105	0.476847
410225	0.486713
410345	0.49161
410465	0.473829
410585	0.492438
410705	0.491787
410825	0.49555
410945	0.500385
411065	0.483469
411185	0.492272
411305	0.49019
411425	0.486198
411545	0.478689
411665	0.491559
411785	0.48899
411905	0.484299
412025	0.486669
412145	0.484979
412265	0.488558
412385	0.484397
412505	0.48643
412625	0.484054
412745	0.488865
412865	0.48847
412985	0.484318
413105	0.489997
413225	0.487295
413345	0.482422
413465	0.490666
413585	0.490631
413705	0.476893
413825	0.490533
413945	0.486683
414065	0.475821
414185	0.486032
414305	0.494013
414425	0.490759
414545	0.485358
414665	0.486634
414785	0.492405
414905	0.487959
415025	0.48455
415145	0.487431
415265	0.494623
415385	0.487605
415505	0.486865
415625	0.489975
415745	0.489632
415865	0.491376
415985	0.484675
416105	0.489896
416225	0.489447
416345	0.486079
416465	0.489406
416585	0.49318
416705	0.489058
416825	0.481371
416945	0.491112
417065	0.492881
417185	0.486789
417305	0.482824
417425	0.492266
417545	0.491556
417665	0.474289
417785	0.485937
417905	0.489401
418025	0.493161
418145	0.482258
418265	0.490582
418385	0.492639
418505	0.492799
418625	0.482648
418745	0.490079
418865	0.488808
418985	0.486664
419105	0.495175
419225	0.492087
419345	0.487703
419465	0.492359
419585	0.491616
419705	0.486822
419825	0.4917
419945	0.483102
420065	0.486884
420185	0.490949
420305	0.4856
420425	0.48431
420545	0.488786
420665	0.487722
420785	0.483366
420905	0.481551
421025	0.49099
421145	0.487755
421265	0.490849
421385	0.491034
421505	0.486416
421625	0.491145
421745	0.482803
421865	0.48649
421985	0.488321
422105	0.482574
422225	0.485594
422345	0.486898
422465	0.488987
422585	0.48459
422705	0.489009
422825	0.488269
422945	0.486985
423065	0.491806
423185	0.489276
423305	0.485235
423425	0.491951
423545	0.48145
423665	0.483679
423785	0.491229
423905	0.483175
424025	0.481899
424145	0.486832
424265	0.489412
424385	0.476784
424505	0.482114
424625	0.488163
424745	0.486778
424865	0.49277
424985	0.492565
425105	0.488182
425225	0.487317
425345	0.47901
425465	0.479989
425585	0.490166
425705	0.48594
425825	0.483769
425945	0.487088
426065	0.48847
426185	0.485494
426305	0.478302
426425	0.487613
426545	0.482854
426665	0.484933
426785	0.486147
426905	0.474444
427025	0.489287
427145	0.482272
427265	0.481388
427385	0.486955
427505	0.489001
427625	0.471465
427745	0.488457
427865	0.48729
427985	0.483537
428105	0.490356
428225	0.486201
428345	0.487771
428465	0.490555
428585	0.486971
428705	0.486607
428825	0.485594
428945	0.483023
429065	0.48317
429185	0.492038
429305	0.483374
429425	0.489858
429545	0.485997
429665	0.484593
429785	0.489548
429905	0.481342
430025	0.488694
430145	0.48372
430265	0.480833
430385	0.483458
430505	0.479986
430625	0.488373
430745	0.484155
430865	0.482046
430985	0.485018
431105	0.485937
431225	0.475636
431345	0.489624
431465	0.485956
431585	0.474117
431705	0.483456
431825	0.487926
431945	0.479385
432065	0.482941
432185	0.484438
432305	0.485812
432425	0.486993
432545	0.482922
432665	0.484307
432785	0.484707
432905	0.48409
433025	0.487559
433145	0.489017
433265	0.486169
433385	0.489717
433505	0.490979
433625	0.487812
433745	0.488492
433865	0.489409
433985	0.483309
434105	0.489393
434225	0.478544
434345	0.482909
434465	0.48948
434585	0.487779
434705	0.484169
434825	0.484131
434945	0.488275
435065	0.48415
435185	0.482645
435305	0.48819
435425	0.488024
435545	0.486615
435665	0.481042
435785	0.486941
435905	0.486666
436025	0.485412
436145	0.482876
436265	0.489145
436385	0.488609
436505	0.482188
436625	0.489831
436745	0.490002
436865	0.484544
436985	0.491926
437105	0.488598
437225	0.48443
437345	0.488906
437465	0.483695
437585	0.47997
437705	0.487436
437825	0.48095
437945	0.479189
438065	0.485186
438185	0.485692
438305	0.483249
438425	0.483254
438545	0.488533
438665	0.487741
438785	0.489363
438905	0.48369
439025	0.482161
439145	0.489341
439265	0.481048
439385	0.480808
439505	0.48668
439625	0.479157
439745	0.481597
439865	0.488185
439985	0.48622
440105	0.483543
440225	0.484824
440345	0.486481
440465	0.488196
440585	0.48049
440705	0.487896
440825	0.48068
440945	0.486
441065	0.485817
441185	0.475179
441305	0.487186
441425	0.486604
441545	0.477475
441665	0.48572
441785	0.48961
441905	0.470496
442025	0.485507
442145	0.488337
442265	0.487842
442385	0.485918
442505	0.4816
442625	0.485997
442745	0.487545
442865	0.482732
442985	0.486683
443105	0.485012
443225	0.483965
443345	0.490024
443465	0.484667
443585	0.486865
443705	0.480093
443825	0.475641
443945	0.487711
444065	0.475007
444185	0.487567
444305	0.479821
444425	0.48369
444545	0.483276
444665	0.481042
444785	0.475258
444905	0.486465
445025	0.488041
445145	0.476525
445265	0.483663
445385	0.488
445505	0.484424
445625	0.48015
445745	0.482852
445865	0.48625
445985	0.482454
446105	0.481475
446225	0.483614
446345	0.48385
446469	0.47572
446589	0.44299
446709	0.431137
446829	0.427195
446949	0.416537
447069	0.419288
447189	0.422474
447309	0.419345
447429	0.420955
447549	0.41439
447669	0.418055
447789	0.424746
447909	0.422117
448029	0.419345
448149	0.418112
448269	0.424525
448389	0.419018
448509	0.41698
448629	0.422634
448749	0.418847
448869	0.416771
448989	0.4123
449109	0.413386
449229	0.417187
449349	0.418305
449469	0.418381
449589	0.4163
449709	0.422517
449829	0.418485
449949	0.417124
450069	0.421323
450190	0.421619
450309	0.413437
450429	0.413965
450549	0.409617
450669	0.414621
450789	0.418292
450909	0.412082
451029	0.423829
451149	0.418379
451269	0.417505
451389	0.419609
451509	0.41658
451629	0.417788
451749	0.419709
451869	0.415263
451989	0.402273
452109	0.42101
452229	0.411914
452349	0.416246
452469	0.412311
452589	0.41279
452709	0.417437
452829	0.418281
452949	0.411051
453069	0.418044
453189	0.419587
453309	0.417783
453429	0.417533
453549	0.418934
453669	0.41036
453789	0.414306
453909	0.409767
454029	0.415217
454149	0.416259
454269	0.415669
454389	0.416341
454509	0.416398
454629	0.416335
454749	0.417356
454869	0.419105
454989	0.420686
455109	0.415282
455229	0.413522
455349	0.413579
455469	0.40352
455589	0.40793
455709	0.414953
455829	0.414164
455949	0.413307
456069	0.416888
456189	0.417546
456309	0.418474
456429	0.42049
456549	0.41867
456669	0.416964
456789	0.416844
456909	0.407386
457029	0.415274
457149	0.415802
457269	0.413059
457389	0.418545
457509	0.415416
457629	0.416624
457749	0.415614
457869	0.407076
457989	0.41944
458109	0.420708
458229	0.418115
458349	0.411552
458469	0.414093
458589	0.413976
458709	0.413609
458829	0.412012
458949	0.413579
459069	0.41695
459189	0.416488
459309	0.411968
459429	0.419222
459549	0.415625
459669	0.414257
459789	0.40543
459909	0.418349
460029	0.411682
460149	0.410102
460269	0.411323
460389	0.413495
460509	0.417568
460629	0.415497
460749	0.40863
460869	0.418664
460989	0.420724
461109	0.416074
461229	0.416529
461349	0.418798
461469	0.418349
461589	0.413326
461709	0.410717
461829	0.410243
461949	0.413753
462069	0.417043
462189	0.412561
462309	0.414741
462429	0.415753
462549	0.415767
462669	0.416112
462789	0.419331
462909	0.411593
463029	0.416703
463149	0.413361
463269	0.413443
463389	0.41698
463509	0.416833
463629	0.416776
463749	0.421385
463869	0.417845
463989	0.41473
464109	0.41522
464229	0.419375
464349	0.418365
464469	0.413946
464589	0.409476
464709	0.40571
464829	0.413326
464949	0.416692
465069	0.417794
465189	0.4167
465309	0.415497
465429	0.415982
465549	0.413636
465669	0.412624
465789	0.420828
465909	0.415625
466029	0.41744
466149	0.406047
466269	0.41867
466389	0.412194
466509	0.412975
466629	0.414605
466749	0.417307
466869	0.417133
466989	0.414518
467109	0.416455
467229	0.418583
467349	0.415963
467469	0.412515
467589	0.403245
467709	0.421195
467829	0.417522
467949	0.41611
468069	0.414338
468189	0.417747
468309	0.416009
468429	0.414156
468549	0.416036
468669	0.40697
468789	0.41113
468909	0.413163
469029	0.417062
469149	0.418621
469269	0.42141
469389	0.417938
469509	0.417625
469629	0.420079
469749	0.418022
469869	0.419249
469989	0.41756
470109	0.414942
470229	0.410766
470349	0.412542
470469	0.412398
470589	0.419992
470709	0.414866
470829	0.418629
470949	0.419717
471069	0.415353
471189	0.421274
471309	0.418896
471429	0.416178
471549	0.4054
471669	0.417982
471789	0.416776
471909	0.415633
472029	0.420637
472149	0.414169
472269	0.418999
472389	0.417677
472509	0.409011
472629	0.418066
472749	0.418501
472869	0.41624
472989	0.41821
473109	0.41812
473229	0.418373
473349	0.416711
473469	0.414526
473589	0.414665
473709	0.419369
473829	0.41741
473949	0.41655
474069	0.419013
474189	0.422955
474309	0.416118
474429	0.41966
474549	0.420137
474669	0.418621
474789	0.418969
474909	0.417935
475029	0.41809
475149	0.408597
475269	0.41501
475389	0.414023
475509	0.416591
475629	0.419715
475749	0.416387
475869	0.41538
475989	0.41824
476109	0.416724
476229	0.418564
476349	0.415443
476469	0.405909
476589	0.417114
476709	0.412896
476829	0.410747
476949	0.420874
477069	0.419508
477189	0.415933
477309	0.414937
477429	0.411579
477549	0.420194
477669	0.417081
477789	0.415519
477909	0.410942
478029	0.410787
478149	0.414749
478269	0.41147
478389	0.415492
478509	0.416311
478629	0.415663
478749	0.416496
478869	0.41279
478990	0.415881
479109	0.4151
479229	0.411193
479349	0.402129
479469	0.41867
479589	0.411451
479709	0.413935
479829	0.416507
479949	0.411331
480069	0.418806
480189	0.413906
480309	0.414384
480429	0.420316
480549	0.416392
480669	0.413478
480789	0.404687
480909	0.42098
481029	0.41122
481149	0.414433
481269	0.412295
481389	0.416346
481509	0.415473
481629	0.414104
481749	0.416599
481869	0.421649
481989	0.416746
482109	0.415228
482229	0.411808
482349	0.412295
482469	0.416926
482589	0.41843
482709	0.417217
482829	0.419108
482949	0.414499
483069	0.415911
483189	0.418659
483309	0.410921
483429	0.41978
483549	0.416082
483669	0.417122
483789	0.421423
483909	0.414003
484029	0.414602
484149	0.412515
484269	0.411519
484389	0.415538
484509	0.417241
484629	0.417179
484749	0.416251
484869	0.418167
484989	0.417538
485109	0.414031
485229	0.418694
485349	0.42156
485469	0.409356
485589	0.411965
485709	0.413674
485829	0.41442
485949	0.419413
486069	0.412673
486189	0.417723
486309	0.420909
486429	0.417266
486549	0.416142
486669	0.416207
486789	0.421445
486909	0.414817
487029	0.412687
487149	0.409337
487269	0.418577
487389	0.417731
487509	0.417241
487629	0.415576
487749	0.419606
487869	0.419459
487989	0.416207
488109	0.414466
488229	0.420139
488349	0.413976
488469	0.415478
488589	0.412224
488709	0.417206
488829	0.419464
488949	0.417206
489069	0.413954
489189	0.419903
489309	0.417035
489429	0.417432
489549	0.414374
489669	0.403645
489789	0.409911
489909	0.415805
490029	0.411666
490149	0.417533
490269	0.420542
490389	0.418553
490509	0.413081
490629	0.419171
490749	0.414822
490869	0.413677
490989	0.41415
491109	0.401743
491229	0.412888
491349	0.415269
491469	0.415497
491589	0.416213
491709	0.411867
491829	0.419737
491949	0.418387
492069	0.414213
492189	0.416333
492309	0.417543
492429	0.412504
492549	0.410439
492669	0.411802
492789	0.411693
492909	0.413832
493029	0.415541
493149	0.413658
493270	0.417407
493389	0.417263
493509	0.41134
493629	0.419432
493749	0.418224
493869	0.414814
493989	0.402513
494109	0.41784
494229	0.411027
494349	0.412901
494469	0.41067
494589	0.414069
494709	0.418156
494829	0.413631
494949	0.406303
495069	0.415573
495189	0.418577
495309	0.41799
495429	0.415152
495549	0.420267
495669	0.415663
495789	0.415263
495909	0.412341
496029	0.419688
496149	0.414779
496269	0.412695
496389	0.410727
496509	0.416104
496629	0.419826
496749	0.416961
496869	0.417184
496989	0.419282
497109	0.418275
497229	0.41688
497349	0.413465
497469	0.405095
497589	0.409781
497709	0.410787
497829	0.410281
497949	0.416529
498069	0.418798
498189	0.414953
498309	0.413862
498429	0.410526
498549	0.416999
498669	0.41726
498789	0.413696
498909	0.410415
499029	0.420311
499149	0.415416
499269	0.40974
499389	0.419478
499509	0.413348
499629	0.412553
499749	0.412507
499869	0.407435
499989	0.417587
500109	0.413476
500229	0.413258
500349	0.415821
500469	0.418594
500589	0.413527
500709	0.408338
500829	0.414325
500949	0.416477
501069	0.413375
501189	0.412572
501309	0.40965
501429	0.412972
501549	0.417331
501669	0.413941
501789	0.413484
501909	0.414697
502029	0.411922
502149	0.412102
502269	0.410891
502389	0.417445
502509	0.41291
502629	0.410866
502749	0.401675
502869	0.417432
502989	0.413135
503109	0.410548
503229	0.410945
503349	0.410733
503469	0.412763
503589	0.414564
503709	0.40888
503829	0.413223
503949	0.412994
504069	0.408793
504189	0.406586
504309	0.412425
504429	0.406042
504549	0.410678
504669	0.404967
504789	0.4058
504909	0.4071
505029	0.408934
505149	0.404679
505269	0.406578
505389	0.408994
505509	0.410208
505629	0.40814
505749	0.411402
505869	0.41057
505989	0.408464
506109	0.408632
506229	0.400235
506349	0.403843
506469	0.404592
506589	0.403463
506709	0.406216
506829	0.411098
506949	0.40983
507069	0.411
507189	0.412485
507309	0.411345
507429	0.405601
507549	0.407751
507669	0.396276
507789	0.407454
507909	0.406962
508029	0.404638
508149	0.412491
508269	0.404717
508389	0.41054
508509	0.408589
508629	0.402562
508749	0.409462
508869	0.410341
508989	0.409737
509109	0.407394
509229	0.411345
509349	0.404181
509469	0.404924
509589	0.40549
509709	0.408959
509829	0.409947
509949	0.406866
510069	0.404192
510189	0.406134
510309	0.408564
510429	0.407348
510549	0.410793
510669	0.406099
510789	0.409049
510909	0.409781
511029	0.40636
511149	0.408034
511270	0.404486
511389	0.388016
511509	0.382177
511629	0.369938
511749	0.372789
511869	0.365611
511989	0.366809
512109	0.360803
512229	0.366683
512349	0.360711
512469	0.360978
512589	0.364289
512709	0.358953
512829	0.354662
512949	0.348127
513069	0.364909
513189	0.365277
513309	0.36199
513429	0.3567
513549	0.362458
513669	0.353936
513789	0.357185
513909	0.36365
514029	0.356782
514149	0.359402
514269	0.354211
514389	0.362387
514509	0.360662
514629	0.36014
514749	0.357043
514869	0.357911
514989	0.364673
515109	0.358099
515229	0.358469
515349	0.352978
515469	0.362466
515589	0.359171
515709	0.360836
515829	0.357987
515949	0.354178
516069	0.357359
516189	0.355672
516309	0.360352
516429	0.356077
516549	0.351656
516669	0.343076
516789	0.357198
516909	0.356755
517029	0.361296
517149	0.356839
517269	0.358695
517389	0.35719
517509	0.35294
517629	0.357552
517749	0.352858
517869	0.359519
517989	0.355966
518109	0.358412
518229	0.358687
518349	0.356148
518469	0.354317
518589	0.359247
518709	0.356717
518829	0.355571
518949	0.353209
519069	0.35374
519189	0.359614
519309	0.351696
519429	0.356885
519549	0.351634
519669	0.359938
519789	0.358028
519909	0.356069
520029	0.35771
520149	0.352983
520269	0.350964
520389	0.343136
520509	0.355732
520629	0.353669
520749	0.358877
520869	0.350646
520989	0.358923
521109	0.351852
521229	0.354934
521349	0.357791
521469	0.353601
521589	0.356937
521709	0.352249
521829	0.357527
521949	0.357492
522069	0.357261
522189	0.356698
522309	0.363356
522429	0.357571
522549	0.355255
522669	0.356374
522789	0.35054
522909	0.359019
523029	0.351865
523149	0.35627
523269	0.357231
523389	0.356736
523509	0.358863
523629	0.358197
523749	0.361886
523869	0.357372
523989	0.350962
524109	0.345414
524229	0.352771
524349	0.347661
524469	0.352611
524589	0.34709
524709	0.345319
524829	0.350388
524949	0.350921
525069	0.349664
525189	0.350306
525309	0.349438
525430	0.354923
525549	0.351669
525669	0.347452
525789	0.353288
525909	0.340241
526029	0.354347
526149	0.341928
526269	0.348867
526389	0.344072
526509	0.346927
526629	0.34931
526749	0.350306
526869	0.350175
526989	0.347476
527109	0.347884
527229	0.354521
527349	0.349827
527469	0.347808
527589	0.349063
527709	0.341561
527829	0.349552
527949	0.345234
528069	0.349854
528189	0.350984
528309	0.350418
528429	0.352007
528549	0.351313
528669	0.351658
528789	0.34854
528909	0.346714
529029	0.351446
529149	0.350739
529269	0.346434
529389	0.34792
529509	0.34798
529629	0.342788
529749	0.352915
529869	0.345517
529989	0.349348
530109	0.347838
530229	0.343822
530349	0.348486
530469	0.349841
530589	0.352496
530709	0.346271
530829	0.350173
530949	0.350649
531069	0.352915
531189	0.348042
531309	0.349833
531429	0.341213
531549	0.336856
531669	0.34943
531789	0.346154
531909	0.354834
532029	0.347982
532149	0.351598
532269	0.346665
532389	0.353675
532509	0.345691
532629	0.346388
532749	0.348282
532869	0.349509
532989	0.350393
533109	0.345727
533229	0.351378
533349	0.340282
533469	0.350611
533589	0.345457
533709	0.349487
533829	0.347844
533949	0.350491
534069	0.349691
534189	0.346118
534309	0.354039
534429	0.345289
534549	0.349297
534669	0.351492
534789	0.349675
534909	0.349443
535029	0.347928
535149	0.34124
535269	0.337275
535389	0.350143
535509	0.345825
535629	0.346777
535749	0.347095
535869	0.348967
535989	0.345955
536109	0.349136
536229	0.346567
536349	0.344908
536469	0.354235
536589	0.356009
536709	0.352747
536829	0.348886
536949	0.346788
537069	0.344682
537189	0.347588
537309	0.347776
537429	0.345596
537549	0.348339
537669	0.347882
537789	0.355035
537909	0.348203
538029	0.347901
538149	0.346508
538269	0.34841
538389	0.352281
538509	0.347454
538629	0.348597
538749	0.349697
538869	0.342481
538989	0.335488
539109	0.353451
539229	0.347669
539349	0.350902
539469	0.350363
539589	0.352257
539709	0.347076
539829	0.348331
539949	0.354314
540069	0.347841
540189	0.35787
540309	0.353645
540429	0.347931
540549	0.352102
540669	0.348091
540789	0.347525
540909	0.349566
541029	0.351637
541149	0.346935
541269	0.351411
541389	0.346755
541509	0.348845
541629	0.345863
541749	0.350257
541869	0.351862
541989	0.34543
542109	0.351702
542229	0.340663
542349	0.349234
542469	0.347765
542589	0.344758
542709	0.343278
542829	0.350875
542949	0.34802
543069	0.354989
543189	0.350458
543309	0.351128
543429	0.354728
543549	0.344584
543669	0.347188
543789	0.344143
543909	0.340323
544029	0.346363
544149	0.348007
544269	0.349571
544389	0.350292
544509	0.343245
544629	0.346391
544749	0.349471
544869	0.350486
544989	0.349784
545109	0.345634
545229	0.349022
545349	0.349174
545469	0.353536
545589	0.355209
545709	0.34484
545829	0.349819
545949	0.340995
546069	0.349512
546189	0.347966
546309	0.34866
546429	0.345689
546549	0.350698
546669	0.354477
546789	0.348913
546909	0.350989
547029	0.348902
547149	0.350951
547269	0.352434
547389	0.349811
547509	0.351397
547629	0.339237
547749	0.35426
547869	0.343319
547989	0.351201
548109	0.349005
548229	0.354918
548349	0.350962
548469	0.350282
548589	0.349672
548709	0.350956
548829	0.355108
548949	0.350303
549069	0.353027
549189	0.350058
549309	0.347509
549429	0.349242
549549	0.342489
549669	0.352937
549789	0.348888
549909	0.350214
550029	0.345988
550149	0.345931
550269	0.349612
550389	0.349629
550509	0.352992
550629	0.346159
550749	0.351628
550869	0.361135
550989	0.357332
551109	0.350026
551229	0.350935
551349	0.343969
551469	0.342875
551589	0.351343
551709	0.345637
551829	0.350385
551949	0.347933
552069	0.348965
552189	0.347936
552309	0.34875
552429	0.351634
552549	0.348752
552669	0.350374
552789	0.357236
552909	0.352673
553029	0.350004
553149	0.349751
553269	0.346208
553389	0.34996
553509	0.352213
553629	0.349373
553749	0.350921
553869	0.347683
553989	0.354681
554109	0.355196
554229	0.350222
554349	0.349746
554469	0.346758
554589	0.354475
554709	0.348883
554829	0.353547
554949	0.353509
555069	0.350505
555189	0.345182
555309	0.354047
555429	0.352496
555549	0.353887
555669	0.348946
555789	0.352978
555909	0.356178
556029	0.357851
556149	0.347542
556269	0.35035
556389	0.347558
556509	0.349226
556629	0.352513
556749	0.350769
556869	0.352379
556989	0.350556
557109	0.353261
557229	0.350205
557349	0.353898
557469	0.355794
557589	0.349566
557709	0.358107
557829	0.358395
557949	0.351528
558069	0.350537
558189	0.348801
558309	0.349936
558429	0.353955
558549	0.359019
558669	0.35192
558789	0.35076
558909	0.353269
559029	0.353114
559149	0.352203
559269	0.350567
559389	0.354439
559509	0.345542
559629	0.348399
559749	0.345942
559869	0.350165
559989	0.34931
560109	0.353933
560229	0.343259
560349	0.354404
560469	0.354959
560589	0.346235
560709	0.352948
560829	0.356025
560949	0.358278
561069	0.350823
561189	0.348763
561309	0.353909
561429	0.337387
561549	0.355541
561669	0.353794
561789	0.350695
561909	0.350031
562029	0.353343
562149	0.345588
562269	0.355013
562389	0.35414
562509	0.3506
562629	0.355223
562749	0.348363
562869	0.349079
562989	0.353865
563109	0.346867
563229	0.353764
563349	0.342124
563469	0.355223
563589	0.348075
563709	0.353155
563829	0.346957
563949	0.351288
564069	0.351672
564189	0.346018
564309	0.35233
564429	0.348535
564549	0.357421
564669	0.351071
564789	0.350374
564909	0.356997
565029	0.346581
565149	0.349395
565269	0.34829
565389	0.354034
565509	0.351824
565629	0.349234
565749	0.351615
565869	0.357568
565989	0.356034
566109	0.352178
566229	0.349936
566349	0.354698
566469	0.342127
566589	0.355889
566709	0.35343
566829	0.34937
566949	0.358493
567069	0.347593
567189	0.353149
567309	0.346252
567429	0.351588
567549	0.351615
567669	0.347098
567789	0.352398
567909	0.352679
568029	0.353479
568149	0.351933
568269	0.348437
568389	0.347582
568509	0.352254
568629	0.350624
568749	0.350464
568869	0.347868
568989	0.354279
569109	0.35026
569229	0.349501
569349	0.351713
569469	0.346086
569589	0.352382
569709	0.352227
569829	0.355318
569949	0.348273
570069	0.354404
570189	0.347204
570309	0.355541
570429	0.354602
570549	0.348483
570669	0.354352
570789	0.348271
570909	0.353155
571029	0.35725
571149	0.354815
571269	0.352554
571389	0.348529
571509	0.354575
571629	0.351792
571749	0.35131
571869	0.352777
571989	0.351318
572109	0.349707
572229	0.353963
572349	0.354869
572469	0.359979
572589	0.351171
572709	0.355541
572829	0.353756
572949	0.353952
573069	0.350752
573189	0.350733
573309	0.349541
573429	0.355476
573549	0.356151
573669	0.353046
573789	0.353158
573909	0.353571
574029	0.355699
574149	0.351101
574269	0.355547
574389	0.355718
574509	0.351166
574629	0.350673
574749	0.351653
574869	0.349337
574989	0.350711
575109	0.349558
575229	0.349373
575349	0.349484
575469	0.352083
575589	0.349724
575709	0.357187
575829	0.351283
575949	0.352978
576069	0.348369
576189	0.354028
576309	0.349969
576429	0.337686
576549	0.355106
576669	0.349857
576789	0.357968
576909	0.352804
577029	0.357264
577149	0.352344
577269	0.353707
577389	0.353963
577509	0.349087
577629	0.354075
577749	0.350823
577869	0.352494
577989	0.354532
578109	0.353204
578229	0.35196
578349	0.341112
578469	0.353054
578589	0.344453
578709	0.353329
578829	0.349103
578949	0.353854
579069	0.354197
579189	0.355147
579309	0.356249
579429	0.348448
579549	0.353402
579669	0.351283
579789	0.353506
579909	0.353821
580029	0.351759
580149	0.341787
580269	0.340905
580389	0.35337
580509	0.351936
580629	0.352894
580749	0.355917
580869	0.34919
580989	0.348282
581109	0.346505
581229	0.351514
581349	0.347868
581469	0.354047
581589	0.352015
581709	0.352992
581829	0.352973
581949	0.35614
582069	0.351756
582189	0.352905
582309	0.35362
582429	0.350167
582549	0.350159
582669	0.348611
582789	0.35544
582909	0.352251
583029	0.35599
583149	0.353579
583270	0.350532
583389	0.338149
583509	0.347596
583629	0.345128
583749	0.342176
583869	0.335874
583989	0.330704
584109	0.322939
584229	0.314898
584349	0.325918
584469	0.320019
584589	0.323162
584709	0.31991
584829	0.317622
584949	0.315769
585069	0.311639
585189	0.311883
585309	0.310216
585429	0.310251
585549	0.309962
585669	0.311674
585789	0.315018
585909	0.31083
586029	0.310439
586149	0.311864
586269	0.310251
586389	0.308716
586509	0.31747
586629	0.314175
586749	0.313219
586869	0.31009
586989	0.310841
587109	0.308357
587229	0.309054
587349	0.310452
587469	0.305848
587589	0.306303
587709	0.30873
587829	0.309173
587949	0.307973
588069	0.307236
588189	0.306708
588309	0.303604
588429	0.305887
588549	0.304828
588669	0.305731
588789	0.301106
588909	0.307478
589029	0.307163
589149	0.3067
589269	0.302458
589389	0.300015
589509	0.297849
589629	0.304262
589749	0.304619
589869	0.304627
589989	0.305005
590109	0.302175
590229	0.298826
590349	0.296763
590469	0.303449
590589	0.300181
590709	0.303598
590829	0.3031
590949	0.301596
591069	0.29953
591189	0.302308
591309	0.304015
591429	0.300069
591549	0.300069
591669	0.300159
591789	0.300336
591909	0.304597
592029	0.302771
592149	0.302659
592269	0.302306
592389	0.301914
592509	0.297468
592629	0.303658
592749	0.302368
592869	0.301168
592989	0.300235
593109	0.300311
593229	0.29934
593349	0.299258
593469	0.299672
593589	0.297291
593709	0.297756
593829	0.296652
593949	0.297974
594069	0.298872
594189	0.30051
594309	0.299454
594429	0.300828
594549	0.299207
594669	0.295248
594789	0.296192
594909	0.288573
595029	0.299568
595149	0.299748
595269	0.299522
595389	0.297846
595509	0.295985
595629	0.291906
595749	0.297068
595869	0.299356
595989	0.298238
596109	0.29796
596229	0.296589
596349	0.290516
596469	0.291599
596589	0.296668
596709	0.293574
596829	0.297403
596949	0.296654
597069	0.296399
597189	0.293544
597309	0.29288
597429	0.293792
597549	0.292331
597669	0.294358
597789	0.294605
597909	0.292829
598029	0.296799
598149	0.295977
598269	0.29635
598389	0.29343
598509	0.292246
598629	0.294374
598749	0.295473
598869	0.297052
598989	0.295201
599109	0.29645
599229	0.294271
599349	0.289857
599469	0.297193
599589	0.296306
599709	0.295283
599829	0.295672
599949	0.295607
600069	0.293585
600189	0.291664
600309	0.296619
600429	0.289131
600549	0.292829
600669	0.293087
600789	0.294222
600909	0.293963
601029	0.293155
601149	0.292246
601269	0.290306
601389	0.290682
601509	0.292159
601629	0.292924
601749	0.296731
601869	0.294287
601989	0.29543
602109	0.294358
602229	0.292426
602349	0.291373
602469	0.283286
602589	0.284799
602709	0.295512
602829	0.295106
602949	0.294646
603069	0.29343
603189	0.289512
603309	0.285566
603429	0.294717
603549	0.295022
603669	0.294513
603789	0.292973
603909	0.292178
604029	0.288992
604149	0.292118
604269	0.294225
604389	0.290508
604509	0.292222
604629	0.292742
604749	0.28977
604869	0.290072
604989	0.289751
605109	0.290717
605229	0.28937
605349	0.291245
605469	0.292744
605589	0.287428
605709	0.292902
605829	0.293895
605949	0.293411
606069	0.291063
606189	0.28835
606309	0.289365
606429	0.293906
606549	0.29201
606669	0.292385
606789	0.292557
606909	0.292295
607029	0.287286
607149	0.295748
607269	0.293721
607389	0.292252
607509	0.292557
607629	0.292418
607749	0.29211
607869	0.291308
607989	0.29368
608109	0.285988
608229	0.289947
608349	0.290146
608469	0.291022
608589	0.291237
608709	0.290222
608829	0.288513
608949	0.287036
609069	0.287994
609189	0.28958
609309	0.29124
609429	0.291523
609549	0.292625
609669	0.289408
609789	0.289569
609909	0.287754
610029	0.287953
610149	0.28564
610269	0.292725
610389	0.292195
610509	0.292116
610629	0.291523
610749	0.287207
610869	0.282535
610989	0.282886
611109	0.29174
611229	0.291291
611349	0.291444
611469	0.28983
611589	0.283371
611709	0.284192
611829	0.288723
611949	0.288181
612069	0.286611
612189	0.287849
612309	0.289041
612429	0.287757
612549	0.291631
612669	0.291599
612789	0.289049
612909	0.286984
613029	0.28792
613149	0.290138
613269	0.292401
613389	0.29097
613509	0.291825
613629	0.290353
613749	0.288785
613869	0.285229
613989	0.292167
614109	0.290363
614229	0.289245
614349	0.28977
614469	0.289493
614589	0.285768
614709	0.291955
614829	0.291621
614949	0.2897
615069	0.290459
615189	0.289525
615309	0.288546
615429	0.289158
615549	0.288973
615669	0.284475
615789	0.283401
615909	0.287245
616029	0.287175
616149	0.28795
616269	0.29112
616389	0.289049
616509	0.286913
616629	0.285958
616749	0.285256
616869	0.287419
616989	0.288423
617109	0.288228
617229	0.289515
617349	0.289014
617469	0.286818
617589	0.285501
617709	0.277665
617829	0.279289
617949	0.28977
618069	0.288717
618189	0.289697
618309	0.286502
618429	0.284601
618549	0.280239
618669	0.289033
618789	0.28884
618909	0.288535
619029	0.287096
619149	0.286149
619269	0.429099
619389	0.414512
619509	0.415565
619629	0.415029
619749	0.408883
619869	0.407451
619989	0.411383
620109	0.405607
620229	0.410295
620349	0.401163
620469	0.391977
620589	0.402301
620709	0.408836
620829	0.402246
620949	0.398812
621069	0.404883
621189	0.404929
621309	0.400167
621429	0.402388
621549	0.404118
621669	0.398053
621789	0.404121
621909	0.39644
622029	0.402741
622149	0.399014
622269	0.391616
622389	0.400355
622509	0.399767
622629	0.394459
622749	0.397245
622869	0.399985
622989	0.396701
623109	0.396116
623229	0.389295
623349	0.398491
623469	0.391934
623589	0.399599
623709	0.391711
623829	0.390802
623949	0.390644
624069	0.381235
624189	0.394761
624309	0.393411
624429	0.393583
624549	0.395964
624669	0.392595
624789	0.39494
624909	0.395917
625029	0.388631
625149	0.386511
625269	0.396206
625389	0.397378
625509	0.394225
625629	0.388193
625749	0.392492
625869	0.394747
625989	0.394252
626109	0.393283
626229	0.397583
626349	0.391469
626469	0.396799
626589	0.391499
626709	0.397485
626829	0.390277
626949	0.381496
627069	0.395577
627189	0.391531
627309	0.393384
627429	0.388935
627549	0.390848
627669	0.395161
627789	0.391817
627909	0.395052
628029	0.396331
628149	0.394029
628269	0.397136
628389	0.392293
628509	0.395512
628629	0.38982
628749	0.382851
628869	0.390609
628989	0.393896
629109	0.389643
629229	0.392772
629349	0.395381
629469	0.392179
629589	0.395936
629709	0.394124
629829	0.393278
629949	0.393463
630069	0.395531
630189	0.394951
630309	0.39263
630429	0.388655
630549	0.39269
630669	0.393858
630789	0.389757
630909	0.392473
631029	0.394426
631149	0.390054
631269	0.39527
631389	0.392492
631509	0.395096
631629	0.389599
631749	0.386808
631869	0.387569
631989	0.393654
632109	0.38958
632229	0.39383
632349	0.394255
632469	0.389308
632589	0.393765
632709	0.392266
632829	0.39229
632949	0.388982
633069	0.394864
633189	0.396214
633309	0.392886
633429	0.388745
633549	0.388666
633669	0.393142
633789	0.389738
633909	0.392369
634029	0.394832
634149	0.389371
634269	0.39463
634389	0.390119
634509	0.395267
634629	0.392386
634749	0.383102
634869	0.39287
634989	0.391518
635109	0.390089
635229	0.389621
635349	0.392747
635469	0.392168
635589	0.392402
635709	0.385172
635829	0.394453
635949	0.388261
636069	0.394979
636189	0.39044
636309	0.395702
636429	0.390032
636549	0.383151
636669	0.389621
636789	0.392013
636909	0.388867
637029	0.393248
637149	0.392203
637269	0.391074
637389	0.394856
637509	0.386157
637629	0.393689
637749	0.391455
637869	0.395825
637989	0.394165
638109	0.390124
638229	0.39102
638349	0.391115
638469	0.392666
638589	0.390358
638709	0.394184
638829	0.387964
638949	0.392579
639069	0.392181
639189	0.394628
639309	0.393009
639429	0.383831
639549	0.392274
639669	0.390377
639789	0.38939
639909	0.389012
640029	0.389548
640149	0.392051
640269	0.388266
640389	0.391692
640509	0.392932
640629	0.391417
640749	0.393229
640869	0.389145
640989	0.393893
641109	0.387765
641229	0.380634
641349	0.391256
641469	0.387042
641589	0.390709
641709	0.391738
641829	0.387667
641949	0.392924
642069	0.38964
642189	0.391898
642309	0.391616
642429	0.393936
642549	0.393708
642669	0.390367
642789	0.389477
642909	0.386987
643149	0.389915
643269	0.386378
643389	0.386193
643509	0.391191
643629	0.390187
643749	0.392018
643869	0.390211
643989	0.384971
644109	0.38613
644229	0.391855
644349	0.387061
644469	0.389801
644589	0.385806
644709	0.389431
644829	0.390459
644949	0.386789
645069	0.389929
645189	0.389975
645309	0.393117
645429	0.390696
645549	0.389126
645669	0.389058
645789	0.385502
645909	0.378223
646029	0.38967
646149	0.385425
646269	0.389183
646389	0.390326
646509	0.388018