HEADER	
'time'	'average water saturation'
UNITS	
'min'	'fraction'
0.03	1.001092717
0.1	1.002938201
0.13	1.002353607
0.2	1.001769012
0.23	1.001711699
0.3	0.999556723
0.33	0.999178456
0.38	0.998444848
0.43	0.999659887
0.47	0.999029442
0.5	0.999831827
0.53	0.999155531
0.58	0.998685563
0.62	1.000118393
0.67	1.000095467
0.72	0.998330221
0.75	0.999568186
0.8	0.999121143
0.83	0.999373321
0.88	1.003614497
0.93	1.002754799
0.98	1.002961127
1.02	1.0028465
1.07	1.002743336
1.1	1.002078504
1.13	1.002399457
1.18	1.002525546
1.23	0.99823852
1.28	0.999591111
1.33	0.999487948
1.37	0.999201382
1.4	1.000806151
1.45	1.00093224
1.48	0.999728663
1.52	1.000576898
1.57	0.99945356
1.62	0.999705738
1.67	0.999430634
1.72	0.998697026
1.78	1.000244482
1.85	0.999224307
1.92	1.003752048
1.98	1.002468233
2.07	1.00202119
2.15	1.002651635
2.25	1.003396707
2.33	0.999316008
2.43	1.002353607
2.57	0.999636962
2.68	0.999522336
2.82	1.003534258
2.97	1.00158561
3.13	1.002032653
3.3	0.998398997
3.47	0.99923577
3.88	1.000198631
4.12	0.998490698
4.37	0.999270158
4.63	1.00223898
4.92	1.003362319
5.23	1.0028465
5.58	1.002720411
5.93	1.003545721
6.32	1.002387995
6.75	0.999946453
7.2	1.000015229
7.82	1.002537009
8.37	0.998502161
8.95	0.999843289
9.58	0.999304545
10.27	1.003052828
10.98	0.998972129
11.77	1.002892351
12.58	0.998387535
13.52	1.003316468
14.55	0.999247232
15.57	0.999121143
16.72	1.002227518
17.93	0.999189919
19.27	0.999327471
20.75	1.002571397
22.32	0.999006517
24	1.003866675
25.8	0.998502161
27.1	1.001918027
27.13	1.002812112
27.17	1.00410739
27.22	1.002548472
27.25	1.001826326
27.3	1.002433845
27.35	0.99823852
27.4	0.997814403
27.45	0.999396247
27.5	0.99949941
27.55	0.997424673
27.58	0.999384784
27.62	0.999006517
27.67	1.003878137
27.72	1.002880888
27.75	1.002032653
27.8	1.002170205
27.85	1.003763511
27.88	1.002880888
27.93	1.00175755
27.97	1.003293543
28.02	1.003660347
28.07	1.001654386
28.13	1.004050077
28.18	0.999189919
28.25	0.997791477
28.28	0.99945356
28.33	0.999350396
28.4	0.998811652
28.47	0.998777264
28.52	0.998146819
28.58	1.003706198
28.63	1.002365069
28.68	1.002365069
28.73	1.002124354
28.78	1.003167454
28.82	1.003247692
28.87	1.00115003
28.92	1.002296294
28.98	1.00219313
29.03	1.001952415
29.08	1.001436596
29.17	0.998032193
29.23	0.999247232
29.32	0.998364609
29.38	0.999121143
29.5	1.000290332
29.58	0.99906383
29.7	1.002514084
29.82	1.0028465
29.95	1.003660347
30.1	0.99928162
30.22	0.997906104
30.37	1.001299044
30.55	0.998697026
30.72	0.999098218
30.92	0.999900603
31.13	0.999121143
31.38	0.998983592
31.62	1.003660347
31.88	1.001390745
32.17	1.002330682
32.48	1.002319219
32.82	0.998353147
33.18	0.998880428
33.58	0.998926278
34	1.003133066
34.47	1.001998265
35.12	1.001998265
35.65	1.001081254
36.25	1.000061079
36.88	0.998330221
37.52	1.003133066
38.25	0.998639713
39	1.001952415
39.88	1.002926739
40.78	1.002112891
41.72	1.002548472
42.83	1.002754799
43.97	0.9986741
45.23	0.998777264
46.57	0.998960666
48.07	0.998502161
49.58	1.000737375
51.3	1.002089966
53.1	0.998788727
55.1	0.998467773
57.3	1.00301844
59.35	0.999430634
62.02	1.001642923
64.7	1.001986802
67.52	0.998387535
70.65	0.999900603
74.1	0.998467773
77.72	1.001379283
81.63	1.000118393
85.87	0.998330221
90.32	0.99993499
95.38	1.000301795
100.83	0.99993499
106.1	1.001138567
111.45	1.000657137
116.87	0.998479236
122.05	0.998353147
127.53	0.999098218
132.87	0.99906383
138.25	1.001826326
143.62	0.999465022
148.97	0.999075293
154.17	0.999144069
159.67	0.998593862
165.02	1.002078504
170.38	0.998903353
175.72	1.001493909
181.1	0.999728663
186.3	1.000175706
191.82	0.999545261
197.1	0.999316008
202.52	1.001872176
207.83	0.999373321
213.17	0.999682812
218.43	0.998605325
223.88	0.999579649
229.22	0.99988914
234.63	1.000416421
239.98	0.998685563
245.32	0.999740126
250.57	0.999373321
256.02	0.998536549
261.4	1.000187168
266.77	0.998433385
272.1	0.999843289
277.43	1.001688774
282.7	0.998972129
288.15	1.001459521
293.58	1.001791938
298.9	0.999980841
304.22	1.000852001
309.58	0.999178456
314.83	0.998891891
320.32	0.998639713
325.63	0.999121143
331.07	0.999591111
336.38	1.00097809
341.75	0.999144069
346.95	0.999224307
352.45	0.99845631
357.77	0.999224307
363.17	0.999579649
368.53	0.999419172
373.85	0.999212844
379.08	1.002342144
384.53	0.999602574
389.92	0.998387535
395.28	0.999763051
400.65	1.000233019
406	1.000955165
411.23	0.999430634
416.7	0.999785976
422.12	1.000175706
427.43	0.999396247
432.77	0.99988914
438.13	0.998341684
443.37	0.999636962
448.87	0.999545261
454.22	0.99819267
459.55	1.000588361
464.9	0.999820364
470.23	0.998559474
475.48	0.999419172
480.95	0.999270158
486.32	0.997722702
491.7	1.000095467
497.05	1.000645674
502.38	0.998731414
507.62	0.997894641
513.12	0.999740126
518.45	0.99802073
523.85	0.999166994
529.17	1.000393496
534.52	1.001184418
539.73	0.996943242
545.23	0.997034943
550.57	1.000634211
555.97	0.997848791
561.25	1.000531048
566.65	1.000863464
571.88	0.997401748
577.33	0.998972129
582.73	0.996817153
588.1	0.999705738
593.43	0.999086755
598.78	1.000909315
604.02	1.000152781
609.48	0.99671399
614.83	0.996564975
620.18	0.998880428
625.53	0.998341684
630.87	0.999854752
636.13	0.999510873
641.58	0.996897392
646.98	1.000336183
652.35	0.999201382
657.65	0.997768552
663.07	0.999923528
668.27	0.997906104
673.82	0.999270158
679.12	0.997080794
684.47	0.99671399
689.82	1.000118393
695.22	0.997115182
700.4	0.998215595
705.85	0.997355897
711.23	0.99945356
716.63	0.996576438
722.02	0.996656676
727.3	0.998834577
732.55	0.996026231
738.02	0.996049157
743.4	0.997092257
748.73	0.998502161
754.1	1.000152781
759.45	0.999178456
764.67	0.998731414
770.15	0.999075293
770.22	0.998307296
770.3	0.991257775
770.35	0.995258235
770.4	0.99632426
770.43	0.990249062
770.48	0.98776167
770.53	0.982775423
770.58	0.981342594
770.62	0.980780925
770.65	0.980127554
770.68	0.980643373
770.72	0.982614946
770.77	0.982878587
770.82	0.981422832
770.85	0.983245391
770.9	0.98167501
770.95	0.981514533
771	0.981617697
771.05	0.983027601
771.08	0.982637872
771.13	0.984059239
771.18	0.978029892
771.22	0.978041354
771.27	0.975989542
771.3	0.976058318
771.33	0.976344884
771.37	0.978190369
771.42	0.976975329
771.45	0.976734614
771.5	0.976104169
771.55	0.977342134
771.6	0.97811013
771.63	0.977869415
771.68	0.975382023
771.73	0.974636951
771.8	0.978270607
771.85	0.976940941
771.88	0.977938191
771.93	0.975026681
771.98	0.97471719
772.05	0.976138557
772.12	0.975255934
772.18	0.975485186
772.25	0.975083994
772.33	0.975313247
772.42	0.974671339
772.52	0.975416411
772.63	0.975083994
772.72	0.9755425
772.83	0.977170194
772.95	0.977433835
773.1	0.976104169
773.23	0.977250432
773.4	0.97706703
773.57	0.975851991
773.75	0.977158731
773.97	0.976310496
774.17	0.96911196
774.38	0.968550291
774.63	0.969822644
774.9	0.968596142
775.2	0.96906611
775.5	0.968997334
775.85	0.968974409
776.6	0.969100498
777.02	0.968091786
777.48	0.968045935
778.13	0.966934059
778.63	0.966429703
779.23	0.965031262
779.87	0.965226127
780.55	0.967083074
781.22	0.966785045
782.05	0.965317828
782.9	0.96632654
783.82	0.96697991
785.88	0.960331581
786.98	0.961477844
788.25	0.959586509
789.58	0.956606224
791.13	0.959208242
792.6	0.956411359
794.27	0.957786875
796.12	0.956227957
798.07	0.954244921
800.23	0.953752027
802.38	0.950611265
804.98	0.950393475
807.67	0.950072521
810.57	0.950301774
813.7	0.949453539
817.07	0.94772268
820.7	0.947355876
824.65	0.947115161
828.92	0.945911584
833.35	0.945533317
838.45	0.94493726
843.78	0.942965686
849.13	0.942690583
854.5	0.941681871
859.88	0.94076486
865.08	0.940971187
870.57	0.940294892
875.93	0.938884988
881.33	0.938105528
886.6	0.939217404
891.98	0.937692873
897.22	0.93681025
902.68	0.936145417
908.08	0.935732762
913.4	0.93698219
918.77	0.935618136
924.13	0.93554936
929.33	0.935239869
934.8	0.93528572
940.18	0.935950553
945.58	0.934597961
950.85	0.934552111
956.23	0.934712588
961.47	0.93450626
966.95	0.93450626
972.3	0.933772652
977.65	0.933612175
983.02	0.932683701
988.4	0.932362747
993.6	0.933222445
999.1	0.931525975
1004.47	0.93242006
1009.8	0.930689202
1015.15	0.931663526
1020.53	0.931778153
1025.72	0.931067469
1031.2	0.931342573
1036.57	0.930998694
1041.92	0.931365498
1047.27	0.931056007
1052.67	0.931514512
1057.83	0.930540188
1063.33	0.930700665
1068.7	0.930769441
1074.05	0.930437024
1079.38	0.930184846
1084.78	0.930127533
1089.97	0.929932668
1095.45	0.929760729
1100.78	0.929439775
1106.18	0.929863892
1111.48	0.929141746
1116.88	0.929554401
1122.1	0.929382462
1127.58	0.929221985
1132.95	0.928866643
1138.32	0.928671778
1143.65	0.929382462
1149.02	0.929611714
1154.25	0.928614465
1159.7	0.9284196
1165.1	0.92919906
1170.48	0.928603002
1175.8	0.927812081
1181.12	0.927961095
1186.37	0.928029871
1191.83	0.927777693
1197.22	0.927032621
1202.55	0.926849219
1207.95	0.927479664
1213.27	0.927319187
1218.48	0.927708917
1224.03	0.927491127
1229.37	0.927227486
1234.73	0.927502589
1240.05	0.926780443
1245.42	0.926860682
1250.62	0.926413639
1256.1	0.926791906
1261.5	0.926986771
1266.83	0.926379251
1272.17	0.92689507
1277.53	0.926539728
1282.75	0.926528265
1288.23	0.926608504
1293.57	0.925966596
1298.95	0.926379251
1304.27	0.926264625
1309.62	0.926058297
1314.9	0.925966596
1320.37	0.926356326
1325.73	0.926321938
1331.08	0.926195849
1336.45	0.92611561
1341.78	0.926390714
1347.02	0.926127073
1352.5	0.925152749
1357.85	0.926344863
1363.18	0.925668567
1368.58	0.925519553
1373.9	0.925966596
1379.15	0.925439315
1384.62	0.926104148
1390	0.925599792
1395.35	0.925657105
1400.7	0.925553941
1406.1	0.925955133
1411.3	0.925588329
1416.75	0.925565404
1422.2	0.925829044
1427.47	0.926379251
1432.85	0.925531016
1438.18	0.926207311
1443.4	0.926413639
1448.93	0.926081222
1454.22	0.924614005
1459.55	0.926081222
1464.93	0.926035372
1470.28	0.926092685
1475.53	0.925783194
1481.02	0.926218774
1486.4	0.926276087
1491.68	0.925416389
1497.07	0.924843258
1502.38	0.925359076
1507.68	0.925531016
1513.13	0.92524445
1518.48	0.925955133
1523.82	0.925691493
1529.2	0.926172923
1534.52	0.92524445
1545.28	0.924900571
1550.63	0.925129824
1555.95	0.925324688
1561.28	0.924946421
1566.7	0.925175674
1571.93	0.924923496
1577.4	0.924671318
1582.75	0.924682781
1588.1	0.925118361
1593.43	0.924889108
1598.83	0.925210062
1604.07	0.925519553
1609.55	0.924453528
1614.85	0.924442065
1620.23	0.925301763
1625.55	0.92441914
1630.92	0.924052336
1636.18	0.925210062
1641.67	0.924144037
1647.02	0.923456279
1652.33	0.925278838
1657.77	0.925427852
1663.05	0.925427852
1668.33	0.925347614
1673.78	0.923788695
1679.13	0.923639681
1684.47	0.92398356
1689.87	0.925370539
1695.18	0.924017948
1700.47	0.923353115
1705.93	0.92354798
1711.28	0.923834546
1716.6	0.923318727
1721.95	0.922951923
1727.35	0.925015197
1732.58	0.92402941
1738.05	0.923387503
1743.42	0.923295802
1748.77	0.925427852
1754.08	0.925668567
1759.47	0.926665817
1764.72	0.925473703
1770.18	0.925038122
1775.5	0.922871684
1780.9	0.923261414
1786.22	0.923295802
1791.58	0.925370539
1796.85	0.923364577
1802.3	0.922963385
1807.63	0.923410428
1812.98	0.925198599
1818.38	0.922802908
1823.7	0.923020698
1828.98	0.92441914
1834.45	0.923055086
1839.8	0.922837296
1845.13	0.925152749
1850.53	0.922573656
1855.85	0.922711207
1861.13	0.923204101
1866.58	0.923616755
1871.92	0.922436104
1877.27	0.922539268
1882.62	0.922310015
1887.97	0.9220693
1893.25	0.922883147
1898.72	0.921587869
1904.05	0.925404927
1909.42	0.922080762
1914.75	0.921920285
1920.13	0.922275627
1925.38	0.922378791
1930.85	0.924075261
1936.17	0.923800158
1941.57	0.924579617
1946.88	0.921828584
1952.27	0.921393004
1957.52	0.921713958
1962.97	0.923181175
1968.35	0.92333019
1973.68	0.921381541
1979.05	0.922906072
1984.4	0.923215563
1995.12	0.92294046
2000.47	0.923100937
2005.82	0.922608043
2011.18	0.922825834
2016.53	0.922596581
2021.78	0.922917535
2027.25	0.920521844
2032.6	0.920762559
2037.92	0.922894609
2043.27	0.920407217
2048.67	0.922264164
2053.92	0.920040413
2059.38	0.920361367
2064.73	0.92294046
2070.08	0.920372829
2075.4	0.922894609
2080.78	0.92294046
2086.05	0.92298631
2091.48	0.922837296
2096.85	0.922275627
2102.22	0.920155039
2107.53	0.919387043
2112.92	0.92233294
2118.17	0.922653894
2123.62	0.922906072
2128.95	0.919650683
2134.3	0.919707996
2139.7	0.922791446
2145.02	0.919925786
2150.3	0.922424641
2155.77	0.922848759
2161.1	0.919937249
2166.45	0.919662146
2171.83	0.920040413
2177.15	0.919845548
2182.43	0.922092225
2187.88	0.920017488
2193.25	0.922676819
2198.58	0.922413179
2203.92	0.922344403
2209.32	0.922516342
2210.3	0.918630509
2210.37	0.914515422
2210.4	0.919329729
2210.43	0.922401716
2210.48	0.921152289
2210.52	0.918836836
2210.55	0.917140366
2210.58	0.918664896
2210.63	0.919467281
2210.67	0.917702035
2210.7	0.917484245
2210.73	0.918126153
2210.77	0.922172463
2210.8	0.919845548
2210.83	0.916613084
2210.88	0.916406757
2210.92	0.915535597
2210.97	0.915466821
2211	0.914366408
2211.03	0.91328892
2211.07	0.914011066
2211.1	0.913185756
2211.15	0.913701575
2211.18	0.913311845
2211.22	0.912601162
2211.25	0.91185609
2211.28	0.911959254
2211.37	0.911271496
2211.4	0.909666727
2211.43	0.910343022
2211.47	0.910090844
2211.57	0.909781353
2211.6	0.909483324
2211.63	0.909162371
2211.67	0.908921655
2211.72	0.908050495
2211.75	0.907890018
2211.78	0.908153659
2211.87	0.907282498
2211.92	0.907775392
2211.97	0.907500288
2212.02	0.905563103
2212.15	0.904840957
2212.22	0.904439764
2212.28	0.901917984
2212.37	0.901963835
2212.45	0.902181625
2212.55	0.901264614
2212.63	0.900519543
2212.87	0.901127062
2213	0.899671307
2213.13	0.899327428
2213.27	0.899659845
2213.42	0.898731371
2213.6	0.899109638
2213.78	0.898742834
2214.42	0.896232516
2214.67	0.894730911
2214.93	0.895166491
2215.22	0.894146317
2215.53	0.89403169
2215.87	0.893126142
2216.23	0.893114679
2216.62	0.892541547
2217.05	0.890650212
2218.13	0.888884966
2218.67	0.888506699
2219.87	0.887658464
2220.53	0.887028019
2221.27	0.886764379
2222.05	0.885721279
2222.92	0.885148147
2224.73	0.884861581
2225.8	0.884540627
2226.95	0.884036271
2228.22	0.883623616
2229.55	0.882844157
2231.03	0.882626367
2232.62	0.882213712
2236.07	0.880242138
2238.03	0.880287989
2240.15	0.8801619
2242.4	0.879657544
2244.93	0.878763458
2247.62	0.87829349
2250.55	0.876585557
2253.7	0.87664287
2257.02	0.876585557
2260.72	0.875725859
2264.6	0.8749464
2268.85	0.873891838
2273.38	0.872676798
2278.4	0.873628197
2289.15	0.871507609
2294.5	0.871175193
2299.87	0.870762538
2310.53	0.871301282
2315.92	0.871060566
2321.3	0.869306783
2326.63	0.870796926
2331.98	0.869788214
2337.23	0.869215082
2342.7	0.869650662
2348.05	0.869260932
2353.4	0.867461298
2364.12	0.866635989
2374.83	0.86672769
2380.18	0.866097245
2385.53	0.866429661
2390.88	0.865913842
2396.25	0.864973906
2401.5	0.865237547
2406.97	0.864320536
2412.3	0.866246259
2417.67	0.865673127
2423.02	0.864996832
2433.63	0.864091283
2439.08	0.865271935
2444.43	0.865088533
2449.75	0.864801967
2455.1	0.864228835
2460.47	0.863678628
2465.75	0.862899169
2471.18	0.863575465
2476.57	0.863827643
2481.97	0.862326037
2487.25	0.862841856
2492.63	0.863025258
2497.88	0.862704304
2503.35	0.862085322
2508.65	0.861523653
2514.07	0.860113748
2519.37	0.861042222
2524.77	0.860961983
2530.02	0.860560791
2535.48	0.859735481
2540.78	0.860560791
2546.15	0.85964378
2551.5	0.859724019
2567.57	0.859735481
2572.97	0.861019297
2578.28	0.85938014
2583.68	0.860067898
2588.98	0.859403065
2594.28	0.859769869
2599.7	0.859391602
2605.1	0.858348502
2610.4	0.858944559
2615.78	0.858898709
2621.12	0.858795545
2631.87	0.858463129
2637.18	0.859150887
2647.88	0.858635068
2653.28	0.857958773
2664	0.858795545
2669.35	0.859678168
2674.72	0.859632318
2680.03	0.858784082
2690.65	0.858967485
2696.13	0.857809758
2706.82	0.858348502
2712.15	0.858016086
2722.8	0.858302652
2728.22	0.85899041
2738.92	0.858004623
2744.32	0.857156388
2749.63	0.857030299
2754.93	0.857420029
2765.75	0.857122
2771.05	0.857374178
2776.47	0.856480092
2781.77	0.858027548
2787.05	0.856227914
2797.88	0.856331078
2803.18	0.85673227
2813.95	0.856113288
2819.18	0.855884035
2824.65	0.856193527
2830	0.855700633
2835.37	0.855803797
2840.67	0.85646863
2846.07	0.855654783
2851.32	0.855356754
2856.78	0.855138964
2862.1	0.855494306
2878.17	0.856354003
2894.27	0.855379679
2899.58	0.855517231
2904.97	0.855138964
2910.33	0.854909711
2915.58	0.857305402
2921.05	0.855884035
2926.4	0.855345291
2931.7	0.854909711
2937.12	0.856663495
2942.42	0.856067438
2947.72	0.855230665
2953.18	0.855276516
2958.52	0.855597469
2963.83	0.856055975
2969.2	0.855987199
2974.58	0.855895498
2979.83	0.856789584
2985.3	0.855826722
2990.65	0.856445705
2996.02	0.855746484
3001.33	0.855757946
3006.72	0.855746484
3022.73	0.856388391
3028.13	0.855528694
3049.55	0.855333829
3060.23	0.855700633
3070.93	0.855620395
3076.23	0.854531444
3081.68	0.856331078
3097.75	0.855666245
3103.07	0.855402605
3108.37	0.855677708
3119.18	0.855689171
3124.48	0.854944099
3129.83	0.855631857
3135.18	0.855666245
3140.47	0.855975736
3145.95	0.855906961
3151.3	0.855998662
3156.67	0.856594719
3167.37	0.854118789
3172.6	0.856915673
3178.07	0.856583256
3183.38	0.856950061
3188.8	0.854921174
3199.45	0.855368217
3210.2	0.8550358
3215.57	0.856021587
3226.28	0.855310904
3231.58	0.855299441
3236.88	0.855448455
3242.33	0.854474131
3247.7	0.855494306
3253	0.855196277
3258.4	0.855379679
3263.72	0.8550358
3269.02	0.856216452
3274.47	0.853843686
3279.83	0.854359505
3285.15	0.854955562
3290.5	0.855391142
3301.13	0.854508519
3306.6	0.854714846
3311.95	0.855746484
3322.62	0.855608932
3328.02	0.856090363
3333.25	0.853912462
3338.72	0.854898249
3344.03	0.854944099
3349.43	0.853843686
3354.75	0.85542553
3360.15	0.853751985
3376.17	0.853912462
3381.52	0.854565832
3386.92	0.854577295
3392.23	0.853740522
3397.53	0.854325117
3403	0.854795085
3408.33	0.852720348
3413.65	0.853740522
3419.05	0.854279266
3424.37	0.854302192
3429.67	0.853969775
3435.13	0.853029839
3445.78	0.853820761
3451.13	0.853247629
3456.48	0.852708885
3461.78	0.854095864
3467.25	0.853602971
3472.6	0.853327867
3477.95	0.851952351
3483.27	0.853614433
3493.9	0.852044052
3499.37	0.852972526
3504.68	0.853362255
3510.1	0.853018376
3515.43	0.853935387
3520.8	0.853545657
3526.05	0.852502558
3531.53	0.853499807
3536.87	0.853717597
3542.22	0.854325117
3547.57	0.85394685
3552.92	0.853041301
3563.63	0.853522732
3568.98	0.853740522
3574.3	0.854027088
3579.7	0.854199028
3595.77	0.852938138
3601.12	0.852754736
3606.43	0.852594259
3611.78	0.853385181
3617.15	0.852926675
3620.38	0.8529496
3620.47	0.853270554
3620.5	0.852066977
3620.53	0.851723098
3620.58	0.84916693
3620.62	0.846840015
3620.65	0.843848267
3620.67	0.830436982
3620.7	0.827663024
3620.73	0.836179763
3620.77	0.834701083
3620.8	0.83173226
3620.85	0.830780861
3620.88	0.817713455
3620.92	0.828408095
3620.95	0.814584155
3620.98	0.826138493
3621.03	0.824052293
3621.07	0.822436062
3621.1	0.820200847
3621.13	0.818171961
3621.17	0.817621754
3621.2	0.816796444
3621.23	0.804072918
3621.27	0.814274664
3621.32	0.812979386
3621.35	0.813231564
3621.38	0.812119689
3621.42	0.811878973
3621.45	0.810709784
3621.5	0.81012519
3621.53	0.798066496
3621.57	0.808715285
3621.58	0.810136652
3621.62	0.809116478
3621.65	0.806789562
3621.68	0.805012854
3621.7	0.805012854
3621.73	0.803568562
3621.78	0.802376447
3621.82	0.790352142
3621.87	0.799957831
3621.92	0.799132521
3621.97	0.798742792
3622.02	0.797676766
3622.07	0.786053653
3622.13	0.795991759
3622.22	0.794639168
3622.28	0.793080249
3622.37	0.792885384
3622.45	0.791383779
3622.53	0.790443843
3622.65	0.788437881
3622.75	0.788896387
3622.87	0.78752087
3623	0.786202667
3623.13	0.784884464
3623.28	0.781904178
3623.43	0.778889505
3623.6	0.766486932
3623.78	0.776986707
3623.98	0.777147184
3624.18	0.775221461
3624.42	0.775485102
3624.67	0.773639617
3624.95	0.773238425
3625.23	0.770751033
3625.55	0.769879872
3625.88	0.766888124
3626.25	0.765443832
3626.63	0.764687298
3627.05	0.76399954
3627.52	0.762096742
3628.13	0.760824389
3628.68	0.760113706
3629.23	0.759276933
3629.88	0.759196695
3630.53	0.758440161
3631.25	0.757580463
3632	0.75691563
3632.83	0.755780829
3633.75	0.753878032
3634.73	0.752559828
3635.8	0.751528191
3636.95	0.751298938
3638.23	0.750416315
3639.58	0.749235664
3641.03	0.749923422
3642.55	0.750026586
3644.25	0.748777158
3646.07	0.749694169
3648.08	0.748754233
3650.22	0.74830719
3652.42	0.748158176
3654.98	0.74769967
3657.65	0.747539194
3660.57	0.747493343
3663.7	0.747080688
3667.07	0.747229702
3670.72	0.746106364
3674.6	0.745808335
3678.9	0.745475919
3683.37	0.744249417
3688.42	0.744432819
3693.82	0.743343869
3699.15	0.743412644
3704.47	0.742885363
3709.87	0.744386968
3715.12	0.743848225
3720.58	0.743355331
3725.9	0.7428739
3731.28	0.743447032
3736.6	0.742816587
3742	0.743378256
3747.23	0.743962851
3752.67	0.741922502
3758.03	0.741750562
3763.38	0.741693249
3768.73	0.741865188
3774.08	0.741727637
3779.38	0.74056991
3784.8	0.741750562
3790.2	0.741200355
3795.5	0.741303519
3800.9	0.741028416
3806.22	0.739549736
3811.52	0.73987069
3816.97	0.738976604
3822.32	0.739733138
3827.68	0.739824839
3832.98	0.740019704
3838.4	0.739629974
3843.65	0.740168718
3849.12	0.738965141
3854.45	0.738712963
3859.8	0.738839052
3865.15	0.738747351
3870.52	0.737131119
3875.77	0.738139831
3881.23	0.738174219
3886.58	0.73656945
3891.93	0.73804813
3897.28	0.738162757
3902.65	0.737543774
3907.88	0.737727177
3913.35	0.737807415
3918.67	0.737555237
3924.02	0.737154045
3929.43	0.737452073
3934.8	0.737463536
3940.03	0.737257208
3945.5	0.735675365
3950.85	0.73574414
3956.15	0.73569829
3961.55	0.737165507
3966.92	0.737268671
3972.17	0.735469037
3977.6	0.735675365
3982.97	0.737325984
3988.3	0.736271422
3993.65	0.735767066
3999.02	0.736454824
4004.28	0.736661151
4009.72	0.73700503
4015.08	0.735503425
4020.47	0.736844554
4025.77	0.736110945
4031.13	0.735457574
4036.42	0.735388799
4041.85	0.735469037
4047.2	0.735171009
4052.55	0.735595126
4057.9	0.736065094
4063.27	0.735216859
4068.53	0.735067845
4073.98	0.735033457
4079.32	0.735881692
4084.67	0.735675365
4090.02	0.736225571
4095.38	0.735457574
4100.67	0.734815667
4106.1	0.735342948
4111.47	0.735171009
4116.8	0.735377336
4122.17	0.734196684
4127.52	0.736053632
4132.8	0.7354805
4138.23	0.734930293
4143.6	0.734380087
4148.93	0.734941756
4154.3	0.733577702
4159.63	0.735285635
4164.93	0.735950468
4170.37	0.733749642
4175.7	0.733841343
4181.1	0.733497464
4186.42	0.73404767
4191.8	0.734735428
4197.05	0.735148083
4202.5	0.734024745
4207.83	0.734620802
4213.22	0.734127909
4218.55	0.734827129
4223.95	0.734185222
4229.2	0.733451613
4234.67	0.734036208
4240.02	0.733348449
4245.38	0.734162297
4250.68	0.733520389
4256.03	0.733531852
4261.32	0.733921581
4266.8	0.734380087
4272.18	0.733841343
4277.45	0.734425937
4282.83	0.733657941
4288.15	0.7333943
4293.45	0.732683616
4298.93	0.733096271
4304.27	0.733256748
4309.58	0.73400182
4315	0.733061883
4320.28	0.733038958
4325.58	0.733027495
4331.05	0.732970182
4336.35	0.732947257
4341.7	0.732981645
4347.07	0.732867019
4352.47	0.73274093
4357.7	0.732706542
4363.17	0.731411264
4368.48	0.73300457
4373.87	0.731124698
4379.2	0.730941296
4384.6	0.730975684
4389.83	0.732488752
4395.3	0.732190723
4400.6	0.732110485
4405.95	0.731972933
4411.32	0.732156335
4416.67	0.731938545
4421.95	0.732007321
4427.43	0.730563029
4432.78	0.732099022
4438.13	0.731353951
4443.48	0.732236574
4448.82	0.731319563
4454.1	0.729542854
4459.55	0.731984396
4464.9	0.732030246
4470.22	0.731720755
4475.62	0.730379626
4480.93	0.730173299
4486.23	0.730987146
4491.7	0.730356701
4497	0.731755143
4502.35	0.729783569
4507.7	0.731548815
4513.1	0.730173299
4518.35	0.73065473
4523.82	0.73070058
4529.13	0.730540103
4534.52	0.730769356
4539.83	0.729519929
4545.23	0.7292219
4550.48	0.729978434
4555.95	0.729290676
4561.27	0.730402552
4566.63	0.7292219
4571.97	0.729944046
4577.32	0.730265
4582.62	0.728935334
4588.08	0.729359452
4593.45	0.729840883
4598.75	0.729027035
4604.17	0.729210437
4609.47	0.729141662
4614.77	0.729084348
4620.25	0.729668943
4625.57	0.728820708
4630.88	0.728878021
4636.28	0.728878021
4641.58	0.728889484
4646.88	0.72900411
4652.3	0.728671694
4657.65	0.728625843
4663	0.729244825
4668.37	0.728465366
4673.72	0.728052711
4679	0.728408053
4684.48	0.728327814
4689.78	0.728006861
4695.18	0.727869309
4700.5	0.728935334
4705.88	0.728327814
4711.13	0.728625843
4716.6	0.728121487
4721.92	0.728683156
4727.3	0.727800533
4732.62	0.728465366
4737.98	0.728442441
4743.27	0.727548355
4748.7	0.727995398
4754.03	0.728167338
4759.4	0.728373665
4764.78	0.727731757
4770.12	0.728362202
4775.4	0.727559818
4780.87	0.727147163
4786.22	0.727227401
4791.53	0.727800533
4796.92	0.727766145
4802.23	0.727181551
4807.53	0.727548355
4812.95	0.727869309
4818.3	0.727147163
4823.67	0.726745971
4829.02	0.726814746
4834.37	0.726791821
4839.65	0.727789071
4845.15	0.726940835
4850.45	0.726367704
4855.83	0.726390629
4861.15	0.727273252
4866.5	0.727021074
4871.8	0.725943586
4877.25	0.726218689
4882.62	0.726585494
4887.93	0.726574031
4893.33	0.726241615
4898.63	0.725485081
4903.93	0.725668483
4909.35	0.725725796
4914.72	0.726929373
4920.05	0.7260926
4925.4	0.72565702
4930.77	0.726321853
4936.05	0.726058212
4941.5	0.726390629
4946.82	0.726161376
4952.22	0.725932123
4957.53	0.726551106
4962.93	0.725508006
4968.18	0.727158626
4973.65	0.725989437
4978.97	0.726929373
4984.4	0.726035287
4989.67	0.725909198
4995.07	0.726058212
5000.32	0.72582896
5005.78	0.725909198
5011.08	0.725977974
5016.45	0.725645557
5021.83	0.725909198
5027.15	0.725897735
5032.47	0.725393379
5037.9	0.725737259
5043.27	0.725095351
5048.62	0.725760184
5053.98	0.724373205
5059.28	0.725187052
5060.45	0.724602458
5060.57	0.721851425
5060.58	0.720269581
5060.6	0.714687277
5060.63	0.711225561
5060.65	0.709792731
5060.68	0.706010061
5060.7	0.702857836
5060.73	0.70004949
5060.75	0.696931653
5060.78	0.694249396
5060.8	0.692335135
5060.82	0.690535501
5060.85	0.689343387
5060.87	0.689744579
5060.9	0.687154024
5060.92	0.686019222
5060.95	0.685732657
5060.97	0.681629033
5061	0.681250766
5061.02	0.68018474
5061.05	0.679130178
5061.07	0.677628572
5061.08	0.6767918
5061.12	0.675714312
5061.15	0.674373184
5061.18	0.6726194
5061.2	0.672390147
5061.22	0.670452962
5061.25	0.671885791
5061.27	0.669604727
5061.3	0.669627652
5061.32	0.667931182
5061.33	0.66735805
5061.37	0.667380975
5061.38	0.666028384
5061.42	0.666085697
5061.43	0.665409402
5061.47	0.664274601
5061.48	0.663220038
5061.52	0.662222789
5061.53	0.661397479
5061.55	0.661340166
5061.58	0.660652408
5061.6	0.659941724
5061.63	0.659380055
5061.65	0.659368592
5061.68	0.658738147
5061.72	0.657523108
5061.75	0.657144841
5061.8	0.655643235
5061.85	0.654806463
5061.88	0.654004078
5061.93	0.65292659
5061.98	0.651688626
5062.03	0.651172807
5062.1	0.650439198
5062.17	0.647871568
5062.23	0.646908706
5062.3	0.644616179
5062.38	0.643641855
5062.47	0.642541442
5062.57	0.641452491
5062.67	0.639916498
5062.77	0.64048963
5062.88	0.63988211
5063	0.638128326
5063.15	0.637394718
5063.28	0.636901824
5063.45	0.635079265
5063.62	0.633165005
5063.8	0.632202143
5064	0.630196182
5064.2	0.628900904
5064.43	0.6264479
5064.68	0.625828917
5064.95	0.624235611
5065.25	0.624866056
5065.55	0.623524927
5065.92	0.620773895
5066.27	0.619329602
5066.65	0.61832089
5067.07	0.616108601
5067.53	0.614022402
5068.13	0.612486408
5068.67	0.610549223
5069.2	0.607706489
5069.82	0.607064581
5070.48	0.606055869
5071.22	0.604175997
5072.07	0.601986633
5072.88	0.599808732
5073.8	0.599682643
5074.78	0.599040735
5075.8	0.598662468
5076.97	0.595991674
5078.2	0.596163614
5079.55	0.594283741
5081	0.593183328
5082.6	0.59188805
5084.3	0.589778925
5086.07	0.589652836
5088.05	0.589079704
5090.18	0.587784426
5092.42	0.586489148
5095	0.586065031
5097.68	0.585285571
5100.52	0.58415077
5103.7	0.584781215
5107.02	0.584494649
5110.68	0.582786717
5114.65	0.582396987
5118.85	0.581388275
5123.4	0.580734905
5128.42	0.580505652
5133.85	0.580723442
5139.12	0.58080368
5144.53	0.580562965
5149.83	0.58097562
5155.13	0.579680342
5160.53	0.580746367
5165.93	0.580459801
5171.25	0.580792218
5176.6	0.580597353
5181.97	0.580528577
5187.25	0.580906844
5192.67	0.580517115
5198.03	0.580677591
5203.42	0.581136097
5208.73	0.580620278
5214.13	0.580746367
5219.38	0.580689054
5224.83	0.580299324
5230.2	0.580413951
5235.55	0.580666129
5240.87	0.580620278
5246.27	0.5803681
5251.52	0.580574428
5256.98	0.580551502
5262.28	0.580895382
5267.63	0.58054004
5273	0.580551502
5278.35	0.580711979
5283.67	0.580677591
5289.12	0.580597353
5294.45	0.580391026
5299.78	0.58054004
5305.18	0.580620278
5310.5	0.580436876
5315.78	0.580425413
5321.23	0.580448339
5326.58	0.58054004
5331.9	0.580448339
5337.25	0.580597353
5342.62	0.58058589
5347.92	0.580711979
5353.35	0.58054004
5358.72	0.580517115
5364.07	0.580413951
5369.38	0.580562965
5374.8	0.580356638
5380.03	0.580207623
5385.48	0.580723442
5390.85	0.580860994
5396.22	0.580528577
5401.52	0.580436876
5406.92	0.580769293
5412.17	0.580906844
5417.63	0.580436876
5422.93	0.580551502
5428.3	0.580574428
5433.65	0.580425413
5439	0.5803681
5444.3	0.581067321
5449.77	0.58058589
5455.1	0.580505652
5460.43	0.580631741
5465.82	0.580528577
5471.13	0.580551502
5476.43	0.580459801
5481.88	0.580402488
5487.25	0.58080368
5492.55	0.580494189
5497.95	0.580654666
5503.25	0.580471264
5508.55	0.581078784
5514.02	0.580299324
5519.37	0.580551502
5524.73	0.580299324
5530.03	0.580482727
5535.43	0.580356638
5540.68	0.579978371
5546.13	0.580310787
5551.45	0.580700517
5556.83	0.580402488
5562.17	0.580379563
5567.55	0.580287862
5572.82	0.580138848
5578.3	0.580287862
5583.58	0.580391026
5588.93	0.580436876
5594.3	0.580436876
5599.7	0.580941232
5604.95	0.581055858
5610.4	0.580436876
5615.77	0.580402488
5621.23	0.580402488
5626.47	0.580356638
5631.82	0.58032225
5637.08	0.57993252
5642.53	0.580287862
5647.88	0.580402488
5653.25	0.580402488
5658.6	0.580929769
5663.97	0.580230549
5669.22	0.579336463
5674.67	0.580310787
5680.03	0.580138848
5685.38	0.580127385
5690.77	0.580161773
5696.1	0.580597353
5701.35	0.580413951
5706.8	0.580001296
5712.15	0.58032225
5717.52	0.580230549
5722.83	0.580574428
5728.22	0.579921057
5733.47	0.5803681
5738.93	0.580310787
5744.27	0.580310787
5749.6	0.580425413
5754.95	0.580310787
5760.3	0.58032225
5765.6	0.580081534
5771.05	0.580219086
5776.4	0.580035684
5781.72	0.580070072
5787.12	0.580242011
5792.43	0.580173235
5797.73	0.580230549
5803.18	0.580310787
5808.55	0.580138848
5813.87	0.580115922
5819.25	0.580230549
5824.57	0.580161773
5829.87	0.580230549
5835.32	0.580425413
5840.63	0.579909595
5845.98	0.580230549
5851.35	0.580333712
5856.73	0.580310787
5861.98	0.580047146
5867.45	0.580345175
5872.77	0.580092997
5878.17	0.580161773
5883.47	0.580413951
5888.87	0.580264937
5894.12	0.580127385
5899.58	0.580666129
5904.9	0.580024221
5910.3	0.580253474
5915.62	0.580379563
5920.97	0.58054004
5926.25	0.579645954
5931.73	0.579978371
5937.05	0.580184698
5942.38	0.579611566
5947.77	0.579749118
5953.1	0.579921057
5958.4	0.580310787
5963.83	0.579875207
5969.2	0.579519865
5974.57	0.580127385
5979.9	0.579462552
5985.23	0.579588641
5990.53	0.579290612
5995.98	0.57954279
6001.28	0.57954279
6006.63	0.579485477
6012	0.579588641
6017.35	0.57954279
6022.63	0.578763331
6028.13	0.580333712
6033.42	0.580207623
6038.82	0.580356638
6044.13	0.579966908
6049.52	0.580001296
6050.53	0.579829356
6050.6	0.586145269
6050.63	0.581915556
6050.67	0.579749118
6050.7	0.572848611
6050.73	0.568343794
6050.77	0.563942142
6050.8	0.559402938
6050.83	0.556697756
6050.87	0.553556993
6050.9	0.551917836
6050.92	0.54976286
6050.95	0.54767666
6050.98	0.547562034
6051.02	0.545624849
6051.05	0.545613386
6051.08	0.543744976
6051.12	0.542610175
6051.15	0.541853641
6051.18	0.537016408
6051.2	0.538827505
6051.22	0.536924707
6051.25	0.536431814
6051.27	0.535147999
6051.28	0.535766981
6051.32	0.534689493
6051.35	0.53446024
6051.37	0.534425852
6051.4	0.533703706
6051.42	0.533623468
6051.43	0.532374041
6051.47	0.532798158
6051.5	0.531537268
6051.52	0.532167713
6051.55	0.531399716
6051.57	0.531445567
6051.58	0.531021449
6051.62	0.530803659
6051.63	0.530964136
6051.67	0.530356616
6051.68	0.530184677
6051.72	0.529164502
6051.73	0.529737634
6051.77	0.529221815
6051.8	0.529451068
6051.83	0.526975139
6051.87	0.527582658
6051.92	0.527055377
6051.95	0.526058128
6052	0.524877476
6052.05	0.524407508
6052.1	0.524888939
6052.17	0.524235568
6052.23	0.522160831
6052.3	0.522000354
6052.37	0.521759639
6052.45	0.521438685
6052.53	0.520407048
6052.63	0.520647763
6052.73	0.519833916
6052.83	0.519616126
6052.95	0.51785088
6053.08	0.517392374
6053.22	0.516291961
6053.35	0.515753217
6053.52	0.514435014
6053.68	0.514813281
6053.87	0.513334601
6054.07	0.511752757
6054.28	0.51137449
6054.52	0.510686732
6054.77	0.509632169
6055.03	0.509127813
6055.32	0.509230977
6055.63	0.507018688
6055.97	0.505987051
6056.33	0.504542759
6056.73	0.502869214
6057.15	0.503385032
6057.62	0.501780263
6058.22	0.500118181
6058.73	0.498719739
6059.32	0.498318547
6059.95	0.497527625
6060.6	0.496117721
6061.35	0.493974208
6062.08	0.493653254
6062.92	0.491991172
6063.83	0.490890758
6064.83	0.490019598
6065.88	0.487429042
6067.05	0.485996213
6068.33	0.485526244
6069.65	0.484494607
6071.13	0.484173653
6072.63	0.482775212
6074.33	0.481537247
6076.15	0.481514322
6078.17	0.479554211
6080.28	0.479657374
6082.48	0.47846526
6085.03	0.476929267
6087.7	0.476367598
6090.65	0.476000793
6093.77	0.475026469
6097.1	0.474613814
6100.8	0.472928807
6104.68	0.47281418
6108.98	0.470796756
6113.47	0.470957233
6118.55	0.470487265
6123.87	0.469214912
6129.25	0.468825183
6134.55	0.469902671
6139.97	0.468962734
6145.2	0.468939809
6150.67	0.467816471
6156.03	0.467862321
6161.38	0.467885247
6166.68	0.467300652
6172.07	0.467701844
6177.33	0.467747695
6182.75	0.467678919
6188.15	0.467587218
6193.45	0.467438204
6198.87	0.46694531
6204.18	0.466773371
6209.48	0.46694531
6214.88	0.465913673
6220.28	0.466887997
6225.58	0.466429492
6230.98	0.466773371
6236.32	0.466658744
6241.6	0.466910922
6247	0.46668167
6252.42	0.466865072
6257.72	0.466738983
6263.08	0.466532655
6268.45	0.466693132
6273.73	0.466165851
6279.18	0.465993912
6284.55	0.465948061
6289.88	0.465821972
6295.2	0.466830684
6300.6	0.465753196
6305.85	0.466922385
6311.32	0.465718808
6316.63	0.466211702
6322.05	0.466704595
6327.35	0.466784833
6332.73	0.466887997
6337.98	0.466716058
6343.4	0.466796296
6348.75	0.466716058
6354.12	0.466738983
6359.47	0.466842147
6364.83	0.466968236
6370.13	0.466085613
6375.53	0.466784833
6380.93	0.465970986
6386.23	0.466039762
6391.63	0.466716058
6396.95	0.46668167
6402.27	0.466956773
6407.67	0.466796296
6413.07	0.466188776
6418.37	0.466544118
6423.72	0.466486805
6429.08	0.465718808
6434.38	0.46542078
6439.78	0.46607415
6445.18	0.466062687
6450.55	0.465764659
6455.9	0.465558331
6461.25	0.465478093
6466.5	0.465271765
6471.97	0.465546869
6477.28	0.465397854
6482.68	0.465650032
6487.98	0.465260303
6493.38	0.465374929
6498.63	0.464904961
6504.08	0.465134214
6509.42	0.465122751
6514.77	0.464824723
6520.12	0.465374929
6525.47	0.465271765
6530.77	0.464882036
6536.18	0.46459547
6541.58	0.464790335
6546.88	0.46485911
6552.3	0.464664246
6557.62	0.464434993
6562.92	0.465088363
6568.32	0.46503105
6573.73	0.464618395
6579.03	0.464561082
6584.42	0.464308904
6589.78	0.464847648
6595.03	0.46481326
6600.45	0.464561082
6605.83	0.464538157
6611.2	0.464503769
6616.52	0.464492306
6621.92	0.464389142
6627.17	0.46464132
6632.62	0.464629858
6637.98	0.464629858
6643.33	0.464469381
6648.65	0.464412068
6654.05	0.464400605
6659.3	0.464939349
6664.75	0.464698634
6670.07	0.46442353
6675.43	0.464882036
6680.78	0.464870573
6686.18	0.464744484
6691.43	0.464744484
6696.87	0.464561082
6702.25	0.464412068
6707.62	0.464847648
6712.97	0.464538157
6718.3	0.464629858
6723.58	0.464194278
6729	0.464584007
6734.38	0.464698634
6739.73	0.464652783
6745.1	0.464870573
6750.45	0.46459547
6755.7	0.464755947
6761.15	0.464584007
6766.5	0.464503769
6770.6	0.464698634
6770.65	0.46503105
6770.67	0.466051225
6770.7	0.466555581
6770.72	0.46585636
6770.73	0.464469381
6770.77	0.461649572
6770.78	0.460961814
6770.82	0.460549159
6770.83	0.460285518
6770.85	0.460262593
6770.88	0.460159429
6770.9	0.46003334
6770.93	0.459322657
6770.95	0.45855466
6770.98	0.458061767
6771	0.45724792
6771.03	0.457087443
6771.05	0.456491386
6771.08	0.455620225
6771.1	0.455608763
6771.13	0.455184645
6771.15	0.455413898
6771.17	0.454668826
6771.2	0.453648652
6771.22	0.453602801
6771.25	0.453453787
6771.27	0.453499638
6771.28	0.453006744
6771.32	0.453052595
6771.33	0.453052595
6771.37	0.453109908
6771.38	0.452456538
6771.42	0.452513851
6771.43	0.452651402
6771.47	0.451929256
6771.48	0.451791705
6771.5	0.451310274
6771.53	0.450656904
6771.55	0.45098932
6771.58	0.450932007
6771.6	0.450679829
6771.63	0.450542277
6771.65	0.450370338
6771.68	0.450542277
6771.72	0.450198398
6771.73	0.45055374
6771.75	0.450014996
6771.78	0.450301562
6771.82	0.449820131
6771.83	0.449613804
6771.87	0.449361626
6771.9	0.449407476
6771.93	0.448742643
6771.98	0.448628017
6772.03	0.448295601
6772.08	0.448203899
6772.13	0.447997572
6772.18	0.447688081
6772.25	0.447160799
6772.32	0.447080561
6772.38	0.446690831
6772.45	0.446610593
6772.53	0.446346952
6772.62	0.446369878
6772.7	0.445739433
6772.8	0.444719258
6772.92	0.44451293
6773.03	0.444237827
6773.15	0.443951261
6773.3	0.443366667
6773.43	0.44325204
6773.58	0.442908161
6773.77	0.443045713
6773.95	0.441922375
6774.15	0.442082851
6774.35	0.442243328
6774.58	0.441589958
6774.83	0.440202979
6775.1	0.439996652
6775.38	0.439354744
6775.68	0.438048003
6776.03	0.43920573
6776.4	0.438770149
6776.78	0.437646811
6777.2	0.436259832
6777.67	0.435881565
6778.22	0.435881565
6778.77	0.435491835
6779.33	0.435296971
6779.97	0.434666525
6780.65	0.434494586
6781.37	0.433852678
6782.18	0.433302472
6783.03	0.43294713
6783.97	0.4325574
6784.93	0.432477162
6785.95	0.43212182
6787.12	0.431262122
6788.35	0.430895318
6789.68	0.4304712
6791.13	0.430173172
6792.75	0.429794905
6794.43	0.429886606
6796.25	0.427995271
6798.23	0.427433602
6800.32	0.426952171
6802.57	0.426596829
6805.13	0.425496416
6807.77	0.42542764
6810.67	0.424430391
6813.87	0.423765558
6817.17	0.423272665
6820.82	0.423272665
6824.8	0.422699533
6829.02	0.422069088
6833.55	0.421003063
6838.55	0.42077381
6843.95	0.420315304
6849.27	0.41912319
6854.65	0.418871012
6860	0.418401044
6865.28	0.417804987
6870.68	0.418343731
6876.07	0.417655973
6881.38	0.417197467
6886.75	0.417117229
6892.17	0.416830663
6897.42	0.416452396
6902.82	0.416234606
6908.17	0.415695862
6913.57	0.41555831
6918.88	0.416051204
6924.28	0.415225894
6929.53	0.415237356
6935	0.415111267
6940.3	0.414973716
6945.68	0.415031029
6951.02	0.414836164
6956.4	0.414538135
6961.67	0.414182794
6967.07	0.414159868
6972.43	0.414033779
6977.78	0.414125481
6983.13	0.413793064
6988.53	0.413873303
6993.8	0.413242858
6999.25	0.413678438
7004.6	0.413162619
7009.95	0.413231395
7015.32	0.413219932
7020.67	0.413093843
7025.93	0.412933366
7031.38	0.413105306
7036.75	0.41303653
7042.05	0.413059455
7047.45	0.412967754
7052.77	0.413013605
7058.05	0.412898978
7063.47	0.412738502
7068.83	0.412910441
7074.22	0.412635338
7079.53	0.412887516
7084.93	0.412669726
7090.18	0.412451936
7095.67	0.412360235
7100.95	0.412440473
7106.35	0.411878804
7111.67	0.411603701
7117.08	0.411936117
7122.33	0.412050743
7127.77	0.41194758
7133.08	0.411489074
7138.45	0.411213971
7143.8	0.41112227
7149.18	0.411454686
7154.45	0.411844416
7159.87	0.411007643
7165.25	0.411523462
7170.57	0.411672476
7175.97	0.411007643
7181.33	0.410835704
7186.58	0.411213971
7191.98	0.410927405
7197.4	0.410915942
7202.73	0.410961793
7208.08	0.411076419
7213.4	0.41090448
7218.7	0.411351522
7224.12	0.410927405
7229.47	0.410858629
7234.83	0.410870092
7240.18	0.410766928
7245.58	0.410709615
7250.83	0.410938868
7256.28	0.410778391
7261.6	0.410812779
7267	0.41073254
7272.32	0.410778391
7277.7	0.410663764
7282.97	0.410560601
7288.4	0.410560601
7293.73	0.41068669
7299.08	0.410560601
7304.45	0.410629376
7309.85	0.41051475
7315.1	0.410560601
7320.52	0.410675227
7325.9	0.410675227
7331.23	0.41068669
7336.63	0.410663764
7341.98	0.410159408
7347.23	0.41068669
7352.65	0.410331348
7358.03	0.410560601
7363.35	0.410239647
7368.73	0.410113558
7374.05	0.410090632
7379.37	0.410285497
7384.77	0.410251109
7390.18	0.410789853
7395.52	0.410262572
7400.87	0.410606451
7406.25	0.41007917
7411.48	0.410594988
7416.95	0.410136483
7422.27	0.410629376
7427.65	0.410251109
7433	0.410583526
7438.37	0.409976006
7443.62	0.410652302
7449.07	0.410480362
7454.38	0.410170871
7459.77	0.410113558
7465.15	0.410021857
7470.5	0.410205259
7475.75	0.41007917
7481.17	0.409941618
7486.52	0.409998931
7491.88	0.410583526
7497.27	0.409998931
7502.63	0.410067707
7507.9	0.409781141
7513.3	0.410102095
7518.68	0.409826992
7524	0.410044782
7529.4	0.410480362
7534.72	0.409941618
7540.02	0.409528963
7545.45	0.410549138
7550.78	0.409574814
7556.13	0.409918693
7561.53	0.410468899
7566.85	0.409746753
7572.15	0.410411586
7577.6	0.409895768
7582.92	0.409838454
7588.32	0.410491825
7593.67	0.409804067
7599	0.41029696
7604.27	0.409953081
7609.72	0.410526213
7615.05	0.409998931
7620.43	0.409976006
7625.78	0.410560601
7631.13	0.410056245
7636.4	0.410468899
7641.82	0.409918693
7647.17	0.409746753
7652.53	0.41051475
7657.93	0.410331348
7663.28	0.409655052
7668.55	0.4094258
7673.95	0.409804067
7679.37	0.409700903
7684.65	0.409872842
7690.07	0.410411586
7695.42	0.409746753
7700.67	0.410480362
7706.08	0.410021857
7711.48	0.410457437
7716.78	0.409632127
7722.18	0.410549138
7727.5	0.409930156
7730.68	0.409597739
7730.73	0.408004433
7730.77	0.408692191
7730.8	0.412302921
7730.83	0.408096134
7730.87	0.409299711
7730.9	0.410239647
7730.93	0.409838454
7730.97	0.408944369
7731	0.408497326
7731.03	0.408268073
7731.07	0.408256611
7731.1	0.408336849
7731.13	0.407626166
7731.17	0.407305212
7731.2	0.406628916
7731.23	0.406571603
7731.27	0.406938407
7731.3	0.406926945
7731.33	0.40607871
7731.37	0.406032859
7731.4	0.405757756
7731.43	0.405769218
7731.47	0.404886595
7731.5	0.40464588
7731.53	0.404084211
7731.55	0.404003972
7731.57	0.404737581
7731.6	0.404049823
7731.62	0.404026898
7731.65	0.403832033
7731.67	0.403671556
7731.7	0.403763257
7731.72	0.403579855
7731.73	0.40360278
7731.77	0.403155737
7731.8	0.403522542
7731.82	0.402685769
7731.83	0.402926485
7731.87	0.402880634
7731.9	0.402410666
7731.92	0.402479442
7731.95	0.402685769
7731.98	0.402020936
7732.03	0.402032399
7732.07	0.402651381
7732.12	0.40190631
7732.17	0.401356103
7732.22	0.401562431
7732.27	0.401596819
7732.33	0.401367566
7732.38	0.401860459
7732.47	0.400335929
7732.53	0.400737121
7732.62	0.400530793
7732.7	0.399797185
7732.78	0.400186914
7732.88	0.399613783
7733	0.39943038
7733.12	0.399464768
7733.23	0.399407455
7733.37	0.399246978
7733.52	0.39921259
7733.67	0.398788473
7733.85	0.398490444
7734.02	0.399269903
7734.22	0.398135102
7734.43	0.397229554
7734.67	0.397390031
7734.92	0.397023227
7735.18	0.39642717
7735.47	0.396610572
7735.78	0.395773799
7736.12	0.395842575
7736.48	0.395693561
7736.88	0.394856788
7737.3	0.394673386
7737.77	0.394031478
7738.35	0.393756375
7738.88	0.394157567
7739.5	0.393469809
7740.08	0.392598649
7740.77	0.391899428
7741.5	0.39203698
7742.23	0.391360684
7743.08	0.390902179
7743.98	0.390535374
7744.97	0.390363435
7746.05	0.389744452
7747.2	0.389205708
7748.47	0.388712815
7749.82	0.388059445
7751.28	0.387749954
7752.8	0.387566551
7754.52	0.386775629
7756.32	0.386191035
7758.28	0.385480352
7760.43	0.384781131
7762.65	0.383841194
7765.18	0.383772419
7767.87	0.383119048
7770.8	0.382224963
7773.88	0.38156013
7777.25	0.381078699
7780.93	0.381330877
7784.85	0.379989749
7789.13	0.378912261
7793.62	0.378786172
7798.65	0.377937937
7804	0.377892086
7809.4	0.376482182
7814.75	0.376000751
7820.1	0.375335918
7825.35	0.375095203
7830.8	0.37421258
7836.15	0.371748113
7841.52	0.371484472
7846.85	0.371243757
7852.22	0.370876952
7857.5	0.370613312
7862.93	0.369329496
7868.3	0.369226333
7873.65	0.368893916
7879	0.369191945
7884.35	0.368848066
7889.63	0.368286397
7895.07	0.367724727
7900.42	0.36712867
7905.73	0.367163058
7911.15	0.366991119
7916.48	0.36652115
7921.77	0.36669309
7927.23	0.366635777
7932.55	0.365558289
7937.87	0.365386349
7943.23	0.365306111
7948.58	0.36460689
7953.88	0.364583965
7959.3	0.363758655
7964.65	0.363747192
7970.05	0.363644029
7975.37	0.363426239
7980.75	0.363449164
7986.02	0.363437701
7991.47	0.36247484
7996.78	0.362314363
8002.18	0.361569291
8007.48	0.361810007
8012.88	0.361489053
8018.15	0.361385889
8023.6	0.361294188
8028.97	0.3612598
8034.3	0.36099616
8039.65	0.361087861
8044.97	0.360308401
8050.28	0.359838433
8055.68	0.359746732
8061.08	0.358978736
8066.4	0.359242376
8071.78	0.359001661
8077.15	0.35895581
8082.42	0.358669244
8087.87	0.35791271
8093.2	0.357832472
8098.57	0.357626144
8103.92	0.357752233
8109.28	0.357328116
8114.55	0.356892536
8119.98	0.357270803
8125.35	0.355746272
8130.7	0.355918212
8136.07	0.355597258
8141.42	0.355459706
8146.68	0.355494094
8152.12	0.355459706
8157.48	0.355024126
8162.83	0.355471169
8168.18	0.355218991
8173.53	0.354829261
8178.78	0.354026876
8184.25	0.353339118
8189.6	0.353362044
8194.97	0.353224492
8200.32	0.353465207
8205.65	0.3528233
8210.93	0.352376257
8216.38	0.35265136
8221.73	0.352479421
8227.08	0.351917751
8232.43	0.351929214
8237.8	0.351848976
8243.07	0.351195605
8248.47	0.351252918
8253.87	0.351046591
8259.18	0.350599548
8264.58	0.350290057
8269.88	0.350163968
8275.18	0.350221281
8280.63	0.349590836
8286	0.349567911
8291.37	0.349075017
8296.7	0.349281345
8302.07	0.348811377
8307.32	0.348352871
8312.77	0.348685288
8318.08	0.348467498
8323.48	0.348501886
8328.82	0.348593587
8334.18	0.348421647
8339.45	0.348226782
8344.9	0.34843311
8350.22	0.348054843
8355.6	0.34821532
8360.97	0.347928754
8366.33	0.347756814
8371.58	0.348169469
8376.98	0.347963142
8382.38	0.347321234
8387.7	0.346965892
8393.1	0.347206608
8398.47	0.347034668
8403.73	0.346667864
8409.13	0.346599088
8414.52	0.346495924
8419.83	0.3465647
8425.22	0.346599088
8430.6	0.346312522
8435.85	0.346599088
8441.25	0.346301059
8446.6	0.346404223
8451.97	0.346083269
8457.35	0.34595718
8462.7	0.346163508
8467.97	0.34617497
8473.42	0.345705002
8478.73	0.345762315
8484.12	0.34547575
8489.5	0.345498675
8494.85	0.345395511
8500.1	0.345418436
8505.55	0.345200646
8510.87	0.345315273
8516.27	0.345246497
8521.62	0.345177721
8526.97	0.34513187
8532.23	0.344982856
8537.63	0.344833842
8543	0.345074557
8548.35	0.344925543
8553.75	0.344340948
8559.12	0.34486823
8564.37	0.343595877
8569.77	0.343916831
8575.17	0.344340948
8580.48	0.343561489
8585.88	0.343630265
8591.18	0.343240535
8596.5	0.343194685
8601.92	0.343550027
8607.3	0.343240535
8612.62	0.343125909
8618	0.34321761
8623.32	0.343206147
8628.62	0.343263461
8634.07	0.343022745
8639.38	0.343068596
8644.78	0.34317176
8650.13	0.343022745
8655.48	0.343045671
8660.75	0.343355162
8666.22	0.343160297
8671.52	0.343091521
8676.92	0.342862268
8682.27	0.343034208
8687.62	0.343091521
8692.88	0.342495464
8698.3	0.342575702
8703.65	0.342701791
8709	0.342862268
8714.4	0.342426688
8719.77	0.342220361
8725.03	0.342931044
8730.43	0.342163048
8735.82	0.342369375
8741.25	0.342197435
8746.55	0.34234645
8751.85	0.341933795
8757.17	0.34256424
8762.57	0.341945257
8767.97	0.341933795
8773.28	0.341979645
8778.68	0.341853556
8783.98	0.341933795
8789.28	0.342048421
8794.7	0.3413492
8800.05	0.341796243
8805.45	0.341968183
8810.8	0.341945257
8816.15	0.341922332
8821.42	0.341337738
8826.9	0.341991108
8832.18	0.34191087
8837.57	0.341899407
8842.93	0.341234574
8848.28	0.341314812
8853.55	0.341830631
8858.97	0.341165798
8864.32	0.341716005
8869.67	0.341291887
8875.05	0.340764606
8880.37	0.340753143
8885.68	0.340672905
8891.08	0.341670154
8896.48	0.340718755
8901.8	0.340672905
8907.18	0.341681617
8912.5	0.340592666
8917.82	0.340741681
8923.22	0.340707293
8928.6	0.341337738
8933.92	0.341337738
8939.32	0.340707293
8944.63	0.340604129
8949.93	0.340340488
8955.33	0.340546816
8960.7	0.341200186
8966.05	0.340535353
8971.45	0.340638517
8976.8	0.340627054
8982.07	0.341016784
8987.53	0.340191474
8992.82	0.340604129
8998.22	0.340363414
9003.6	0.340374876
9008.93	0.340466577
9014.2	0.340959471
9019.63	0.34052389
9024.97	0.340283175
9030.35	0.340409264
9035.7	0.340248787
9041.07	0.339962221
9046.32	0.339881983
9051.75	0.340191474
9057.1	0.339950759
9062.45	0.339893445
9067.83	0.340363414
9073.17	0.34026025
9078.47	0.339790282
9083.87	0.339859058
9089.27	0.339813207
9094.58	0.340191474
9099.97	0.339446403
9105.3	0.339950759
9110.6	0.339285926
9116	0.339205687
9121.38	0.339274463
9126.72	0.339240075
9132.12	0.339778819
9137.42	0.339171299
9142.72	0.339836132
9148.15	0.339091061
9153.48	0.339801744
9158.88	0.338644018
9164.25	0.339102524
9169.6	0.338793032
9174.85	0.339744431
9180.3	0.338747182
9185.62	0.338529392
9191.02	0.338517929
9196.37	0.339767356
9201.73	0.339687118
9206.98	0.339675655
9212.4	0.33965273
9217.75	0.339595417
9223.1	0.33965273
9228.47	0.337635306
9233.82	0.338793032
9239.13	0.337715545
9244.58	0.339572492
9249.92	0.337910409
9255.28	0.338666943
9260.63	0.337577993
9265.98	0.337692619
9271.27	0.338838883
9276.72	0.338678406
9282.07	0.33756653
9287.38	0.337337277
9292.78	0.338311602
9298.08	0.338414765
9303.38	0.338277214
9308.83	0.338368915
9314.2	0.338208438
9319.55	0.338242826
9324.9	0.33730289
9330.25	0.33730289
9335.52	0.338368915
9340.97	0.337325815
9346.32	0.337279964
9351.68	0.338242826
9357.03	0.338208438
9362.38	0.337245576
9367.65	0.337199726
9373.1	0.33730289
9378.42	0.338196975
9383.77	0.338265751
9389.12	0.338162587
9394.47	0.338151125
9399.77	0.336615131
9405.2	0.337165338
9410.6	0.337073637
9415.9	0.337211188
9421.3	0.337257039
9426.6	0.337234114
9431.92	0.33647758
9437.32	0.337921872
9442.72	0.338116737
9448.02	0.337211188
9453.42	0.33795626
9458.73	0.338047961
9464.03	0.338093812
9469.52	0.337257039
9474.83	0.337176801
9480.2	0.336832921
9485.57	0.337199726
9490.9	0.337727007
9496.18	0.338059424
9501.63	0.337085099
9506.97	0.337944797
9512.33	0.337818708
9517.68	0.336993398
9523.03	0.336775608
9528.3	0.336924623
9533.78	0.337096562
9539.07	0.337600918
9544.45	0.336936085
9549.77	0.337108025
9555.13	0.336970473