HEADER	
'time'	'average water saturation'
UNITS	Sw_avrg
'min'	'fraction'
0.02	1.003874561
0.05	1.004750758
0.12	1.003896744
0.15	1.005138946
0.22	1.003885653
0.25	1.005405133
0.32	1.003996564
0.35	1.003852379
0.4	1.003907835
0.43	1.003763651
0.48	1.003275642
0.52	1.00355292
0.55	1.003808015
0.6	1.003785833
0.63	1.003974381
0.68	1.00406311
0.72	1.004185112
0.77	1.003076003
0.82	1.003841288
0.85	1.003597284
0.9	1.005804412
0.95	1.003619466
1	1.003752559
1.03	1.004606574
1.08	1.005116764
1.12	1.004373661
1.15	1.004728576
1.2	1.004096383
1.25	1.003564011
1.3	1.004129657
1.35	1.004052019
1.38	1.003885653
1.42	1.003885653
1.45	1.003530738
1.5	1.00355292
1.53	1.003686013
1.58	1.003774742
1.65	1.003475282
1.7	1.003674922
1.75	1.003674922
1.82	1.003597284
1.88	1.004861669
1.97	1.004107475
2.03	1.004229477
2.12	1.004584392
2.22	1.00467312
2.32	1.004251659
2.42	1.003264551
2.53	1.003530738
2.67	1.003242369
2.8	1.003076003
2.95	1.004373661
3.1	1.005183311
3.27	1.003597284
3.45	1.003808015
3.65	1.003752559
3.87	1.002987274
4.08	1.004784031
4.33	1.00305382
4.6	1.004595483
4.9	1.003952199
5.2	1.0034531
5.55	1.004573301
5.9	1.00527204
6.3	1.004606574
6.72	1.003519646
7.18	1.00406311
7.7	1.004395843
8.25	1.004695303
8.82	1.003830197
9.45	1.004994762
10.12	1.003697104
10.85	1.003774742
11.62	1.003763651
12.47	1.003808015
13.38	1.003841288
14.37	1.003519646
15.43	1.00335328
16.6	1.003541829
17.83	1.00446239
19.17	1.003419827
20.62	1.004628756
22.18	1.004118566
23.87	1.004473481
25.7	1.003630557
27.05	1.004617665
27.12	1.003741468
27.15	1.004817305
27.18	1.005660228
27.23	1.004373661
27.27	1.005094582
27.33	1.003175822
27.37	1.003974381
27.42	1.004329296
27.47	1.004406934
27.52	1.004140748
27.57	1.004562209
27.6	1.003974381
27.63	1.003597284
27.68	1.004085292
27.73	1.004883851
27.77	1.005349677
27.82	1.003819106
27.87	1.004739667
27.9	1.004684212
27.93	1.004994762
27.98	1.004728576
28.05	1.003852379
28.1	1.003808015
28.17	1.005116764
28.2	1.003364371
28.25	1.004850578
28.3	1.004817305
28.35	1.004451298
28.43	1.004229477
28.48	1.002654541
28.55	1.005116764
28.6	1.004795122
28.67	1.005305313
28.7	1.005316404
28.75	1.005294222
28.8	1.005815503
28.83	1.004939307
28.88	1.005504953
28.95	1.004961489
29	1.004906033
29.07	1.004684212
29.13	1.003597284
29.2	1.004517845
29.28	1.004739667
29.37	1.003663831
29.47	1.003131458
29.57	1.004174021
29.67	1.004883851
29.78	1.003708195
29.92	1.003430918
30.05	1.003430918
30.2	1.00467312
30.35	1.003464191
30.52	1.005127855
30.7	1.004684212
30.9	1.002931818
31.12	1.00426275
31.33	1.004029837
31.58	1.005305313
31.85	1.004151839
32.15	1.005405133
32.47	1.003708195
32.8	1.003985472
33.17	1.003442009
33.57	1.004528936
33.98	1.004506754
34.43	1.003719286
34.98	1.005116764
35.5	1.003630557
36.1	1.005061309
36.72	1.004617665
37.37	1.004717485
38.13	1.003874561
38.87	1.004185112
39.75	1.005416224
40.63	1.0050724
41.62	1.004839487
42.72	1.004717485
43.83	1.00446239
45.08	1.004484572
46.42	1.00406311
47.88	1.004307114
49.45	1.004739667
51.12	1.003985472
52.97	1.004695303
54.93	1.004451298
57.08	1.003896744
59.32	1.003586193
61.85	1.004761849
64.53	1.004384752
67.38	1.00386347
70.53	1.004806214
73.92	1.004118566
77.53	1.004939307
81.48	1.003885653
85.73	1.004429116
90.28	1.004052019
95.27	1.004018746
100.63	1.004939307
105.98	1.005427315
111.35	1.003774742
116.72	1.004662029
122.02	1.004418025
127.4	1.004329296
132.75	1.00467312
138.12	1.004473481
143.48	1.004495663
148.83	1.004440207
154.15	1.003175822
159.53	1.004296023
164.88	1.005305313
170.27	1.004761849
175.62	1.004906033
180.97	1.005382951
186.28	1.005260949
191.68	1.004850578
197.02	1.005260949
202.38	1.005028035
207.73	1.004928216
213.08	1.004662029
218.4	1.004284932
223.8	1.004817305
229.13	1.003674922
234.5	1.004240568
239.87	1.004795122
245.2	1.004329296
250.53	1.004806214
255.93	1.004484572
261.28	1.004906033
266.65	1.004074201
271.98	1.00355292
277.33	1.003785833
282.67	1.004185112
288.05	1.004229477
293.42	1.004284932
298.77	1.003408735
304.12	1.004473481
309.48	1.003918926
314.8	1.003874561
320.18	1.003586193
325.53	1.003796924
330.92	1.004018746
336.27	1.004950398
341.62	1.003530738
346.93	1.003541829
352.33	1.003364371
357.67	1.003597284
363.03	1.003763651
368.4	1.003386553
373.73	1.003597284
379.07	1.003331098
384.45	1.003464191
389.85	1.003275642
395.17	1.003386553
400.52	1.00386347
405.87	1.003397644
411.18	1.003808015
416.58	1.003308916
421.97	1.002976183
427.28	1.002887454
432.65	1.004085292
438	1.003508555
443.33	1.003087094
448.73	1.002421628
454.07	1.003841288
459.42	1.002754361
464.78	1.003830197
470.13	1.003808015
475.45	1.004085292
480.85	1.003364371
486.2	1.003619466
491.57	1.003774742
496.92	1.00355292
502.27	1.003752559
507.58	1.003575102
512.97	1.004418025
518.33	1.0034531
523.68	1.003630557
529.03	1.003231278
534.38	1.003663831
539.72	1.003120367
545.1	1.003630557
550.45	1.003464191
555.83	1.0034531
561.17	1.003342189
566.53	1.0034531
571.85	1.004373661
577.23	1.003530738
582.6	1.003541829
587.93	1.003896744
593.32	1.003508555
598.65	1.00355292
603.98	1.00446239
609.37	1.003408735
614.72	1.003663831
620.07	1.003220187
625.43	1.003508555
630.78	1.003741468
636.12	1.00365274
641.5	1.003397644
646.85	1.004418025
652.2	1.003120367
657.55	1.004029837
662.92	1.003430918
668.23	1.002987274
673.65	1.003242369
678.98	1.004085292
684.33	1.003608375
689.7	1.003508555
695.07	1.003275642
700.37	1.004129657
705.75	1.004218385
711.12	1.003719286
716.48	1.003541829
727.17	1.003830197
732.52	1.004107475
737.9	1.00325346
743.27	1.003796924
748.62	1.003808015
753.97	1.002987274
759.32	1.003796924
764.63	1.003264551
770.02	1.00284309
770.18	1.003719286
770.33	0.991086528
770.37	0.991441443
770.4	0.991363805
770.45	0.990897979
770.5	0.991175257
770.55	0.990820341
770.6	0.98958923
770.63	0.98666118
770.67	0.987836837
770.7	0.986583543
770.75	0.98635063
770.78	0.987559559
770.82	0.987115915
770.87	0.988125205
770.92	0.98757065
770.97	0.988735215
771.02	0.987537377
771.07	0.987093733
771.1	0.987371011
771.15	0.986550269
771.2	0.987182462
771.23	0.986883002
771.27	0.986894093
771.3	0.986417176
771.35	0.986672272
771.38	0.986827547
771.43	0.986827547
771.48	0.986772091
771.52	0.987127006
771.57	0.986816456
771.6	0.986705545
771.67	0.987127006
771.72	0.989067948
771.77	0.986505905
771.82	0.988058659
771.87	0.987082642
771.92	0.986783182
771.97	0.98696064
772.03	0.98787011
772.08	0.987104824
772.15	0.987581741
772.23	0.987448648
772.32	0.988080841
772.4	0.987615015
772.48	0.986594634
772.58	0.98767047
772.7	0.987659379
772.82	0.986516996
772.93	0.987271191
773.07	0.987803563
773.22	0.986073352
773.37	0.986738818
773.55	0.986616816
773.73	0.986383903
773.93	0.986705545
774.13	0.985685164
774.37	0.987049369
774.62	0.987592832
774.88	0.986838638
775.17	0.986217537
775.48	0.986461541
775.82	0.985984624
776.18	0.986062261
776.58	0.985651891
777	0.986239719
777.47	0.987182462
778.02	0.986195354
778.52	0.985308067
779.12	0.985030789
779.73	0.986394994
780.42	0.986328448
781.12	0.985430069
781.9	0.984365324
782.75	0.985396795
783.67	0.984276595
784.67	0.983810769
785.73	0.983322761
786.87	0.983289487
788.1	0.982646204
789.45	0.982746024
792.47	0.98170346
794.15	0.980594351
795.98	0.980915993
797.95	0.980372529
800.08	0.979917794
802.33	0.978198674
804.85	0.977976852
807.53	0.977255931
810.42	0.976102457
813.55	0.975348262
816.92	0.974804799
820.57	0.973773327
824.52	0.971300012
828.78	0.969536528
833.32	0.968937609
838.33	0.966464295
843.65	0.964978088
849.02	0.9640908
854.37	0.961783852
859.73	0.960297645
865.05	0.958035062
870.43	0.956615401
875.8	0.954774279
881.15	0.952023687
886.5	0.950493116
891.85	0.94830817
897.17	0.946577959
902.55	0.946056678
907.92	0.943661001
913.28	0.943073173
918.62	0.941365144
923.98	0.936318695
929.3	0.934632849
934.68	0.932758454
940.05	0.931660435
945.42	0.929841495
950.75	0.928022556
956.12	0.927246179
961.43	0.92502796
966.82	0.923796848
972.17	0.923630482
977.52	0.923486297
982.9	0.92401867
988.25	0.923530662
993.57	0.923608299
998.97	0.923652664
1004.32	0.924484496
1009.65	0.923974306
1015	0.92361939
1020.38	0.923674846
1025.68	0.924140672
1031.07	0.923608299
1036.43	0.923663755
1041.82	0.924295947
1047.13	0.923397569
1052.5	0.923430842
1057.82	0.923486297
1063.2	0.923441933
1068.55	0.923353204
1073.92	0.923353204
1079.27	0.923175747
1084.65	0.922543554
1089.95	0.922055546
1095.35	0.92259901
1100.7	0.922732103
1106.05	0.921256987
1111.38	0.921800451
1116.75	0.921245896
1122.07	0.921301351
1127.47	0.920846616
1132.82	0.920624795
1138.17	0.92038079
1143.52	0.920524975
1148.9	0.920547157
1154.22	0.920181151
1159.6	0.920247697
1164.97	0.920214424
1170.32	0.919881691
1175.65	0.919659869
1181.02	0.919227316
1186.33	0.919438047
1191.72	0.919249499
1197.08	0.919083132
1202.43	0.919293863
1207.8	0.918972221
1213.15	0.918506395
1218.47	0.918140389
1229.23	0.918084934
1234.58	0.918107116
1239.92	0.918062751
1245.28	0.917929658
1250.6	0.917996205
1255.98	0.917962931
1261.35	0.917375103
1266.7	0.917364012
1272.05	0.917474923
1277.42	0.91734183
1282.72	0.917108917
1288.13	0.917208737
1293.47	0.916798366
1298.82	0.916853822
1304.17	0.916643091
1309.53	0.916476725
1314.87	0.917596925
1320.23	0.91633254
1325.6	0.915866714
1330.97	0.916443451
1336.32	0.91562271
1341.67	0.915589437
1346.98	0.915545073
1352.38	0.915600528
1357.73	0.915567255
1363.08	0.91552289
1368.45	0.915766894
1373.8	0.915589437
1379.12	0.91602199
1384.5	0.915811259
1389.87	0.91552289
1395.2	0.914935062
1400.57	0.915323251
1405.95	0.91531216
1416.63	0.915167975
1422	0.915201249
1427.35	0.914280688
1432.72	0.913870317
1438.07	0.913737224
1443.38	0.913604131
1448.78	0.914125412
1454.12	0.914413781
1459.48	0.914136503
1464.83	0.914136503
1470.18	0.914158686
1475.52	0.913570857
1480.9	0.914169777
1486.28	0.914114321
1491.6	0.913515402
1496.97	0.914014501
1502.3	0.913548675
1507.65	0.913715042
1513.03	0.913659586
1518.38	0.913515402
1523.73	0.913504311
1529.1	0.913992319
1534.45	0.913626313
1539.77	0.913515402
1545.17	0.914014501
1550.52	0.913959046
1555.87	0.913482129
1561.22	0.91349322
1566.58	0.913548675
1571.9	0.913049576
1577.3	0.913881408
1582.65	0.913482129
1588	0.913204851
1593.35	0.913504311
1598.72	0.913615222
1604.03	0.913471038
1609.45	0.913526493
1614.77	0.913415582
1620.13	0.913282489
1625.47	0.913326853
1630.83	0.913204851
1636.17	0.913138305
1641.57	0.912894301
1646.9	0.912949756
1652.25	0.912960847
1657.62	0.913038485
1662.97	0.913116122
1668.3	0.913504311
1673.68	0.913326853
1679.03	0.913249216
1684.38	0.91329358
1689.75	0.913204851
1695.1	0.913415582
1700.43	0.913404491
1705.82	0.913127214
1711.17	0.913315762
1716.52	0.913337944
1721.88	0.913016303
1727.23	0.913326853
1732.57	0.913260307
1737.95	0.913171578
1743.32	0.912872118
1748.65	0.913271398
1754	0.912872118
1759.37	0.913337944
1764.68	0.913459946
1770.08	0.912960847
1775.42	0.913215942
1780.78	0.913138305
1786.13	0.913282489
1791.5	0.912716843
1796.82	0.911829555
1802.2	0.913249216
1807.55	0.913105031
1812.92	0.912605932
1818.27	0.912672479
1823.62	0.913215942
1828.95	0.9133934
1834.35	0.912495021
1839.7	0.912095742
1845.05	0.912450657
1850.42	0.912495021
1855.77	0.912672479
1861.1	0.913049576
1866.48	0.913005212
1871.83	0.91218447
1877.18	0.91228429
1882.53	0.912173379
1887.88	0.911818464
1893.22	0.912439566
1898.62	0.912273199
1903.97	0.912605932
1909.32	0.912273199
1914.67	0.912339746
1920.03	0.91197374
1925.35	0.912750116
1930.75	0.911751918
1936.08	0.911907193
1941.45	0.912095742
1946.82	0.912350837
1952.17	0.9117741
1957.48	0.911230636
1962.87	0.911785191
1968.23	0.91197374
1973.58	0.912117924
1978.95	0.912129015
1984.28	0.912195562
1989.62	0.912062468
1995.02	0.911263909
2000.37	0.911829555
2005.72	0.911175181
2011.07	0.91116409
2016.43	0.911197363
2021.75	0.911663189
2027.13	0.911907193
2032.5	0.911297183
2037.83	0.912162288
2043.18	0.912173379
2048.57	0.911197363
2053.88	0.910809175
2059.27	0.91116409
2064.63	0.910886812
2069.97	0.911197363
2075.33	0.911175181
2080.68	0.911297183
2086.02	0.911385912
2091.4	0.910986632
2096.75	0.911141907
2102.12	0.91147464
2107.47	0.910942268
2112.82	0.911230636
2118.13	0.910387713
2123.52	0.910276802
2128.87	0.91005498
2134.22	0.910897903
2139.58	0.91056517
2144.93	0.91086463
2150.27	0.911075361
2155.65	0.909212057
2161	0.911197363
2166.37	0.90904569
2171.72	0.909078964
2177.07	0.910598444
2182.4	0.909001326
2187.78	0.90995516
2193.15	0.911397003
2198.48	0.910409895
2203.83	0.90944497
2209.22	0.909822067
2210.27	0.910077162
2210.35	0.908047492
2210.38	0.907126931
2210.42	0.907759123
2210.45	0.90630619
2210.5	0.902069391
2210.53	0.900361362
2210.57	0.899740261
2210.6	0.899263344
2210.65	0.898342783
2210.68	0.898952793
2210.72	0.898742062
2210.75	0.896557116
2210.78	0.897167126
2210.82	0.895514553
2210.85	0.893817615
2210.88	0.894139257
2210.93	0.89315215
2210.98	0.893129967
2211.02	0.892153951
2211.05	0.892109587
2211.08	0.891222299
2211.12	0.890956113
2211.15	0.890479195
2211.2	0.889114991
2211.23	0.888959715
2211.27	0.888382978
2211.3	0.88627567
2211.33	0.886730405
2211.38	0.886686041
2211.42	0.886541856
2211.45	0.884689643
2211.48	0.884523277
2211.53	0.884401275
2211.58	0.88313689
2211.62	0.883669262
2211.65	0.883225619
2211.68	0.883935449
2211.72	0.883192345
2211.77	0.8821276
2211.8	0.881462134
2211.85	0.881573045
2211.9	0.881484317
2211.93	0.881883596
2212	0.881373406
2212.07	0.87908864
2212.12	0.880463936
2212.18	0.880120112
2212.27	0.877691162
2212.35	0.878090441
2212.43	0.877835346
2212.52	0.877657888
2212.62	0.877680071
2212.73	0.877247518
2212.85	0.877114425
2212.97	0.875517307
2213.1	0.875561671
2213.25	0.875594945
2213.4	0.874774203
2213.58	0.874752021
2213.77	0.874086555
2213.95	0.872267616
2214.17	0.872600349
2214.4	0.872034703
2214.65	0.870659407
2214.92	0.870958866
2215.2	0.869905212
2215.52	0.870359947
2215.85	0.869860848
2216.22	0.868929196
2216.62	0.86947266
2217.03	0.86846337
2217.5	0.867576082
2218.02	0.867664811
2218.55	0.867210076
2219.13	0.867365351
2219.77	0.865723869
2220.43	0.865624049
2221.15	0.865568594
2221.95	0.865468774
2222.78	0.865413318
2223.68	0.86492531
2224.67	0.862773638
2225.73	0.863616561
2226.88	0.862363267
2228.13	0.862573998
2229.47	0.862263447
2230.93	0.862097081
2232.5	0.861442706
2234.17	0.86117652
2236	0.860965789
2237.97	0.86087706
2240.08	0.860899242
2242.37	0.859435218
2244.87	0.85844811
2247.55	0.858692114
2250.45	0.858292835
2253.58	0.857871373
2256.95	0.85743882
2260.6	0.856418439
2264.53	0.85662917
2268.78	0.856507168
2273.35	0.856207709
2278.33	0.85520951
2283.7	0.855154055
2289.05	0.854322222
2294.4	0.854333313
2299.77	0.853945125
2305.08	0.853678939
2310.45	0.853279659
2315.82	0.852813833
2321.18	0.852370189
2326.53	0.85207073
2331.88	0.852181641
2337.2	0.85217055
2342.6	0.851782361
2347.95	0.851959819
2353.3	0.850473612
2358.65	0.851316535
2364.02	0.850007786
2369.33	0.850262881
2374.73	0.849697235
2380.08	0.849785964
2385.43	0.849297956
2390.78	0.849131589
2396.15	0.848599217
2401.47	0.849131589
2406.85	0.848588126
2412.22	0.848721219
2417.57	0.848787765
2422.92	0.84873231
2428.28	0.848776674
2433.6	0.848798856
2438.98	0.848743401
2444.35	0.847900478
2449.68	0.8481223
2455.03	0.848233211
2460.38	0.847989206
2465.72	0.847101919
2471.1	0.847833931
2476.47	0.846658275
2481.83	0.846458635
2487.17	0.846591728
2492.53	0.846536273
2497.85	0.84671373
2503.25	0.846602819
2508.58	0.846503
2513.97	0.846569546
2519.3	0.846702639
2524.67	0.846669366
2529.98	0.846680457
2535.38	0.846591728
2540.72	0.846480817
2546.08	0.846525182
2551.43	0.846636093
2556.78	0.846325542
2562.12	0.845970627
2567.5	0.845959536
2572.87	0.845970627
2578.2	0.846148085
2583.58	0.846247904
2588.92	0.846425362
2594.25	0.845970627
2599.62	0.846292269
2605	0.846414271
2610.33	0.846059356
2615.7	0.844661878
2621.05	0.844872608
2626.38	0.844828244
2631.77	0.845038975
2637.1	0.844861517
2642.47	0.844894791
2647.82	0.845038975
2653.18	0.844972428
2658.5	0.844939155
2663.9	0.844850426
2669.25	0.844916973
2674.62	0.844928064
2679.95	0.84458424
2685.32	0.845050066
2690.63	0.844595331
2696.03	0.844606422
2701.38	0.84478388
2706.73	0.844983519
2712.08	0.844939155
2717.43	0.844606422
2722.77	0.844761698
2728.15	0.844828244
2733.5	0.844861517
2738.85	0.844928064
2744.22	0.844861517
2749.57	0.844905882
2754.9	0.843730226
2760.28	0.84296494
2765.65	0.843408584
2770.98	0.843319855
2776.37	0.842953849
2781.7	0.843009304
2787.03	0.843530586
2792.42	0.842876211
2797.77	0.842909484
2803.12	0.842787482
2808.47	0.842887302
2813.85	0.842099834
2819.15	0.842743118
2824.55	0.842044379
2829.9	0.842732027
2835.25	0.842343839
2840.6	0.842177472
2845.97	0.842632207
2851.28	0.842377112
2856.68	0.8427653
2862.02	0.843131306
2867.38	0.842144199
2872.73	0.842787482
2878.08	0.841678373
2883.43	0.841678373
2888.8	0.841900195
2894.17	0.841811466
2899.5	0.842022197
2904.87	0.841611826
2910.23	0.841367822
2915.55	0.841689464
2920.95	0.841866921
2926.3	0.841412187
2931.63	0.84043617
2937.02	0.841223638
2942.35	0.841811466
2947.68	0.841667282
2953.08	0.841988924
2958.43	0.841700555
2963.77	0.841190365
2969.12	0.841889104
2974.48	0.841966741
2979.8	0.841068363
2985.2	0.841268002
2990.55	0.841966741
2995.92	0.841933468
3001.27	0.841112727
3006.62	0.841223638
3011.93	0.840935269
3017.33	0.841057271
3022.67	0.841778193
3028.03	0.841744919
3033.38	0.840968543
3038.73	0.841079454
3044.07	0.841057271
3049.45	0.841101636
3054.8	0.841112727
3060.15	0.84104618
3065.53	0.841866921
3070.87	0.841168182
3076.2	0.841312367
3081.58	0.841800375
3086.93	0.841911286
3092.28	0.841112727
3097.65	0.840691265
3102.98	0.840214348
3108.33	0.839981435
3113.72	0.839937071
3119.07	0.840092346
3124.4	0.840979634
3129.77	0.840114528
3135.12	0.840214348
3140.45	0.840979634
3145.85	0.840513808
3151.2	0.84033635
3156.55	0.840147802
3161.9	0.840469443
3167.27	0.839970344
3172.58	0.839493427
3177.97	0.840169984
3183.32	0.84053599
3188.68	0.840192166
3194.03	0.839848342
3199.38	0.840846541
3204.72	0.839548882
3210.1	0.838883417
3215.47	0.838872326
3220.8	0.838872326
3226.17	0.840081255
3231.52	0.839471245
3236.85	0.83982616
3242.23	0.839382516
3247.6	0.839415789
3252.93	0.838805779
3258.3	0.838850143
3263.65	0.840070164
3268.98	0.838927781
3274.37	0.8400258
3279.73	0.839903797
3285.07	0.839648702
3290.42	0.838894508
3295.77	0.83881687
3301.1	0.839537791
3306.5	0.838861234
3311.85	0.83871705
3317.2	0.839382516
3322.55	0.840114528
3327.93	0.839914889
3333.23	0.838539593
3338.62	0.838705959
3343.97	0.838728141
3349.33	0.839227241
3354.67	0.839903797
3360.05	0.839149603
3365.37	0.838650504
3370.77	0.838473046
3376.1	0.838606139
3381.45	0.839848342
3386.82	0.838705959
3392.17	0.838539593
3397.5	0.838683777
3402.9	0.839393607
3408.23	0.837962856
3413.58	0.839094147
3418.95	0.838595048
3424.28	0.838994328
3429.63	0.838129222
3435.03	0.839149603
3440.38	0.837874127
3445.72	0.838639412
3451.07	0.83901651
3456.42	0.838339953
3461.75	0.837718852
3467.15	0.837718852
3472.5	0.837741034
3477.85	0.837474847
3483.2	0.837630123
3488.57	0.837874127
3493.88	0.837508121
3499.28	0.837674487
3504.62	0.837741034
3510	0.837574667
3515.33	0.837641214
3520.7	0.837674487
3526.02	0.837652305
3531.42	0.837563576
3536.77	0.837674487
3542.12	0.837563576
3547.47	0.837641214
3552.82	0.837896309
3558.15	0.837663396
3563.53	0.837541394
3568.9	0.837674487
3574.23	0.837485939
3579.6	0.837729943
3584.95	0.837663396
3590.28	0.83770776
3595.67	0.838162495
3601.02	0.838162495
3606.37	0.837630123
3611.72	0.837840854
3617.08	0.836920293
3620.35	0.837973947
3620.43	0.834491343
3620.48	0.832927498
3620.52	0.828258147
3620.55	0.828679608
3620.58	0.82546319
3620.62	0.822646052
3620.65	0.820660746
3620.68	0.819329814
3620.72	0.817189233
3620.75	0.815514477
3620.78	0.814516279
3620.82	0.812176057
3620.85	0.810956037
3620.9	0.809935656
3620.93	0.806419778
3620.97	0.806486325
3621	0.805177576
3621.03	0.803269907
3621.07	0.802615533
3621.1	0.801972249
3621.13	0.800630226
3621.18	0.799277113
3621.22	0.79793509
3621.25	0.797824179
3621.28	0.796149424
3621.32	0.794840674
3621.37	0.794519032
3621.4	0.793731565
3621.43	0.792212084
3621.48	0.790437509
3621.52	0.789716588
3621.55	0.789561312
3621.57	0.788341292
3621.6	0.788607478
3621.63	0.78750946
3621.67	0.787187818
3621.7	0.786267257
3621.73	0.78620071
3621.77	0.784936325
3621.8	0.784470499
3621.85	0.783405754
3621.9	0.783128477
3621.95	0.782562831
3622	0.781021169
3622.07	0.780644071
3622.12	0.778669856
3622.2	0.777327834
3622.27	0.777172558
3622.35	0.776662368
3622.43	0.77455506
3622.53	0.773468132
3622.63	0.772425569
3622.73	0.771660283
3622.85	0.771782285
3622.98	0.769608431
3623.12	0.767223845
3623.27	0.767234936
3623.42	0.765537998
3623.58	0.764927988
3623.77	0.763796696
3623.97	0.762731951
3624.18	0.762310489
3624.4	0.760036815
3624.65	0.759060798
3624.92	0.758661519
3625.22	0.756864761
3625.52	0.755267643
3625.87	0.754302718
3626.22	0.752250865
3626.62	0.751918132
3627.03	0.749444818
3627.5	0.748701715
3628.03	0.747758971
3628.58	0.747714607
3629.13	0.745806939
3629.75	0.745696028
3630.43	0.745485297
3631.15	0.744043454
3631.93	0.743644175
3632.77	0.743511082
3633.68	0.742346517
3634.67	0.741858508
3635.73	0.741647778
3636.88	0.741004494
3638.13	0.740771581
3639.48	0.740316846
3640.93	0.739274283
3642.48	0.738009898
3644.18	0.7381319
3646	0.738409177
3647.98	0.737887896
3650.12	0.737366614
3652.38	0.737255703
3654.88	0.736856424
3657.57	0.73570295
3660.47	0.735880408
3663.58	0.735636403
3666.97	0.735580948
3670.6	0.735436764
3674.53	0.734904391
3678.8	0.735370217
3683.35	0.734616023
3688.33	0.734250016
3693.7	0.733728735
3699.05	0.733362729
3704.4	0.73266399
3709.77	0.732841447
3715.08	0.732120526
3720.48	0.731898704
3725.82	0.731798884
3731.18	0.731532698
3736.53	0.731621427
3741.9	0.731244329
3747.22	0.730368133
3752.6	0.730889414
3757.95	0.729857942
3763.3	0.729880125
3768.67	0.731100145
3774.02	0.72932557
3779.35	0.729303388
3784.73	0.729824669
3790.1	0.728471555
3795.43	0.7284161
3800.82	0.728249733
3806.15	0.728227551
3811.48	0.72831628
3816.87	0.728172096
3822.22	0.72831628
3827.58	0.728294098
3832.92	0.72790591
3838.3	0.728105549
3843.62	0.727883727
3849.02	0.72801682
3854.35	0.72811664
3859.7	0.727362446
3865.05	0.727240444
3870.42	0.726885529
3875.73	0.727040804
3881.13	0.726630433
3886.47	0.72689662
3891.83	0.726552796
3897.18	0.727107351
3902.55	0.726220063
3907.87	0.726608251
3913.27	0.726475158
3918.6	0.726408612
3923.95	0.726353156
3929.33	0.726098061
3934.7	0.726763527
3940	0.725953877
3945.4	0.72608697
3950.75	0.726098061
3956.08	0.726208972
3961.45	0.725920603
3966.82	0.725754237
3972.13	0.725610053
3977.52	0.725610053
3982.87	0.725499142
3988.22	0.725476959
3993.57	0.725310593
3998.93	0.725532415
4004.25	0.725621144
4009.63	0.725144227
4015	0.725288411
4020.35	0.725421504
4025.7	0.725122044
4031.07	0.725488051
4036.38	0.725199682
4041.77	0.725576779
4047.12	0.725454777
4052.48	0.725488051
4057.83	0.725066589
4063.18	0.72507768
4068.52	0.725343866
4073.9	0.725366049
4079.25	0.7251775
4084.6	0.725244046
4089.95	0.725188591
4095.32	0.724866949
4100.63	0.725366049
4106.02	0.725210773
4111.38	0.724722765
4116.73	0.724423305
4122.1	0.725099862
4127.43	0.724678401
4132.77	0.724423305
4138.15	0.724678401
4143.52	0.724401123
4148.87	0.72456749
4154.22	0.723957479
4159.57	0.72335856
4164.9	0.7235582
4170.28	0.723580382
4175.63	0.723436198
4181.02	0.723469471
4186.35	0.723480562
4191.7	0.723336378
4197.03	0.723547109
4202.42	0.723280922
4207.77	0.723225467
4213.13	0.723414016
4218.48	0.723391833
4223.85	0.723347469
4229.17	0.723303105
4234.55	0.723181103
4239.9	0.723269831
4245.27	0.72315892
4250.6	0.72315892
4255.97	0.723136738
4261.28	0.723203285
4266.68	0.723269831
4272.03	0.723336378
4277.38	0.723236558
4282.73	0.723314196
4288.08	0.723192194
4293.43	0.722804005
4298.82	0.723214376
4304.17	0.723280922
4309.52	0.723203285
4314.9	0.72335856
4320.22	0.722471272
4325.55	0.722182904
4330.95	0.723081283
4336.28	0.723014736
4341.63	0.723070192
4347	0.722193995
4352.37	0.722926007
4357.68	0.72213854
4363.07	0.722892734
4368.42	0.722049811
4373.77	0.722049811
4379.13	0.722437999
4384.48	0.722659821
4389.8	0.721694896
4395.2	0.722127448
4400.53	0.721872353
4405.88	0.721927809
4411.25	0.72213854
4416.6	0.721628349
4421.93	0.722049811
4427.32	0.721994355
4432.68	0.722005446
4438.03	0.722027629
4443.38	0.721827989
4448.73	0.721872353
4454.07	0.721384345
4459.45	0.721816898
4464.82	0.721927809
4470.15	0.721972173
4475.52	0.721805807
4480.87	0.7219389
4486.2	0.721118159
4491.6	0.721772533
4496.93	0.721827989
4502.28	0.721617258
4507.63	0.721772533
4513	0.721439801
4518.32	0.721506347
4523.72	0.72153962
4529.05	0.721007248
4534.43	0.721705987
4539.77	0.721583985
4545.13	0.721084885
4550.47	0.72112925
4555.85	0.721140341
4561.18	0.720885246
4566.55	0.720430511
4571.9	0.721262343
4577.25	0.72072997
4582.58	0.72051924
4587.98	0.721284525
4593.35	0.721317798
4598.68	0.720474875
4604.05	0.721240161
4609.38	0.720907428
4614.73	0.720940701
4620.12	0.720851972
4625.47	0.72082979
4630.82	0.721184705
4636.18	0.720286327
4641.52	0.720641242
4646.85	0.720286327
4652.23	0.7203196
4657.58	0.720474875
4662.93	0.720208689
4668.3	0.720230871
4673.65	0.720275235
4678.98	0.720186507
4684.37	0.720241962
4689.72	0.720108869
4695.08	0.719798318
4700.42	0.719532132
4705.78	0.719776136
4711.1	0.719964685
4716.5	0.719864865
4721.85	0.720053414
4727.2	0.719665225
4732.55	0.719864865
4737.9	0.719654134
4743.23	0.719887047
4748.62	0.71992032
4753.97	0.719887047
4759.33	0.719687407
4764.68	0.719487768
4770.03	0.719321401
4775.37	0.718977577
4780.77	0.71992032
4786.12	0.719587587
4791.45	0.719055215
4796.83	0.7198205
4802.17	0.719864865
4807.5	0.719842683
4812.88	0.719942503
4818.23	0.719021942
4823.6	0.719354674
4828.95	0.718944304
4834.3	0.718855575
4839.63	0.71950995
4845.05	0.719354674
4850.38	0.719243763
4855.73	0.718944304
4861.08	0.718933213
4866.43	0.718877757
4871.77	0.719221581
4877.15	0.719033033
4882.52	0.718711391
4887.87	0.718811211
4893.22	0.718822302
4898.57	0.718755755
4903.9	0.718822302
4909.27	0.718822302
4914.63	0.718833393
4919.98	0.718888848
4925.33	0.718866666
4930.7	0.718855575
4936.02	0.718689209
4941.42	0.718789029
4946.75	0.7187003
4952.12	0.718744664
4957.47	0.718844484
4962.83	0.718866666
4968.15	0.718589389
4973.55	0.718733573
4978.88	0.718755755
4984.25	0.718711391
4989.6	0.718667026
4994.97	0.718667026
5000.28	0.718833393
5005.67	0.718722482
5011.02	0.718622662
5016.38	0.718633753
5021.75	0.718822302
5027.08	0.7187003
5032.42	0.718667026
5037.8	0.7187003
5043.17	0.718622662
5048.52	0.718611571
5053.88	0.718278838
5059.22	0.718545024
5060.43	0.718090289
5060.5	0.716814813
5060.53	0.715616975
5060.57	0.710637073
5060.6	0.707742297
5060.62	0.704270784
5060.63	0.700533084
5060.67	0.698603234
5060.7	0.694133522
5060.72	0.691893121
5060.73	0.689131438
5060.77	0.687079585
5060.78	0.684550815
5060.82	0.682343687
5060.83	0.681456399
5060.87	0.679249271
5060.88	0.678217799
5060.9	0.676531953
5060.93	0.675134474
5060.95	0.673248988
5060.98	0.671674053
5061	0.670964222
5061.03	0.669810748
5061.05	0.669067645
5061.08	0.66790308
5061.1	0.665817954
5061.13	0.665285581
5061.17	0.664320656
5061.18	0.663699554
5061.22	0.662579354
5061.23	0.661958252
5061.25	0.661270604
5061.28	0.659651304
5061.3	0.659518211
5061.33	0.658453466
5061.35	0.657499632
5061.37	0.656889621
5061.4	0.65565851
5061.43	0.654959771
5061.45	0.654937589
5061.47	0.653983754
5061.5	0.654050301
5061.52	0.653795206
5061.55	0.652142632
5061.57	0.651632442
5061.58	0.651399529
5061.62	0.650323693
5061.65	0.649957686
5061.67	0.649680409
5061.7	0.648438206
5061.75	0.648294022
5061.78	0.646386354
5061.82	0.64503324
5061.87	0.644922329
5061.92	0.644168134
5061.97	0.643502669
5062.02	0.642327012
5062.08	0.640652257
5062.13	0.640097702
5062.22	0.639177141
5062.28	0.637801845
5062.37	0.637269473
5062.45	0.635705628
5062.55	0.634596518
5062.63	0.633343225
5062.75	0.632311753
5062.87	0.631513194
5062.98	0.629605525
5063.13	0.628396596
5063.27	0.627764403
5063.43	0.625357635
5063.6	0.624403801
5063.78	0.622806683
5063.98	0.621786302
5064.18	0.62044428
5064.42	0.619091166
5064.67	0.617216771
5064.93	0.615675109
5065.22	0.613955989
5065.53	0.613113065
5065.9	0.610606478
5066.23	0.608987178
5066.63	0.607378969
5067.05	0.605859489
5067.52	0.604328917
5068.05	0.602543251
5068.57	0.601589417
5069.13	0.600447034
5069.75	0.598006993
5070.43	0.596398784
5071.15	0.595023488
5071.93	0.593393097
5072.8	0.59221744
5073.72	0.590864327
5074.7	0.589012114
5075.75	0.587448269
5076.9	0.586760621
5078.13	0.585562783
5079.48	0.584087667
5080.93	0.582457276
5082.5	0.581714172
5084.18	0.580061599
5086	0.579019036
5087.98	0.578830487
5090.1	0.577510647
5092.38	0.576479175
5094.9	0.57642372
5097.58	0.575724981
5100.47	0.575192608
5103.6	0.574715691
5106.97	0.573717492
5110.62	0.573650946
5114.55	0.573462397
5118.78	0.573273848
5123.37	0.573617672
5128.35	0.572630565
5133.75	0.57197619
5139.05	0.572608383
5144.43	0.57217583
5149.77	0.571355089
5155.1	0.57217583
5160.48	0.571454909
5165.83	0.571676731
5171.18	0.571454909
5176.53	0.571343998
5181.9	0.571099994
5187.23	0.571111085
5192.6	0.571199813
5197.97	0.571377271
5203.33	0.571188722
5208.67	0.570745078
5214.03	0.570800534
5219.37	0.570689623
5224.75	0.570811625
5230.1	0.570700714
5235.45	0.571399453
5240.8	0.570922536
5246.17	0.570589803
5251.5	0.570345799
5256.88	0.570855989
5262.22	0.570534348
5267.58	0.570423437
5272.93	0.570534348
5278.28	0.570523257
5283.63	0.570700714
5289.02	0.570401254
5294.37	0.570345799
5299.72	0.570234888
5305.08	0.56994652
5310.42	0.570445619
5315.77	0.569835609
5321.13	0.570112886
5326.48	0.570123977
5331.83	0.569757971
5337.18	0.570090704
5342.55	0.569891064
5347.88	0.570046339
5353.27	0.569691424
5358.63	0.570401254
5363.98	0.570212706
5369.32	0.569935428
5374.7	0.570168341
5380.02	0.57015725
5385.4	0.570223797
5390.75	0.570135068
5396.12	0.569857791
5401.45	0.570046339
5406.82	0.570179433
5412.13	0.56974688
5417.53	0.570423437
5422.87	0.57005743
5428.22	0.57005743
5433.58	0.57025707
5438.93	0.570478892
5444.27	0.569691424
5449.65	0.570024157
5455	0.569813426
5460.35	0.570201615
5465.73	0.569979793
5471.07	0.569879973
5476.4	0.569491785
5481.78	0.569702515
5487.15	0.570223797
5492.48	0.570268161
5497.85	0.569835609
5503.18	0.569913246
5508.53	0.570190524
5513.92	0.569635969
5519.27	0.569979793
5524.63	0.569913246
5529.97	0.56994652
5535.33	0.569458511
5540.65	0.569968702
5546.03	0.569868882
5551.38	0.570123977
5556.75	0.569813426
5562.1	0.569990884
5567.47	0.5698467
5572.78	0.569780153
5578.18	0.569979793
5583.52	0.569525058
5588.87	0.569802335
5594.23	0.569791244
5599.6	0.569691424
5604.92	0.570234888
5610.3	0.569769062
5615.65	0.56964706
5621.15	0.569879973
5626.37	0.569791244
5631.73	0.569868882
5637.05	0.56944742
5642.45	0.569558331
5647.78	0.569580513
5653.17	0.569624878
5658.5	0.569635969
5663.87	0.569857791
5669.18	0.569436329
5674.57	0.56954724
5679.92	0.56954724
5685.28	0.569669242
5690.67	0.569669242
5696	0.569502876
5701.32	0.569580513
5706.72	0.569591604
5712.07	0.569236689
5717.42	0.569391965
5722.77	0.569513967
5728.13	0.569580513
5733.45	0.568892865
5738.83	0.569613787
5744.18	0.569114687
5749.53	0.569525058
5754.88	0.569225598
5760.23	0.568870683
5765.58	0.569048141
5770.97	0.569358691
5776.32	0.569225598
5781.65	0.569513967
5787.02	0.569480693
5792.37	0.568870683
5797.7	0.569336509
5803.1	0.569536149
5808.45	0.569159052
5813.8	0.569281054
5819.15	0.569181234
5824.5	0.569258872
5829.83	0.568859592
5835.22	0.568671043
5840.57	0.568804137
5845.92	0.568571224
5851.28	0.569059232
5856.65	0.568859592
5861.97	0.56913687
5867.37	0.568859592
5872.7	0.568682135
5878.07	0.568604497
5883.4	0.569269963
5888.78	0.568870683
5894.1	0.568005578
5899.48	0.568659952
5904.83	0.568659952
5910.2	0.56853795
5915.55	0.568582315
5920.9	0.569159052
5926.23	0.568449222
5931.62	0.568493586
5936.97	0.569059232
5942.32	0.568549041
5947.68	0.568659952
5953.03	0.56883741
5958.37	0.568682135
5963.75	0.568759772
5969.1	0.568449222
5974.47	0.568249582
5979.82	0.568083215
5985.15	0.567950122
5990.5	0.567894667
5995.88	0.568293946
6001.22	0.568238491
6006.57	0.567894667
6011.93	0.568061033
6017.28	0.568094306
6022.62	0.568404857
6028.02	0.568072124
6033.35	0.568715408
6038.72	0.568382675
6044.07	0.568183035
6049.42	0.568316128
6050.5	0.567872485
6050.58	0.568393766
6050.62	0.566364095
6050.65	0.56569863
6050.67	0.561317647
6050.7	0.55588301
6050.75	0.551147112
6050.77	0.54880689
6050.8	0.546278121
6050.83	0.543838079
6050.87	0.541664225
6050.9	0.539834194
6050.93	0.538159438
6050.97	0.537205604
6051	0.536018857
6051.03	0.53554194
6051.05	0.533756273
6051.1	0.533401358
6051.12	0.532070426
6051.15	0.531915151
6051.18	0.530916953
6051.2	0.530373489
6051.23	0.529486201
6051.25	0.52927547
6051.28	0.528987102
6051.3	0.528521276
6051.33	0.528077632
6051.35	0.527057251
6051.38	0.527500895
6051.4	0.526735609
6051.43	0.526247601
6051.45	0.526081235
6051.48	0.525948141
6051.5	0.525371404
6051.53	0.52461721
6051.55	0.525360313
6051.58	0.523962835
6051.6	0.523663376
6051.62	0.523452645
6051.65	0.522654086
6051.67	0.522421173
6051.7	0.521766798
6051.72	0.521666978
6051.75	0.522310262
6051.78	0.521467339
6051.82	0.520968239
6051.87	0.520180772
6051.9	0.519726037
6051.95	0.51965949
6051.98	0.518994024
6052.03	0.517751821
6052.1	0.517818368
6052.15	0.517407998
6052.22	0.516797987
6052.28	0.516742532
6052.35	0.516509619
6052.43	0.51470177
6052.52	0.514746134
6052.62	0.51359266
6052.72	0.512838466
6052.82	0.512050998
6052.93	0.511784812
6053.07	0.510376243
6053.2	0.509954781
6053.35	0.509278224
6053.5	0.508723669
6053.67	0.50771438
6053.85	0.50680491
6054.05	0.506017442
6054.27	0.505329794
6054.5	0.504032136
6054.75	0.503610674
6055.02	0.50225756
6055.3	0.501292635
6055.62	0.500505167
6055.95	0.499351693
6056.32	0.499152053
6056.7	0.497100201
6057.13	0.496578919
6057.6	0.494948528
6058.12	0.49416106
6058.65	0.493229408
6059.23	0.492042661
6059.85	0.490811549
6060.52	0.489746804
6061.25	0.489125703
6062.02	0.487728224
6062.87	0.487018394
6063.77	0.4857651
6064.77	0.484567262
6065.83	0.483868523
6066.98	0.48272614
6068.23	0.481262115
6069.57	0.480729743
6071.02	0.479243536
6072.58	0.478078971
6074.27	0.477114046
6076.08	0.47644858
6078.07	0.475195286
6080.2	0.474185996
6082.47	0.473132342
6084.97	0.472378148
6087.65	0.471867957
6090.55	0.470980669
6093.68	0.469927015
6097.05	0.469372461
6100.7	0.468607175
6104.62	0.467509156
6108.88	0.466599686
6113.45	0.466289136
6118.45	0.465601488
6123.78	0.465080206
6129.15	0.46481402
6134.48	0.464093099
6139.87	0.463671637
6145.18	0.463649455
6150.57	0.46349418
6155.93	0.463516362
6161.28	0.463361086
6166.62	0.462939625
6171.98	0.461930335
6177.32	0.461930335
6182.68	0.462617983
6188.07	0.461908153
6193.4	0.462629074
6198.77	0.461630875
6204.12	0.462307432
6209.45	0.461453418
6214.82	0.462118884
6220.18	0.461531056
6225.53	0.46106523
6230.9	0.461453418
6236.23	0.461420145
6241.58	0.461453418
6246.95	0.461331416
6252.32	0.460987592
6257.67	0.461320325
6263.02	0.461386871
6268.38	0.46137578
6273.7	0.461209414
6279.1	0.461031956
6284.45	0.460943228
6289.8	0.461176141
6295.15	0.461309234
6300.52	0.461264869
6305.83	0.460433037
6311.22	0.461098503
6316.57	0.461198323
6321.95	0.460455219
6327.27	0.461020865
6332.63	0.460832317
6337.97	0.460787952
6343.33	0.460976501
6348.7	0.461142867
6354.05	0.460455219
6359.4	0.460799043
6364.77	0.461031956
6375.47	0.460921045
6380.83	0.460499584
6386.18	0.460677041
6391.55	0.460433037
6396.88	0.460699223
6402.23	0.460632677
6407.6	0.460577221
6412.97	0.460299944
6418.32	0.460787952
6423.67	0.460366491
6429.02	0.460821225
6434.35	0.460100304
6439.73	0.460189033
6445.08	0.460399764
6450.45	0.45995612
6455.82	0.460699223
6461.17	0.460233397
6466.48	0.459612296
6471.88	0.46066595
6477.22	0.460854499
6482.58	0.46025558
6487.93	0.460477401
6493.3	0.460410855
6498.62	0.460421946
6504	0.4598563
6509.35	0.460610495
6514.7	0.460410855
6520.05	0.46076577
6525.42	0.460832317
6530.75	0.46025558
6536.12	0.46015576
6541.5	0.460399764
6546.83	0.460377582
6552.2	0.460355399
6557.55	0.460754679
6562.88	0.459811936
6568.25	0.460399764
6573.63	0.459867391
6578.97	0.460532857
6584.33	0.460133577
6589.68	0.460144669
6595.02	0.460222306
6600.38	0.460189033
6605.75	0.460044849
6611.12	0.459922847
6616.45	0.460477401
6621.82	0.459933938
6627.13	0.460067031
6632.53	0.460177942
6637.88	0.460067031
6643.23	0.460089213
6648.58	0.460133577
6653.95	0.459945029
6659.27	0.459967211
6664.67	0.460133577
6670	0.459989393
6675.37	0.460555039
6680.72	0.460388673
6686.08	0.460111395
6691.42	0.459789754
6696.8	0.460133577
6702.15	0.4598563
6707.52	0.460144669
6712.87	0.459734298
6718.22	0.459689934
6723.55	0.459878482
6728.92	0.459811936
6734.3	0.459978302
6739.65	0.45975648
6745	0.459978302
6750.37	0.460200124
6755.67	0.460377582
6761.07	0.460200124
6766.42	0.460133577
6770.58	0.459667751
6770.63	0.45863628
6770.67	0.459357201
6770.68	0.45975648
6770.7	0.458569733
6770.73	0.458381184
6770.75	0.457516079
6770.77	0.457194437
6770.8	0.456373696
6770.82	0.455209131
6770.85	0.454965127
6770.87	0.454809851
6770.88	0.454610212
6770.92	0.453345827
6770.93	0.452791272
6770.97	0.452791272
6770.98	0.451770891
6771.02	0.451216336
6771.03	0.451693253
6771.07	0.451160881
6771.08	0.450672873
6771.12	0.450329049
6771.13	0.450195955
6771.17	0.450251411
6771.18	0.449863223
6771.2	0.449308668
6771.23	0.449142301
6771.25	0.448842842
6771.28	0.448377016
6771.3	0.448310469
6771.32	0.448177376
6771.35	0.448066465
6771.37	0.447245724
6771.4	0.447179177
6771.42	0.447290088
6771.45	0.447134813
6771.47	0.446824262
6771.5	0.446158796
6771.52	0.446169888
6771.55	0.445315873
6771.57	0.446125523
6771.58	0.445759517
6771.62	0.445460057
6771.63	0.445071869
6771.67	0.445005322
6771.7	0.445338055
6771.72	0.445005322
6771.73	0.445238236
6771.77	0.444639316
6771.8	0.444484041
6771.83	0.44427331
6771.87	0.443796393
6771.9	0.443641118
6771.93	0.442942379
6771.97	0.443674391
6772.02	0.44376312
6772.07	0.442565281
6772.12	0.442820377
6772.17	0.44265401
6772.23	0.442731648
6772.28	0.441966362
6772.35	0.441567083
6772.43	0.44062434
6772.52	0.441067983
6772.6	0.440679795
6772.68	0.440402518
6772.78	0.440358153
6772.9	0.439027222
6773.02	0.438982857
6773.13	0.438749944
6773.27	0.438361756
6773.42	0.437907021
6773.57	0.437829383
6773.75	0.437175009
6773.93	0.436598272
6774.12	0.43607699
6774.33	0.435921715
6774.57	0.435378251
6774.82	0.435023336
6775.08	0.435078792
6775.37	0.434845878
6775.68	0.434712785
6776.02	0.433437309
6776.38	0.432794026
6776.77	0.432572204
6777.2	0.432672024
6777.65	0.431585096
6778.17	0.43091963
6778.7	0.430664535
6779.28	0.430520351
6779.9	0.430320711
6780.58	0.429333604
6781.3	0.4285905
6782.1	0.428601591
6782.95	0.428213403
6783.87	0.427137567
6784.83	0.426505374
6785.88	0.426339008
6787.05	0.425984093
6788.28	0.425973002
6789.62	0.424686435
6791.07	0.423998787
6792.65	0.423876785
6794.35	0.423200228
6796.17	0.422246393
6798.15	0.421880387
6800.25	0.421669656
6802.53	0.420582729
6805.05	0.420105812
6807.72	0.419861808
6810.6	0.419007793
6813.75	0.418930156
6817.1	0.418253599
6820.75	0.417710135
6824.72	0.41715558
6828.95	0.416734119
6833.52	0.41603538
6838.5	0.415325549
6843.87	0.414604628
6849.2	0.413861525
6854.57	0.41340679
6859.92	0.413440063
6865.25	0.412874417
6870.62	0.412807871
6876	0.412353136
6881.33	0.41188731
6886.68	0.411199662
6892.07	0.411632214
6897.38	0.411188571
6902.75	0.410933475
6908.1	0.41067838
6913.47	0.410611834
6918.82	0.41047874
6924.2	0.410523105
6929.5	0.409680182
6934.92	0.409791093
6940.23	0.409369631
6945.6	0.409469451
6950.95	0.409391813
6956.32	0.409181082
6961.65	0.4091589
6967.02	0.408903805
6972.37	0.409047989
6977.72	0.408815076
6983.08	0.408770712
6988.45	0.408681983
6993.77	0.408681983
6999.17	0.408693074
7004.52	0.408038699
7009.87	0.408493434
7015.22	0.408371432
7020.58	0.40783906
7025.92	0.407450871
7031.28	0.40743978
7036.65	0.407606147
7041.98	0.407395416
7047.35	0.407428689
7052.7	0.407406507
7058.03	0.407295596
7063.42	0.40692959
7068.77	0.406818679
7074.13	0.407284505
7079.48	0.406996136
7084.85	0.406951772
7090.17	0.406585766
7095.57	0.406840861
7100.9	0.406896316
7106.27	0.406874134
7111.62	0.40653031
7116.98	0.406574675
7122.3	0.40724014
7127.68	0.406386126
7133.03	0.406763223
7138.38	0.406474855
7143.73	0.406519219
7149.1	0.406508128
7154.43	0.40621976
7159.8	0.406474855
7165.18	0.406208668
7170.52	0.406363944
7175.88	0.406552492
7181.23	0.406408308
7186.57	0.406253033
7191.93	0.406641221
7197.3	0.406197577
7202.65	0.406519219
7208	0.406574675
7213.35	0.406286306
7218.68	0.40621976
7224.07	0.406275215
7229.42	0.406286306
7234.77	0.406186486
7240.13	0.406208668
7245.5	0.406031211
7250.82	0.406153213
7256.2	0.406153213
7261.55	0.406419399
7266.92	0.406097758
7272.25	0.406108849
7277.62	0.40611994
7282.95	0.40611994
7288.33	0.406064484
7293.68	0.405853753
7299.03	0.406441582
7304.38	0.406108849
7309.75	0.40572066
7315.08	0.406164304
7320.47	0.406042302
7325.82	0.405753934
7331.18	0.405953573
7336.55	0.406108849
7341.9	0.406153213
7347.22	0.40611994
7352.58	0.405654114
7357.95	0.406208668
7363.28	0.406097758
7368.65	0.406097758
7374	0.405765025
7379.33	0.406064484
7384.72	0.405986847
7390.08	0.40602012
7395.43	0.406086666
7400.78	0.405654114
7406.15	0.405731751
7411.47	0.406230851
7416.85	0.406341762
7422.2	0.406264124
7427.57	0.40602012
7432.92	0.406197577
7438.27	0.405798298
7443.6	0.405565385
7448.98	0.406241942
7454.33	0.404966466
7459.7	0.405643023
7465.07	0.406009029
7470.42	0.405631931
7475.73	0.405532112
7481.1	0.405421201
7486.47	0.405387927
7491.82	0.405676296
7497.18	0.405654114
7502.55	0.405576476
7507.87	0.40531029
7513.23	0.405254834
7518.62	0.405387927
7523.95	0.405532112
7529.32	0.40511065
7534.65	0.405565385
7540	0.406064484
7545.37	0.405598658
7550.72	0.40602012
7556.07	0.404766826
7561.45	0.404755735
7566.78	0.405576476
7572.12	0.405055195
7577.5	0.404833373
7582.85	0.405654114
7588.22	0.40491101
7593.57	0.405199379
7598.93	0.405997938
7604.25	0.405509929
7609.63	0.404933192
7614.98	0.404966466
7620.35	0.405088468
7625.7	0.404622642
7631.05	0.405143923
7636.38	0.405066286
7641.75	0.406064484
7647.12	0.405099559
7652.47	0.405853753
7657.85	0.405044103
7663.2	0.405055195
7668.52	0.404966466
7673.88	0.404700279
7679.25	0.404644824
7684.6	0.404966466
7689.97	0.404511731
7695.32	0.404533913
7700.65	0.404578277
7706.02	0.404667006
7711.38	0.405554294
7716.72	0.405099559
7722.1	0.404678097
7727.43	0.404966466
7730.65	0.404511731
7730.72	0.404511731
7730.75	0.405432292
7730.78	0.404855555
7730.82	0.404922101
7730.85	0.40481119
7730.88	0.403824083
7730.92	0.402049507
7730.95	0.401783321
7730.97	0.401894232
7731.02	0.400840578
7731.05	0.400929307
7731.07	0.401206584
7731.1	0.400474572
7731.15	0.400019837
7731.18	0.400086383
7731.2	0.399709286
7731.25	0.400097475
7731.28	0.399465282
7731.32	0.39924346
7731.35	0.398478175
7731.38	0.398045622
7731.42	0.397879255
7731.45	0.397834891
7731.48	0.397058514
7731.52	0.397224881
7731.53	0.397136152
7731.57	0.396149044
7731.58	0.396182318
7731.62	0.396348684
7731.63	0.396082498
7731.65	0.396381957
7731.68	0.395982678
7731.7	0.395871767
7731.72	0.396515051
7731.75	0.395771947
7731.78	0.395539034
7731.8	0.395417032
7731.82	0.39600486
7731.85	0.395428123
7731.88	0.395250666
7731.92	0.395339394
7731.95	0.39519521
7731.98	0.395184119
7732.02	0.39509539
7732.07	0.395771947
7732.1	0.395051026
7732.15	0.394929024
7732.2	0.394795931
7732.25	0.394917933
7732.32	0.394751566
7732.38	0.393697912
7732.45	0.394829204
7732.52	0.393842096
7732.6	0.393464999
7732.68	0.394374469
7732.78	0.393198813
7732.88	0.392832807
7732.98	0.392810624
7733.1	0.392777351
7733.22	0.39276626
7733.35	0.392034248
7733.5	0.39215625
7733.67	0.392366981
7733.83	0.391790244
7734.02	0.391091505
7734.22	0.390093306
7734.42	0.389771664
7734.65	0.389605298
7734.9	0.38952766
7735.17	0.388995287
7735.47	0.388973105
7735.77	0.388562735
7736.12	0.388429642
7736.47	0.387841813
7736.87	0.388252184
7737.28	0.387276168
7737.75	0.38689907
7738.27	0.386366698
7738.8	0.385956327
7739.38	0.385834325
7740	0.385069039
7740.68	0.384303754
7741.42	0.383749199
7742.18	0.383749199
7743.02	0.38315028
7743.93	0.383272282
7744.92	0.382262992
7745.98	0.381808257
7747.13	0.381619709
7748.38	0.381453342
7749.73	0.380466235
7751.18	0.379689858
7752.73	0.379534582
7754.43	0.379046574
7756.27	0.378968937
7758.22	0.377615823
7760.35	0.376950357
7762.62	0.376007614
7765.12	0.376040887
7767.8	0.375453059
7770.72	0.374920687
7777.2	0.373678484
7780.85	0.37293538
7784.78	0.372170095
7789.03	0.37080589
7798.58	0.370218062
7803.93	0.369153317
7814.67	0.367156919
7820.02	0.366325087
7830.72	0.363696497
7846.78	0.36179992
7852.15	0.361622462
7862.85	0.36099027
7868.2	0.359215695
7911.05	0.355943821
7916.4	0.355056533
7959.23	0.352061938
7969.95	0.350997192
7986	0.350986101
8002.1	0.348224418
8007.43	0.348601516
8012.8	0.348712427
8018.12	0.348701335
8023.52	0.347947141
8028.87	0.348002596
8044.92	0.347093127
8050.25	0.346904578
8055.62	0.346716029
8061	0.346449843
8066.33	0.346327841
8071.7	0.346350023
8077.07	0.345573646
8082.38	0.345429462
8087.77	0.345462735
8093.12	0.344775087
8109.2	0.344741814
8114.52	0.344641994
8119.9	0.343765798
8125.25	0.34358834
8130.62	0.342834146
8135.98	0.343765798
8141.32	0.344187259
8152.03	0.342767599
8157.38	0.342712144
8162.75	0.342035587
8168.08	0.342468139
8173.45	0.34155867
8178.77	0.341736127
8184.15	0.342157589
8189.52	0.341414485
8194.87	0.341370121
8200.22	0.341270301
8205.58	0.3406492
8210.9	0.340904295
8216.3	0.340671382
8221.65	0.340405196
8227	0.339384815
8232.35	0.339495726
8237.7	0.339307177
8243.03	0.339007718
8248.42	0.339329359
8253.78	0.338608438
8259.12	0.338663894
8264.48	0.339040991
8269.83	0.338264614
8275.17	0.337576966
8280.55	0.338586256
8285.9	0.338741531
8291.27	0.338053883
8296.62	0.337355144
8301.98	0.337277507
8307.3	0.336978047
8312.68	0.336833863
8318.02	0.336856045
8323.4	0.336767316
8328.75	0.336612041
8334.1	0.336612041
8339.43	0.336589859
8344.82	0.336944774
8350.15	0.336856045
8355.53	0.336478948
8360.88	0.33630149
8366.23	0.335835664
8371.57	0.335868937
8376.93	0.335824573
8382.3	0.33600203
8387.63	0.335514022
8393.02	0.335502931
8398.37	0.3352922
8403.7	0.334959467
8409.07	0.334926194
8414.43	0.334637826
8419.77	0.33438273
8425.13	0.334571279
8430.52	0.334793101
8435.82	0.334926194
8441.2	0.334626735
8446.55	0.334504733
8451.9	0.334515824
8457.27	0.334160909
8462.62	0.334116544
8467.95	0.333961269
8473.33	0.334416004
8478.68	0.333794902
8484.05	0.334083271
8489.4	0.333517625
8494.75	0.333805993
8500.08	0.333883631
8505.47	0.333506534
8510.8	0.332974161
8516.18	0.333195983
8521.53	0.332996343
8526.88	0.33296307
8532.22	0.33326253
8537.58	0.332630337
8542.93	0.332641428
8548.3	0.332297604
8553.65	0.332619246
8559.02	0.332308695
8564.35	0.332630337
8569.72	0.332075782
8575.07	0.331975963
8580.42	0.331865052
8585.8	0.332286513
8591.13	0.332109056
8596.47	0.332585973
8601.85	0.33195378
8607.22	0.332142329
8612.57	0.331754141
8617.93	0.331776323
8623.27	0.33154341
8628.6	0.331465772
8633.98	0.331255041
8639.33	0.331221768
8644.7	0.331421408
8650.05	0.331221768
8655.4	0.331011037
8660.73	0.331232859
8666.12	0.330866853
8671.47	0.330911217
8676.83	0.331232859
8682.18	0.330844671
8687.53	0.330611758
8692.87	0.331022128
8698.23	0.330511938
8703.6	0.330611758
8708.95	0.330389936
8714.32	0.330179205
8719.67	0.330356663
8725	0.329935201
8730.37	0.329868654
8735.73	0.330001748
8741.17	0.330157023
8746.45	0.329491557
8751.8	0.329768834
8757.13	0.329569195
8762.5	0.329480466
8767.88	0.329458284
8773.22	0.329635741
8778.58	0.330001748
8783.93	0.329835381
8789.27	0.330101567
8794.63	0.330090476
8800	0.329757743
8805.35	0.329768834
8810.72	0.329258644
8816.07	0.328415721
8821.4	0.32850445
8826.78	0.328937002
8832.12	0.329269735
8837.48	0.328415721
8842.83	0.328493358
8848.2	0.328338083
8853.52	0.327661526
8858.9	0.328149534
8864.25	0.327783528
8869.6	0.328227172
8874.98	0.327994259
8880.32	0.328193899
8885.65	0.328049715
8891.03	0.328127352
8896.4	0.327794619
8901.73	0.327772437
8907.1	0.327872257
8912.45	0.327506251
8917.78	0.328016441
8923.15	0.327705891
8928.52	0.327484069
8933.87	0.327916621
8939.23	0.32810517
8944.57	0.327927713
8949.92	0.328171717
8955.28	0.327827893
8960.63	0.327639344
8966	0.327783528
8971.37	0.327872257
8976.72	0.327317702
8982.03	0.327872257
8987.43	0.327750255
8992.77	0.326973878
8998.13	0.327972077
9003.5	0.327949895
9008.85	0.327018243
9014.17	0.326918423
9019.55	0.327273338
9024.9	0.327350976
9030.27	0.327728073
9035.62	0.327284429
9040.98	0.326984969
9046.3	0.326896241
9051.68	0.326862967
9057.03	0.326408232
9062.38	0.326530234
9067.75	0.326607872
9073.1	0.326552417
9078.45	0.326696601
9083.82	0.326807512
9089.18	0.326419323
9094.52	0.326430415
9099.88	0.326574599
9105.23	0.326252957
9110.58	0.326275139
9115.95	0.326086591
9121.32	0.326208593
9126.65	0.325842586
9132.02	0.325909133
9137.37	0.326064408
9142.7	0.326264048
9148.08	0.326097682
9153.43	0.325909133
9158.8	0.325920224
9164.17	0.325864769
9169.5	0.32577604
9174.83	0.325698402
9180.22	0.325964589
9185.57	0.325631856
9190.93	0.325920224
9196.28	0.325997862
9201.63	0.325920224
9206.97	0.325432216
9212.33	0.325753858
9217.7	0.325498763
9223.05	0.325798222
9228.4	0.325509854
9233.77	0.325487671
9239.1	0.325598582
9244.48	0.32547658
9249.83	0.325687311
9255.2	0.325831495
9260.55	0.325798222
9265.9	0.325454398
9271.23	0.325465489
9276.62	0.325665129
9281.98	0.325465489
9287.32	0.325288032
9292.68	0.325432216
9298.03	0.325032936
9303.37	0.325820404
9308.75	0.325021845
9314.1	0.325110574
9319.47	0.325509854
9324.82	0.325421125
9330.17	0.32496639
9335.48	0.324977481
9340.87	0.325121665
9346.23	0.325055119
9351.6	0.324744568
9356.95	0.32506621
9362.3	0.324678021
9367.63	0.325021845
9373.02	0.325232576
9378.35	0.325044028
9383.7	0.32506621
9389.07	0.324633657
9394.42	0.324589293
9399.75	0.324445108
9405.13	0.324944208
9410.5	0.324899843
9415.83	0.32466693
9421.2	0.32496639
9426.55	0.324833297
9431.88	0.324844388
9437.25	0.324700204
9442.63	0.324544928
9447.97	0.324267651
9453.33	0.32466693
9458.68	0.324744568
9464.02	0.324811115
9469.43	0.324611475
9474.75	0.324744568
9480.12	0.324589293
9485.47	0.324811115
9490.82	0.324844388
9496.15	0.324289833
9501.53	0.324788932
9506.88	0.32435638
9512.25	0.324544928
9517.6	0.324722386
9522.95	0.324622566
9528.27	0.324389653
9533.7	0.32425656
9539	0.324334197
9544.37	0.32435638
9549.72	0.324422926
9555.08	0.324267651
9560.42	0.323790734
9560.72	0.324611475
