HEADER	
'time'	'average water saturation'
UNITS	Sw_avrg
'min'	'fraction'
0.03	1.003714193
0.08	1.003336624
0.12	1.003580933
0.17	1.004147286
0.22	1.004191706
0.33	1.004014027
0.37	1.005157838
0.42	1.003902977
0.45	1.006024026
0.48	1.003980712
0.53	1.005268888
0.57	1.003469883
0.6	1.006523749
0.67	1.006057341
0.7	1.00466922
0.73	1.005202258
0.78	1.003625353
0.82	1.004102867
0.87	1.003514303
0.92	1.003680878
0.97	1.004269441
1	1.002670326
1.05	1.002181707
1.08	1.003580933
1.13	1.002115077
1.17	1.003436569
1.27	1.00458038
1.32	1.005646457
1.37	1.00453596
1.4	1.005257783
1.43	1.005668667
1.47	1.00449154
1.5	1.00469143
1.55	1.003969607
1.6	1.004447121
1.65	1.004835794
1.7	1.004502645
1.77	1.006079551
1.83	1.004002922
1.9	1.001926293
1.97	1.002648116
2.05	1.002470436
2.13	1.002026238
2.22	1.002337177
2.33	1.002259442
2.43	1.00453596
2.55	1.005468777
2.67	1.004313861
2.82	1.002725851
2.95	1.003603143
3.12	1.002081763
3.28	1.005157838
3.45	1.005180048
3.65	1.005313308
3.87	1.004058447
4.1	1.00643491
4.35	1.004880214
4.62	1.002281652
4.9	1.003114525
5.22	1.003791927
5.55	1.003092315
5.92	1.002248337
6.32	1.002392702
6.73	1.004058447
7.2	1.005801926
7.75	1.003469883
8.32	1.003747508
8.88	1.004458225
9.52	1.006001816
10.2	1.003703088
10.93	1.00455817
11.68	1.003947397
12.52	1.005035684
13.45	1.002603696
14.43	1.004913529
15.5	1.005268888
16.65	1.003825242
17.87	1.004080657
19.2	1.005524302
20.68	1.0028369
22.23	1.005590932
23.92	1.002803585
25.73	1.005102314
27.07	1.003658668
27.13	1.002492646
27.17	1.00303679
27.2	1.002559276
27.23	1.003603143
27.28	1.004347176
27.33	1.005302203
27.38	1.005613142
27.43	1.00279248
27.48	1.004635905
27.53	1.004347176
27.57	1.005402148
27.62	1.004924634
27.65	1.004169496
27.7	1.005313308
27.73	1.002625906
27.78	1.003691983
27.83	1.002503751
27.87	1.004158391
27.92	1.002226127
27.95	1.003403254
28	1.004902424
28.07	1.005857451
28.12	1.003525408
28.18	1.004858004
28.23	1.004347176
28.27	1.004813584
28.32	1.005213363
28.38	1.004213916
28.45	1.004502645
28.5	1.005590932
28.57	1.005502092
28.62	1.004180601
28.67	1.00292574
28.72	1.003325519
28.77	1.004913529
28.8	1.004458225
28.85	1.00279248
28.9	1.004080657
28.95	1.003347729
29.02	1.003814137
29.08	1.002170602
29.15	1.005990711
29.22	1.004524855
29.3	1.005202258
29.38	1.00464701
29.48	1.005168943
29.58	1.004247231
29.68	1.004258336
29.8	1.002870215
29.93	1.004091762
30.07	1.002603696
30.2	1.004313861
30.37	1.002514856
30.53	1.004746955
30.72	1.004402701
30.92	1.005668667
31.12	1.005046789
31.37	1.004091762
31.6	1.002681431
31.87	1.003869662
32.15	1.003225574
32.47	1.003358834
32.8	1.005402148
33.17	1.005868556
33.58	1.005679772
33.98	1.005002369
34.45	1.003714193
35.05	1.002959055
35.57	1.002703641
36.17	1.003170049
36.8	1.005646457
37.47	1.003003475
38.18	1.003703088
38.93	1.003780823
39.82	1.003592038
40.7	1.003336624
41.67	1.002781375
42.77	1.003725298
43.9	1.003381044
45.17	1.004369386
46.48	1.005435463
47.95	1.004191706
49.52	1.002614801
51.22	1.004613695
53.02	1.004969054
55.02	1.004225021
57.18	1.003625353
59.33	1.004358281
61.92	1.00303679
64.63	1.004014027
67.47	1.005890766
70.6	1.003247784
74.03	1.00449154
77.6	1.003947397
81.57	1.00285911
85.82	1.002181707
90.3	1.002248337
95.32	1.004102867
100.75	1.001892978
106.05	1.00310342
111.4	1.004080657
116.78	1.003925187
122.03	1.004724745
127.47	1.002603696
132.82	1.00297016
138.18	1.003736403
143.55	1.000660327
148.88	1.003925187
154.17	1.005935186
159.6	1.003936292
164.95	1.00129331
170.32	1.003814137
175.68	1.002892425
181.02	1.00140436
186.3	1.004213916
191.73	1.00140436
197.05	1.004424911
202.45	1.00129331
207.78	1.000882426
213.13	1.001237785
218.42	1.002370492
223.83	1.001371045
229.18	1.00297016
234.57	1.004269441
239.93	1.001326625
245.27	1.001348835
250.55	1.004336071
255.97	1.00473585
261.33	1.00129331
266.7	1.003902977
272.03	1.003125629
277.38	1.001371045
282.68	1.001504304
288.1	1.005679772
293.47	1.00133773
298.83	1.003769718
304.17	1.000926846
309.53	1.00135994
314.82	1.004369386
320.25	1.004369386
325.58	1.00466922
330.98	1.00111563
336.32	1.001515409
341.67	1.003803032
346.93	1.004213916
352.38	1.00113784
357.72	1.00449154
363.08	1.000982371
368.43	1.003469883
373.78	1.00471364
379.07	1.004680325
384.5	1.003203364
389.88	1.00451375
395.23	1.003147839
400.58	1.001093421
405.93	1.004480435
411.22	1.003747508
416.63	1.000715852
422.05	1.003292204
427.35	1.002170602
432.72	1.000715852
438.05	1.001193365
443.35	1.001026791
448.78	1.000771376
454.15	1.00120447
459.48	1.000915741
464.83	1.000771376
470.18	1.004913529
475.47	1.000604802
480.9	1.003303309
486.25	1.000915741
491.62	1.000438227
496.98	1.003758613
502.33	1.002625906
507.6	1.000738062
513.05	1.000538172
518.38	1.000904636
523.75	1.000971266
529.1	1.001015686
534.45	1.000571487
539.73	1.000582592
545.17	1.000882426
550.52	1.000749167
555.88	1.000671432
561.2	1.000560382
566.58	1.000238338
571.87	1.000815796
577.28	1.004436016
582.65	1.004014027
588.02	1.001082316
593.38	1.000671432
598.72	1.000582592
604	1.000793586
609.42	1.00460259
614.77	1.000793586
620.13	1.000205023
625.47	1.001570934
630.82	1.000871321
636.13	1.000449332
641.53	1.000915741
646.9	1.000660327
652.28	1.000449332
657.6	1.00138215
663	1.000671432
668.25	1.000871321
673.73	1.000438227
679.05	1.000460437
684.4	1.001448779
689.75	1.000393808
695.13	1.001904083
700.38	1.000082869
705.8	1.000382703
711.18	1.000838006
716.57	1.00140436
721.95	1.001304415
727.23	1.000604802
732.53	1.004880214
737.95	1.000937951
743.33	1.001693089
748.67	1.000738062
754.02	1.001193365
759.38	1.000471542
764.65	1.000304968
770.07	1.002248337
770.2	1.000005134
770.33	0.997228892
770.38	0.998716958
770.42	0.996706959
770.47	0.993319944
770.52	0.99123221
770.57	0.990366023
770.62	0.990565912
770.65	0.990277183
770.68	0.989333261
770.72	0.988989007
770.75	0.989522045
770.8	0.989588675
770.83	0.989477625
770.9	0.988100609
770.95	0.989188896
770.98	0.989233316
771.03	0.989122266
771.08	0.988211659
771.12	0.988244974
771.17	0.988322709
771.22	0.987334367
771.25	0.987611991
771.28	0.987289947
771.32	0.987667516
771.35	0.987223317
771.4	0.987589781
771.43	0.987534256
771.48	0.987700831
771.52	0.986879063
771.58	0.986001771
771.62	0.985657517
771.68	0.985735251
771.72	0.985690832
771.77	0.986146135
771.83	0.985624202
771.87	0.985579782
771.92	0.986656964
771.98	0.985968456
772.03	0.985468732
772.1	0.985790776
772.17	0.985379892
772.23	0.985635307
772.32	0.985068953
772.4	0.98626829
772.5	0.985935141
772.7	0.985490942
772.82	0.984980114
772.95	0.985057848
773.08	0.985446522
773.23	0.984702489
773.38	0.985235528
773.55	0.984047296
773.73	0.984669175
773.93	0.98459144
774.15	0.985080058
774.38	0.984147241
774.63	0.983514258
774.9	0.983203319
775.18	0.983392103
775.5	0.982770225
775.83	0.982514811
776.2	0.982359341
776.58	0.981704148
777.02	0.980760226
777.47	0.982148347
778.08	0.981615309
778.58	0.980593652
779.17	0.980649177
779.8	0.980604757
780.48	0.980449287
781.15	0.979238846
781.97	0.97949426
782.82	0.979993984
783.75	0.979805199
784.73	0.978939012
785.8	0.978505918
786.93	0.978261609
788.17	0.978106139
789.52	0.977028957
791.03	0.97770636
792.53	0.976762438
794.2	0.976407079
796.05	0.977173322
798.02	0.976351554
800.15	0.975674151
802.37	0.975674151
804.92	0.975018958
807.6	0.97450813
810.5	0.9744415
813.63	0.973586418
817	0.973408738
820.62	0.973353213
824.58	0.973297688
828.85	0.973653047
833.33	0.973219954
838.38	0.973108904
843.72	0.97274244
849.08	0.973086694
854.45	0.973841832
859.8	0.973608628
865.07	0.973120009
870.5	0.97267581
875.87	0.971965092
881.27	0.972475921
886.55	0.972375976
891.92	0.972276032
897.2	0.971887358
902.62	0.972164982
908.02	0.972076142
913.33	0.971309899
918.7	0.970565867
924.05	0.970743546
929.32	0.970266033
934.73	0.970266033
940.12	0.969488685
945.48	0.969399845
950.8	0.969488685
956.18	0.969100011
961.45	0.968855702
966.88	0.968744652
972.23	0.968555868
977.58	0.968178299
982.97	0.967956199
988.32	0.96771189
993.58	0.96788957
999.02	0.967989514
1004.38	0.9677341
1009.72	0.967345426
1015.08	0.967678575
1020.45	0.967167747
1025.7	0.967378741
1031.13	0.967278796
1036.48	0.967134432
1041.87	0.966712443
1047.2	0.966656918
1052.58	0.966823493
1057.83	0.966490344
1063.25	0.966534764
1068.62	0.965757416
1073.98	0.965868466
1079.33	0.966046145
1084.7	0.965502002
1089.95	0.965879571
1095.4	0.965857361
1100.73	0.96592399
1106.1	0.965624156
1111.43	0.965257692
1116.83	0.965246588
1122.08	0.965857361
1127.52	0.965113328
1132.88	0.965057803
1138.23	0.965080013
1143.58	0.965435372
1148.93	0.965413162
1154.23	0.964769074
1159.65	0.965024488
1165.03	0.965046698
1175.73	0.965557527
1181.07	0.965513107
1186.35	0.964724654
1191.78	0.964613604
1197.15	0.964724654
1202.48	0.96442482
1207.87	0.964791284
1213.18	0.963869572
1218.47	0.963747417
1223.98	0.963736312
1229.28	0.963769627
1234.65	0.963747417
1239.98	0.963902887
1245.35	0.963436478
1250.62	0.963758522
1256.05	0.963780732
1261.42	0.963525318
1266.78	0.963336533
1272.12	0.963480898
1277.48	0.963414268
1282.73	0.963436478
1288.2	0.963614157
1293.5	0.963247693
1298.87	0.963125539
1304.22	0.962459241
1309.58	0.963070014
1314.88	0.962692445
1320.3	0.962847915
1325.67	0.96265913
1331.02	0.962914544
1336.38	0.962159407
1341.73	0.962337086
1347	0.962259351
1352.45	0.962059462
1357.8	0.962303771
1363.12	0.961937307
1368.5	0.962059462
1373.85	0.961781838
1379.13	0.961815153
1384.57	0.961770733
1389.93	0.962059462
1395.27	0.961981727
1400.63	0.961826258
1406.02	0.961426479
1411.28	0.961293219
1416.68	0.962037252
1422.08	0.961482004
1427.42	0.961815153
1432.77	0.961826258
1438.12	0.961559739
1443.38	0.961526424
1448.85	0.962092777
1454.17	0.96120438
1459.52	0.961704103
1464.88	0.961415374
1470.23	0.961515319
1475.52	0.961126645
1480.95	0.961426479
1486.33	0.961315429
1491.63	0.96111554
1497.02	0.961304324
1502.35	0.961060015
1507.67	0.961604158
1513.07	0.960849021
1518.43	0.960948965
1523.77	0.96100449
1529.15	0.96115996
1534.48	0.960948965
1539.78	0.961215485
1545.22	0.961193275
1550.58	0.960815706
1555.9	0.960849021
1561.25	0.960926755
1566.63	0.961293219
1571.92	0.96113775
1577.35	0.961104435
1582.7	0.960837916
1588.05	0.96091565
1593.38	0.960682446
1598.77	0.960971175
1604.05	0.960926755
1609.5	0.960560291
1614.8	0.960871231
1620.18	0.960904545
1625.52	0.960582501
1630.88	0.960382612
1636.17	0.960515872
1641.62	0.960260457
1646.97	0.960404822
1652.3	0.960571396
1657.7	0.960693551
1663.02	0.960771286
1668.32	0.960749076
1673.73	0.960216038
1679.08	0.960649131
1684.42	0.960138303
1689.82	0.960360402
1695.13	0.960782391
1700.45	0.960837916
1705.87	0.960349297
1711.23	0.960560291
1716.55	0.960282667
1721.92	0.960704656
1727.3	0.960238247
1732.57	0.960104988
1738	0.960182723
1743.37	0.960027253
1748.72	0.960471452
1754.05	0.960493662
1759.42	0.960160513
1764.7	0.960482557
1770.13	0.960415927
1775.47	0.960304877
1780.85	0.960504767
1786.17	0.960171618
1791.53	0.960193828
1796.83	0.959927308
1802.25	0.960204933
1807.58	0.959960623
1812.95	0.959993938
1818.32	0.960216038
1823.65	0.960016148
1828.97	0.960427032
1834.4	0.960027253
1839.75	0.960049463
1845.08	0.960271562
1850.47	0.960093883
1855.8	0.959882889
1861.12	0.960382612
1866.53	0.960127198
1871.87	0.960304877
1877.22	0.960060568
1882.57	0.959749629
1887.93	0.960160513
1893.23	0.960093883
1898.67	0.960260457
1904	0.960127198
1909.37	0.959360955
1914.72	0.95943869
1920.08	0.959338745
1925.37	0.95941648
1930.8	0.959516425
1936.13	0.959072226
1941.5	0.959571949
1946.85	0.95932764
1952.22	0.959494215
1957.5	0.95932764
1962.92	0.959571949
1968.28	0.959516425
1973.62	0.959671894
1979	0.959583054
1984.33	0.959538635
1989.63	0.959227695
1995.07	0.959627474
2000.42	0.959982833
2005.77	0.959682999
2011.13	0.95954974
2016.48	0.959216591
2021.77	0.958605817
2027.2	0.959083331
2032.55	0.959227695
2037.88	0.95943869
2043.22	0.959205486
2048.6	0.95948311
2053.9	0.959560844
2059.32	0.959494215
2064.68	0.959516425
2070.03	0.959127751
2075.37	0.95952753
2080.73	0.959061121
2086.03	0.959116646
2091.45	0.959105541
2096.78	0.959138856
2102.17	0.959194381
2107.5	0.959249905
2112.87	0.959050016
2118.15	0.9594609
2123.57	0.959227695
2128.92	0.958783497
2134.27	0.958816812
2139.63	0.958450348
2144.97	0.958106094
2150.28	0.958439243
2155.72	0.958528083
2161.05	0.958483663
2166.4	0.958039464
2171.77	0.958172724
2177.12	0.958550292
2182.42	0.958516978
2187.83	0.958483663
2193.2	0.958128304
2198.53	0.958494768
2203.88	0.958339298
2209.27	0.958616922
2210.28	0.958006149
2210.37	0.953264328
2210.4	0.955285432
2210.43	0.954663554
2210.47	0.954030571
2210.5	0.952498086
2210.53	0.951787368
2210.58	0.951454219
2210.62	0.950532506
2210.65	0.950032783
2210.68	0.949022231
2210.73	0.94933317
2210.77	0.949088861
2210.8	0.949344275
2210.83	0.948078309
2210.87	0.947689635
2210.92	0.947245436
2210.95	0.94781179
2210.98	0.946767923
2211.02	0.946268199
2211.05	0.945613006
2211.1	0.945657426
2211.13	0.944524719
2211.17	0.94434704
2211.2	0.945335382
2211.23	0.944202675
2211.28	0.945046653
2211.32	0.943913946
2211.35	0.944269305
2211.38	0.943292068
2211.42	0.943536377
2211.45	0.942525825
2211.5	0.942225991
2211.55	0.942237096
2211.58	0.942003892
2211.63	0.942992234
2211.67	0.941148809
2211.7	0.941282069
2211.73	0.941248754
2211.77	0.941870632
2211.82	0.941448644
2211.85	0.941004445
2211.9	0.940726821
2211.95	0.940504721
2212	0.940671296
2212.07	0.941692953
2212.13	0.940504721
2212.2	0.940071628
2212.27	0.939638534
2212.35	0.938416988
2212.43	0.94108218
2212.53	0.938627982
2212.63	0.938683507
2212.73	0.938505827
2212.85	0.938072734
2212.98	0.938528037
2213.12	0.937373121
2213.25	0.936484723
2213.42	0.937273176
2213.58	0.937739585
2213.77	0.936629088
2213.97	0.936729033
2214.18	0.936340359
2214.4	0.935762901
2214.65	0.935751796
2214.92	0.935696271
2215.22	0.934985553
2215.53	0.934885608
2215.87	0.935551906
2216.23	0.93428594
2216.62	0.934063841
2217.05	0.933997211
2217.5	0.933675167
2218.07	0.933097708
2218.62	0.933208758
2219.18	0.933319808
2219.82	0.932786769
2220.48	0.932509145
2221.2	0.931965002
2222	0.931909477
2222.83	0.931876162
2223.72	0.931320914
2224.7	0.931009975
2225.77	0.930721246
2226.92	0.930576881
2228.17	0.930987765
2229.5	0.930221522
2230.98	0.929866163
2232.55	0.92932202
2234.2	0.929333125
2236.03	0.928322573
2238	0.928022739
2240.12	0.927678485
2242.38	0.927933899
2244.9	0.926867822
2247.58	0.926667933
2250.5	0.926279259
2253.65	0.92583506
2256.98	0.925457491
2260.65	0.925246497
2264.57	0.924569094
2268.82	0.923491912
2273.37	0.923580752
2278.37	0.923491912
2283.75	0.923180973
2289.1	0.922747879
2294.45	0.922581305
2299.82	0.922026057
2305.1	0.921826167
2310.5	0.921504123
2315.87	0.921592963
2321.23	0.921315339
2326.58	0.9210044
2331.93	0.920504676
2337.22	0.920971085
2342.65	0.920304787
2348	0.919893903
2353.35	0.919771748
2358.68	0.919682908
2364.07	0.920127107
2369.35	0.920426941
2374.78	0.919094345
2380.13	0.919383074
2385.48	0.919716223
2390.83	0.919494124
2396.2	0.91930534
2401.48	0.919138765
2406.9	0.918383627
2412.27	0.918405837
2417.62	0.917917219
2422.97	0.918239263
2428.33	0.919049925
2433.62	0.91930534
2439.03	0.918772301
2444.38	0.918905561
2449.72	0.918061583
2455.07	0.917983849
2460.43	0.918006058
2465.73	0.918827826
2471.13	0.917306446
2476.52	0.917672909
2481.92	0.918594622
2487.2	0.917350865
2492.58	0.918316998
2497.87	0.917917219
2503.3	0.916917772
2508.62	0.917883904
2514.02	0.916029374
2519.33	0.917739539
2524.72	0.91572954
2530	0.916917772
2535.43	0.917028821
2540.75	0.915629596
2546.12	0.916951087
2551.47	0.915307552
2556.82	0.915574071
2562.13	0.914086005
2567.53	0.914730093
2572.92	0.916495783
2578.23	0.914530204
2583.63	0.916251474
2588.95	0.915996059
2594.27	0.914285895
2599.67	0.91588501
2605.05	0.914507994
2610.37	0.914352524
2615.75	0.915785065
2621.08	0.915718435
2626.38	0.915873905
2631.82	0.914197055
2637.15	0.91568512
2642.5	0.913253133
2647.85	0.913375287
2653.23	0.913197608
2658.52	0.915562966
2663.95	0.91416374
2669.3	0.915607386
2674.67	0.914219265
2679.98	0.913608492
2685.37	0.915229817
2690.65	0.91246468
2696.07	0.913741751
2701.43	0.913819486
2706.78	0.912975509
2712.12	0.913253133
2717.47	0.913375287
2722.78	0.915463021
2728.18	0.912908879
2733.55	0.91262015
2738.88	0.912264791
2744.27	0.912753409
2749.6	0.913253133
2754.92	0.912997718
2760.33	0.914563519
2765.7	0.914785618
2771.02	0.914463574
2776.42	0.914574624
2781.73	0.914507994
2787.03	0.915174292
2792.45	0.914197055
2797.83	0.914496889
2803.15	0.914352524
2808.5	0.91242026
2813.9	0.91400827
2819.17	0.911953852
2824.6	0.912298106
2829.95	0.914219265
2835.3	0.913686226
2840.63	0.913486337
2846.02	0.910954405
2851.3	0.913486337
2856.73	0.911276449
2862.05	0.911509653
2867.47	0.913453022
2872.77	0.911631808
2878.13	0.911498548
2883.43	0.913453022
2888.85	0.913319762
2894.22	0.911454128
2899.53	0.913353077
2904.92	0.911520758
2910.28	0.911254239
2915.57	0.910710095
2921	0.911654017
2926.33	0.913008823
2931.67	0.913097663
2937.07	0.913019928
2942.38	0.91092109
2947.7	0.910432471
2953.13	0.91092109
2958.47	0.912831144
2963.8	0.912686779
2969.15	0.910932195
2974.53	0.91089888
2979.82	0.909011035
2985.25	0.91233142
2990.6	0.910487996
2995.97	0.912320315
3001.3	0.91244247
3006.67	0.912453575
3011.95	0.908555732
3017.38	0.912342525
3022.7	0.910399156
3028.08	0.912198161
3033.42	0.912076006
3038.77	0.910154847
3044.07	0.911931642
3049.5	0.910066007
3054.85	0.912042691
3060.18	0.909866118
3065.58	0.911720647
3070.9	0.911587388
3076.22	0.909999377
3081.63	0.909644018
3087	0.912053796
3092.32	0.908278108
3097.7	0.909499654
3103.03	0.909388604
3108.35	0.908788936
3113.77	0.909255345
3119.12	0.909799488
3124.43	0.909610704
3129.8	0.911631808
3135.15	0.90897772
3140.47	0.911276449
3145.9	0.907722859
3151.25	0.911387498
3156.6	0.911220924
3161.93	0.908955511
3167.32	0.908922196
3172.6	0.907123191
3178.02	0.911298659
3183.35	0.911120979
3188.73	0.90750076
3194.07	0.911098769
3199.42	0.9091554
3204.73	0.908688991
3210.15	0.90911098
3215.52	0.911009929
3220.83	0.908455787
3226.22	0.908811146
3231.55	0.910632361
3236.87	0.908600152
3242.28	0.908733411
3247.65	0.908822251
3252.97	0.910987719
3258.35	0.910776725
3263.68	0.907900539
3269	0.908255898
3274.42	0.91076562
3279.77	0.910487996
3285.12	0.908344737
3290.45	0.907822804
3295.8	0.908322527
3301.12	0.91076562
3306.55	0.910254792
3311.9	0.908100428
3317.27	0.910332526
3322.58	0.908089323
3327.97	0.910365841
3333.25	0.906912197
3338.67	0.910154847
3344	0.910143742
3349.38	0.908100428
3354.72	0.908133743
3360.1	0.910132637
3365.37	0.910088217
3370.8	0.910099322
3376.13	0.910110427
3381.48	0.908122638
3386.87	0.910599046
3392.2	0.910099322
3397.52	0.9073675
3402.95	0.907778384
3408.28	0.908111533
3413.62	0.909988272
3419	0.910032692
3424.32	0.909966062
3429.65	0.910032692
3435.08	0.910054902
3440.43	0.909954958
3445.75	0.909699543
3451.1	0.907634019
3456.45	0.909721753
3461.77	0.907278661
3467.2	0.907689544
3472.55	0.909843908
3477.9	0.907689544
3483.23	0.907900539
3488.62	0.907767279
3493.9	0.907212031
3499.32	0.909866118
3504.65	0.909766173
3510.05	0.909610704
3515.38	0.907445235
3520.75	0.909743963
3526.03	0.907889434
3531.47	0.909310869
3536.82	0.906978826
3542.17	0.90730087
3547.52	0.910010482
3552.87	0.906956616
3558.17	0.909210925
3563.58	0.90926645
3568.95	0.909277555
3574.27	0.90906656
3579.65	0.906945512
3584.98	0.909011035
3590.3	0.90908877
3595.72	0.906889987
3601.07	0.90899993
3606.4	0.90902214
3611.75	0.907045456
3617.12	0.906934407
3620.37	0.90902214
3620.5	0.906212584
3620.53	0.903924961
3620.57	0.904335844
3620.6	0.898772256
3620.63	0.8973064
3620.67	0.895485186
3620.7	0.889777233
3620.73	0.887123146
3620.77	0.885268616
3620.8	0.884202539
3620.83	0.882492374
3620.87	0.88080442
3620.9	0.879616188
3620.93	0.87912757
3620.97	0.878228067
3621.02	0.876939891
3621.05	0.875285251
3621.08	0.875307461
3621.12	0.873319672
3621.15	0.872186965
3621.18	0.871520667
3621.23	0.870710005
3621.27	0.86897763
3621.3	0.868222492
3621.33	0.867811608
3621.37	0.866601167
3621.4	0.865179731
3621.45	0.865024262
3621.5	0.86396929
3621.53	0.863391831
3621.55	0.861914871
3621.58	0.861814926
3621.6	0.861826031
3621.63	0.860837689
3621.67	0.859749402
3621.7	0.859271889
3621.73	0.858005923
3621.77	0.857384044
3621.82	0.856373492
3621.85	0.856040343
3621.9	0.855196366
3621.95	0.853319627
3622	0.853186367
3622.07	0.85225355
3622.13	0.851154158
3622.2	0.850787694
3622.27	0.849366258
3622.37	0.848888745
3622.43	0.847689408
3622.53	0.846123608
3622.63	0.844935377
3622.75	0.844102504
3622.87	0.843769355
3622.98	0.841959245
3623.12	0.841581677
3623.27	0.839827092
3623.42	0.839627202
3623.6	0.838161347
3623.77	0.837661623
3623.97	0.836617756
3624.18	0.836118033
3624.42	0.834463393
3624.67	0.832309029
3624.93	0.833252951
3625.22	0.831775991
3625.53	0.831964775
3625.87	0.827889252
3626.23	0.832075825
3626.62	0.83210914
3627.05	0.827778203
3627.5	0.823802625
3628.08	0.823436161
3628.63	0.822792073
3629.18	0.8219592
3629.8	0.821204062
3630.48	0.821093013
3631.2	0.819926991
3631.97	0.818994174
3632.8	0.819582737
3633.72	0.818183511
3634.7	0.81706191
3635.77	0.81686202
3636.92	0.816617711
3638.18	0.816006938
3639.53	0.815607159
3640.98	0.814385613
3642.52	0.814141303
3644.22	0.813930309
3646.03	0.812308984
3648.03	0.81198694
3650.17	0.812653238
3652.4	0.812420034
3654.93	0.8118981
3657.6	0.811576056
3660.52	0.810943073
3663.65	0.810465559
3667.02	0.809888101
3670.67	0.809310643
3674.57	0.809255118
3678.85	0.808433351
3683.37	0.808222356
3688.37	0.807222909
3693.77	0.80684534
3699.1	0.80702302
3704.43	0.806467771
3709.82	0.806512191
3715.1	0.806179042
3720.53	0.806112412
3725.85	0.805468324
3731.23	0.804924181
3736.57	0.804668767
3741.95	0.80512407
3747.23	0.804968601
3752.63	0.804835341
3757.98	0.804302303
3763.33	0.803991364
3768.7	0.804024679
3774.05	0.803280646
3779.37	0.803846999
3784.77	0.803047442
3790.15	0.803780369
3795.47	0.802436668
3800.85	0.802880867
3806.18	0.803058547
3811.5	0.802869762
3816.92	0.80194805
3822.27	0.802736503
3827.63	0.802569928
3832.95	0.802803132
3838.35	0.801204017
3843.63	0.801848105
3849.07	0.801470536
3854.4	0.801259542
3859.75	0.8020591
3865.1	0.801348382
3870.47	0.801281752
3875.75	0.80031562
3881.18	0.800604349
3886.53	0.800659874
3891.88	0.801026338
3897.23	0.800526614
3902.6	0.800970813
3907.88	0.800237885
3913.3	0.800515509
3918.63	0.799871421
3923.98	0.799771476
3929.38	0.799727056
3934.75	0.80033783
3940.02	0.800604349
3945.45	0.800404459
3950.8	0.800348935
3956.12	0.800037996
3961.5	0.798960814
3966.87	0.800004681
3972.15	0.799116283
3977.55	0.798749819
3982.92	0.799338383
3988.25	0.799560482
3993.62	0.798783134
3998.97	0.798894184
4004.27	0.799427222
4009.68	0.798894184
4015.03	0.798716505
4020.4	0.798760924
4025.73	0.79850551
4031.1	0.798316726
4036.4	0.79857214
4041.82	0.798139046
4047.17	0.798183466
4052.52	0.797761477
4057.87	0.797828107
4063.23	0.798649875
4068.52	0.798405565
4073.93	0.797828107
4079.28	0.797639323
4084.63	0.797317279
4089.98	0.797450538
4095.35	0.797195124
4100.65	0.798139046
4106.07	0.797295069
4111.42	0.797261754
4116.77	0.797306174
4122.13	0.797428328
4127.48	0.797172914
4132.78	0.797161809
4138.2	0.797639323
4143.55	0.797639323
4148.9	0.797128494
4154.27	0.797306174
4159.6	0.796673191
4164.92	0.79676203
4170.33	0.797761477
4175.67	0.796995235
4181.05	0.796995235
4186.38	0.79678424
4191.75	0.79687308
4197.05	0.79678424
4202.47	0.796162362
4207.8	0.797150704
4213.17	0.79687308
4218.52	0.79678424
4223.9	0.79676203
4229.18	0.795940263
4234.6	0.796095732
4239.97	0.796495511
4245.32	0.796017998
4250.63	0.796562141
4256	0.795862528
4261.3	0.795884738
4266.73	0.795462749
4272.1	0.795807003
4277.42	0.79532949
4282.78	0.796084627
4288.12	0.795940263
4293.43	0.795507169
4298.88	0.795662639
4304.22	0.795995788
4309.55	0.794996341
4314.95	0.795562694
4320.25	0.795051865
4325.57	0.795396119
4331	0.794896396
4336.32	0.794674297
4341.67	0.794796451
4347.03	0.795773688
4352.42	0.795684849
4357.7	0.794885291
4363.12	0.794885291
4368.45	0.795429434
4373.82	0.795640429
4379.17	0.795618219
4384.53	0.79519623
4389.82	0.795984683
4395.25	0.794918606
4400.57	0.794196783
4405.92	0.794385567
4411.28	0.794296728
4416.63	0.794429987
4421.93	0.794230098
4427.37	0.794818661
4432.73	0.793985789
4438.08	0.79526286
4443.43	0.793996894
4448.78	0.793996894
4454.08	0.792675403
4459.5	0.792253414
4464.85	0.79193137
4470.18	0.79186474
4475.57	0.792431093
4480.9	0.793108496
4486.22	0.791564906
4491.67	0.792464408
4496.97	0.791998
4502.32	0.792742032
4507.67	0.792253414
4513.05	0.792608773
4518.33	0.792253414
4523.77	0.792364463
4529.1	0.792619878
4534.47	0.79182032
4539.8	0.792497723
4545.18	0.792686508
4550.47	0.79173148
4555.9	0.792364463
4561.22	0.792819767
4566.6	0.792531038
4571.93	0.791853635
4577.28	0.792175679
4582.6	0.792242309
4588.03	0.792109049
4593.4	0.792042419
4598.72	0.792642088
4604.1	0.791631536
4609.42	0.792664298
4614.75	0.791553801
4620.2	0.792220099
4625.52	0.792586563
4630.85	0.79168706
4636.23	0.79182032
4641.55	0.79170927
4646.87	0.793275071
4652.27	0.791698165
4657.62	0.791831425
4662.97	0.79186474
4668.33	0.791509381
4673.68	0.792419988
4678.98	0.793419435
4684.42	0.791620431
4689.75	0.792297834
4695.13	0.792486618
4700.45	0.792320044
4705.83	0.792708717
4711.12	0.792653193
4716.55	0.792097944
4721.88	0.791509381
4727.25	0.792375568
4732.58	0.791453856
4737.93	0.792575458
4743.25	0.792197889
4748.67	0.792131259
4754	0.792231204
4759.37	0.792208994
4764.73	0.792386673
4770.07	0.792120154
4775.38	0.793175126
4780.82	0.792020209
4786.17	0.79173148
4791.48	0.792730927
4796.87	0.792053524
4802.2	0.791442751
4807.52	0.792397778
4812.92	0.79168706
4818.27	0.792286729
4823.63	0.792153469
4828.98	0.792375568
4834.33	0.792086839
4839.65	0.791698165
4845.1	0.792586563
4850.42	0.792308939
4855.77	0.791409436
4861.12	0.791309492
4866.47	0.791831425
4871.78	0.792053524
4877.2	0.792097944
4882.57	0.791353911
4887.9	0.792031314
4893.28	0.791853635
4898.6	0.791154022
4903.92	0.792153469
4909.3	0.791020762
4914.67	0.791587116
4920.02	0.791165127
4925.37	0.79184253
4930.73	0.792042419
4936.03	0.792908607
4941.45	0.791898055
4946.78	0.791109602
4952.17	0.791664851
4957.5	0.792464408
4962.88	0.79175369
4968.17	0.791476066
4973.6	0.792120154
4978.92	0.791998
4984.3	0.79182032
4989.63	0.792331149
4995.02	0.791875845
5000.3	0.79173148
5005.72	0.791787005
5011.05	0.791898055
5016.4	0.791320597
5021.78	0.791998
5027.12	0.791431646
5032.45	0.791620431
5037.85	0.7917759
5043.22	0.791420541
5048.57	0.791787005
5053.93	0.791120707
5059.25	0.791664851
5060.43	0.791542696
5060.5	0.787333913
5060.53	0.789865846
5060.58	0.787011869
5060.6	0.784768666
5060.63	0.782458833
5060.65	0.77833889
5060.67	0.773941323
5060.7	0.771775855
5060.72	0.769577071
5060.75	0.767911326
5060.77	0.765346079
5060.8	0.762947406
5060.82	0.761503761
5060.83	0.759693651
5060.87	0.758616469
5060.88	0.760237794
5060.92	0.759649231
5060.93	0.757794702
5060.97	0.750931832
5060.98	0.749266087
5061.02	0.746978464
5061.03	0.746001227
5061.07	0.744901835
5061.08	0.743602554
5061.12	0.742603107
5061.13	0.741814654
5061.17	0.740792997
5061.2	0.739726921
5061.22	0.738738579
5061.23	0.738527584
5061.27	0.7383388
5061.28	0.737139463
5061.32	0.735862392
5061.33	0.735895707
5061.35	0.734696371
5061.38	0.734318802
5061.4	0.733674714
5061.43	0.733852393
5061.45	0.733319355
5061.48	0.733208305
5061.5	0.732941786
5061.53	0.730709687
5061.55	0.73156477
5061.57	0.729599191
5061.6	0.730776317
5061.62	0.725645823
5061.65	0.725035049
5061.68	0.723491459
5061.72	0.722891791
5061.75	0.722747426
5061.78	0.720859582
5061.83	0.719160522
5061.87	0.71817218
5061.92	0.717439252
5061.97	0.71653975
5062.03	0.714851795
5062.08	0.714563066
5062.15	0.712764061
5062.22	0.7112871
5062.3	0.710332073
5062.37	0.709310416
5062.47	0.707622461
5062.55	0.705912296
5062.65	0.70473517
5062.75	0.703413679
5062.87	0.701925613
5063	0.700448653
5063.13	0.6996602
5063.28	0.69800556
5063.43	0.69650639
5063.62	0.695184898
5063.78	0.693174899
5063.98	0.692064403
5064.2	0.689676835
5064.43	0.688399764
5064.68	0.686911698
5064.95	0.685112694
5065.23	0.683491368
5065.55	0.681159325
5065.9	0.679549105
5066.25	0.677938885
5066.63	0.675451372
5067.07	0.674363086
5067.52	0.672275352
5068.08	0.670354193
5068.63	0.668588503
5069.17	0.667722315
5069.78	0.665667897
5070.45	0.664190936
5071.18	0.663069334
5072.02	0.661814473
5072.85	0.660193148
5073.75	0.659215911
5074.73	0.658116519
5075.77	0.657150387
5076.93	0.655329172
5078.17	0.654907184
5079.52	0.653918842
5080.97	0.654351935
5082.55	0.653330278
5084.23	0.652897185
5086.03	0.652419671
5088.02	0.652008787
5090.15	0.651853318
5092.4	0.651586799
5094.95	0.650976025
5097.63	0.650487407
5100.48	0.650165363
5103.65	0.650465197
5106.98	0.650054313
5110.65	0.649710059
5114.6	0.649632324
5118.82	0.649365805
5123.38	0.64933249
5128.38	0.649365805
5133.8	0.648999341
5139.08	0.648921607
5144.48	0.648710612
5149.8	0.648766137
5155.12	0.648621772
5160.5	0.649043761
5165.88	0.648810557
5171.22	0.648666192
5176.57	0.648843872
5181.93	0.648766137
5187.25	0.648366358
5192.63	0.648810557
5198	0.648621772
5203.38	0.648610667
5208.7	0.648366358
5214.08	0.648333043
5219.37	0.648110944
5224.8	0.648266414
5230.15	0.64776669
5235.5	0.648022104
5240.83	0.648388568
5246.22	0.647888845
5251.5	0.64765564
5256.93	0.64767785
5262.25	0.648144259
5267.62	0.647955474
5272.97	0.64763343
5278.32	0.64781111
5283.65	0.647988789
5289.05	0.647555696
5294.42	0.64761122
5299.75	0.64763343
5305.13	0.647544591
5310.45	0.647733375
5315.77	0.647566801
5321.18	0.647711165
5326.53	0.64772227
5331.87	0.64774448
5337.22	0.647844425
5342.58	0.647466856
5347.9	0.647566801
5353.3	0.647644535
5358.68	0.64776669
5364.02	0.647466856
5369.35	0.647022657
5374.73	0.647189232
5380.02	0.647200337
5385.43	0.647422436
5390.8	0.647400226
5396.17	0.647489066
5401.48	0.647266966
5406.87	0.647477961
5412.15	0.647322491
5417.58	0.647333596
5422.9	0.646922713
5428.25	0.647266966
5433.62	0.647300281
5438.97	0.647278071
5444.28	0.647144812
5449.7	0.646856083
5455.05	0.647200337
5460.4	0.647589011
5465.77	0.646944922
5471.1	0.646933817
5476.42	0.646756138
5481.83	0.646789453
5487.2	0.646900503
5492.52	0.647167022
5497.9	0.646278624
5503.22	0.646645088
5508.53	0.64604542
5513.97	0.646989342
5519.32	0.647022657
5524.68	0.646556249
5530	0.646556249
5535.38	0.646656193
5540.67	0.646800558
5546.08	0.646989342
5551.42	0.646756138
5556.78	0.646878293
5562.13	0.646567354
5567.52	0.646589564
5572.8	0.646100945
5578.23	0.646456304
5583.55	0.646622878
5588.9	0.646933817
5594.27	0.646600668
5599.65	0.646367464
5604.93	0.646733928
5610.35	0.646367464
5615.72	0.646522934
5621.2	0.646556249
5626.42	0.646578459
5631.77	0.646434094
5637.07	0.646722823
5642.48	0.646356359
5647.83	0.646478514
5653.2	0.646400779
5658.55	0.646500724
5663.92	0.645945475
5669.2	0.646100945
5674.62	0.645945475
5679.97	0.646123155
5685.33	0.646300834
5690.72	0.646234205
5696.05	0.646267519
5701.33	0.646356359
5706.75	0.64595658
5712.12	0.64617868
5717.47	0.646289729
5722.8	0.645479067
5728.17	0.64611205
5733.47	0.646234205
5738.88	0.646356359
5744.22	0.646356359
5749.57	0.646511829
5754.92	0.646167575
5760.27	0.645989895
5765.58	0.64613426
5771	0.646311939
5776.37	0.646034315
5781.68	0.64617868
5787.07	0.646389674
5792.4	0.645690061
5797.72	0.645945475
5803.13	0.645401332
5808.5	0.645501277
5813.83	0.645790006
5819.2	0.645323597
5824.53	0.645667851
5829.85	0.645901056
5835.27	0.645845531
5840.6	0.645490172
5845.95	0.645701166
5851.32	0.646167575
5856.7	0.645445752
5861.98	0.645701166
5867.42	0.645545697
5872.73	0.645701166
5878.12	0.645490172
5883.43	0.645390227
5888.83	0.645745586
5894.1	0.644990448
5899.53	0.645567907
5904.87	0.645623431
5910.25	0.645290282
5915.58	0.645412437
5920.93	0.645323597
5926.23	0.644801664
5931.68	0.645401332
5937	0.645345807
5942.35	0.645268072
5947.73	0.645012658
5953.07	0.644701719
5958.38	0.64454625
5963.8	0.644512935
5969.15	0.645567907
5974.5	0.64447962
5979.85	0.644424095
5985.2	0.645401332
5990.52	0.644446305
5995.93	0.645545697
6001.25	0.644779454
6006.6	0.644834979
6011.97	0.644912714
6017.32	0.644846084
6022.63	0.645112603
6028.08	0.644168681
6033.38	0.644846084
6038.77	0.64436857
6044.1	0.644579565
6049.47	0.644701719
6050.52	0.644179786
6050.58	0.644701719
6050.62	0.645401332
6050.65	0.643868847
6050.68	0.639726694
6050.72	0.637938794
6050.75	0.629510124
6050.78	0.626389629
6050.82	0.624957088
6050.85	0.62102593
6050.88	0.619138085
6050.92	0.618582837
6050.95	0.617527865
6050.98	0.616295214
6051	0.61255284
6051.03	0.612874884
6051.07	0.609854333
6051.1	0.60917693
6051.13	0.607744389
6051.17	0.60743345
6051.2	0.606867097
6051.22	0.605101407
6051.23	0.605401241
6051.27	0.605012568
6051.28	0.603890966
6051.32	0.604435109
6051.33	0.602302956
6051.37	0.601681078
6051.38	0.601803232
6051.42	0.601603343
6051.43	0.600848205
6051.47	0.60079268
6051.48	0.600370691
6051.52	0.599970913
6051.53	0.599848758
6051.57	0.599060305
6051.58	0.59933793
6051.6	0.598394007
6051.63	0.599704393
6051.65	0.594684948
6051.68	0.593974231
6051.7	0.593863181
6051.73	0.594418429
6051.77	0.593319037
6051.8	0.592641635
6051.83	0.59263053
6051.87	0.591475613
6051.9	0.591075834
6051.95	0.591586663
6052	0.59095368
6052.05	0.590176332
6052.1	0.589487824
6052.17	0.590442851
6052.22	0.588643846
6052.28	0.586489483
6052.37	0.586134124
6052.45	0.586034179
6052.53	0.584734898
6052.62	0.583091363
6052.72	0.582247386
6052.83	0.581214624
6052.95	0.580381751
6053.07	0.581414513
6053.2	0.57899363
6053.35	0.57753888
6053.5	0.576383963
6053.68	0.575850925
6053.87	0.575317886
6054.05	0.575206837
6054.28	0.570875899
6054.5	0.569199049
6054.75	0.567555514
6055.02	0.567611039
6055.32	0.564901427
6055.63	0.56392419
6055.97	0.563979715
6056.33	0.562858113
6056.72	0.561159053
6057.15	0.560759275
6057.62	0.558949165
6058.17	0.557738724
6058.68	0.555728725
6059.27	0.554940272
6059.9	0.554451653
6060.57	0.552286185
6061.3	0.550764804
6062.05	0.548732596
6062.88	0.546178453
6063.8	0.545445525
6064.8	0.544257294
6065.85	0.543291162
6067	0.542069615
6068.28	0.541458842
6069.62	0.539648733
6071.08	0.538660391
6072.6	0.537838623
6074.3	0.538638181
6076.12	0.537905253
6078.13	0.537016856
6080.23	0.536728126
6082.48	0.536794756
6085	0.531853046
6087.68	0.526467137
6090.62	0.525745314
6093.72	0.525567635
6097.07	0.524279459
6100.75	0.523713105
6104.65	0.522613714
6108.93	0.522302774
6113.45	0.522924653
6118.5	0.520825814
6123.83	0.522391614
6129.2	0.522513769
6134.52	0.520759184
6139.92	0.52198073
6145.18	0.520725869
6150.62	0.520703659
6155.98	0.521736421
6161.35	0.5205704
6166.65	0.520614819
6172.02	0.52054819
6177.32	0.522169515
6182.72	0.52222504
6188.12	0.521991835
6193.43	0.520259461
6198.82	0.52032609
6204.15	0.5221362
6209.47	0.52202515
6214.85	0.52030388
6220.23	0.52200294
6225.55	0.520648134
6230.93	0.52211399
6236.28	0.521880786
6241.58	0.521902996
6246.98	0.521769736
6252.37	0.521891891
6257.68	0.52218062
6263.05	0.521991835
6268.42	0.52059261
6273.72	0.521647581
6279.15	0.521891891
6284.5	0.52028167
6289.83	0.52028167
6295.18	0.52037051
6300.55	0.52204736
6305.85	0.520836919
6311.27	0.521692001
6316.6	0.521925206
6322	0.521303327
6327.3	0.5221362
6332.68	0.520581505
6337.97	0.521336642
6343.37	0.52030388
6348.72	0.520492665
6354.08	0.521736421
6359.43	0.521669791
6364.8	0.520692554
6370.12	0.520748079
6375.52	0.520792499
6380.88	0.520492665
6386.22	0.521692001
6391.58	0.521469902
6396.92	0.52059261
6402.25	0.520492665
6407.63	0.521803051
6413	0.52039272
6418.33	0.521869681
6423.7	0.521536532
6429.05	0.521381062
6434.37	0.520215041
6439.75	0.521692001
6445.13	0.520092886
6450.5	0.521569847
6455.85	0.521558742
6461.2	0.521714211
6466.5	0.521780841
6471.93	0.521925206
6477.25	0.520703659
6482.63	0.521858576
6487.97	0.521503217
6493.33	0.520703659
6498.63	0.520270565
6504.03	0.520170621
6509.38	0.521725316
6514.73	0.52050377
6520.08	0.52037051
6525.43	0.521425482
6530.75	0.520059571
6536.15	0.521158963
6541.53	0.521203383
6546.87	0.521114543
6552.25	0.521547637
6557.58	0.519759737
6562.9	0.521170068
6568.28	0.521436587
6573.68	0.520448245
6579	0.521536532
6584.38	0.521780841
6589.73	0.521492112
6595.02	0.521303327
6600.42	0.521603162
6605.78	0.520670344
6611.15	0.52037051
6616.48	0.520792499
6621.87	0.521747526
6627.15	0.521514322
6632.58	0.520537085
6637.93	0.519904102
6643.28	0.519582058
6648.62	0.520748079
6654	0.521469902
6659.28	0.521791946
6664.7	0.521325537
6670.03	0.521514322
6675.4	0.521236698
6680.75	0.521525427
6686.13	0.520603715
6691.43	0.519915207
6696.83	0.521425482
6702.2	0.521103438
6707.55	0.520237251
6712.9	0.52045935
6718.27	0.52039272
6723.57	0.520103991
6728.97	0.519737527
6734.33	0.521436587
6739.68	0.520215041
6745.03	0.521603162
6750.4	0.521514322
6755.68	0.520292775
6761.12	0.520359405
6766.47	0.52030388
6770.58	0.520381615
6770.65	0.523080122
6770.67	0.522080675
6770.68	0.521558742
6770.72	0.522347194
6770.73	0.521303327
6770.77	0.519604267
6770.78	0.518660345
6770.8	0.518127307
6770.83	0.517027915
6770.85	0.51701681
6770.87	0.515695319
6770.9	0.51538438
6770.92	0.51540659
6770.95	0.514851342
6770.98	0.5136409
6771	0.512741398
6771.02	0.513329961
6771.05	0.512430459
6771.07	0.512463774
6771.1	0.51194184
6771.12	0.511786371
6771.15	0.511275542
6771.17	0.511286647
6771.18	0.510553719
6771.22	0.509720847
6771.23	0.509709742
6771.27	0.509243333
6771.28	0.50856593
6771.3	0.509232228
6771.33	0.509110074
6771.35	0.508243886
6771.38	0.507855213
6771.4	0.507622008
6771.43	0.50700013
6771.45	0.507355489
6771.48	0.506966815
6771.5	0.506700296
6771.53	0.506489302
6771.55	0.507333279
6771.57	0.506344937
6771.6	0.506467092
6771.62	0.505900738
6771.65	0.505556484
6771.67	0.50547875
6771.7	0.505178916
6771.73	0.504701402
6771.75	0.504979026
6771.78	0.504723612
6771.8	0.504701402
6771.83	0.506900185
6771.87	0.504068419
6771.9	0.504123944
6771.93	0.504079524
6771.98	0.5038019
6772.02	0.503435436
6772.07	0.503946264
6772.12	0.502646983
6772.18	0.503102287
6772.23	0.502258309
6772.3	0.501458752
6772.37	0.502491514
6772.43	0.502458199
6772.52	0.501303282
6772.6	0.502047315
6772.7	0.50192516
6772.8	0.500792454
6772.9	0.500781349
6773.02	0.498693615
6773.15	0.496328257
6773.28	0.497982897
6773.43	0.496561461
6773.58	0.494762457
6773.75	0.493951794
6773.93	0.4935187
6774.13	0.493440966
6774.35	0.492441519
6774.58	0.493341021
6774.82	0.490575884
6775.1	0.49029826
6775.38	0.489332128
6775.68	0.48846594
6776.02	0.484501467
6776.38	0.487788537
6776.78	0.486722461
6777.2	0.486755776
6777.65	0.484212738
6778.2	0.485789643
6778.73	0.482347104
6779.3	0.482802407
6779.93	0.481703016
6780.62	0.482058375
6781.33	0.479926221
6782.13	0.48019274
6782.98	0.480381525
6783.92	0.478638045
6784.88	0.478549205
6785.92	0.477960642
6787.08	0.476272687
6788.32	0.475506444
6789.65	0.475817383
6791.1	0.474418157
6792.7	0.472974512
6794.4	0.471841805
6796.2	0.470720203
6798.18	0.470142745
6800.28	0.469376502
6802.55	0.469276558
6805.08	0.467932857
6807.75	0.468110536
6810.63	0.467044459
6813.78	0.465700758
6817.13	0.465201035
6820.78	0.464345952
6824.75	0.463824019
6828.98	0.463202141
6833.53	0.4633354
6838.52	0.462835677
6843.9	0.462058329
6849.23	0.46172518
6854.62	0.461469766
6859.97	0.459570817
6865.27	0.4599817
6870.65	0.459948386
6876.03	0.459637446
6881.37	0.459692971
6886.72	0.459237668
6892.12	0.459459767
6897.4	0.458071646
6902.78	0.458926729
6908.13	0.458782364
6913.52	0.458538055
6918.85	0.458227116
6924.23	0.458160486
6929.52	0.457971701
6934.95	0.457538608
6940.27	0.457927282
6945.63	0.457372033
6950.98	0.457649657
6956.35	0.457682972
6961.67	0.457294298
6967.03	0.457316508
6972.4	0.457427558
6977.75	0.457594133
6983.1	0.457660762
6988.48	0.45687231
6993.78	0.456428111
6999.2	0.457127724
7004.55	0.457094409
7009.9	0.45660579
7015.27	0.457283193
7020.63	0.457216564
7025.92	0.456950044
7031.33	0.456661315
7036.7	0.457449768
7042.02	0.45691673
7047.4	0.456628
7052.73	0.456750155
7058.05	0.457616342
7063.43	0.456883415
7068.8	0.457083304
7074.17	0.457249879
7079.5	0.456838995
7084.88	0.456572476
7090.18	0.457405348
7095.62	0.456639105
7100.93	0.457172144
7106.3	0.456772365
7111.63	0.456816785
7117.03	0.457294298
7122.32	0.457260984
7127.73	0.457127724
7133.07	0.457149934
7138.42	0.457016674
7143.77	0.457127724
7149.15	0.456727945
7154.43	0.456639105
7159.83	0.4568501
7165.22	0.457394243
7170.55	0.456494741
7175.93	0.457138829
7181.28	0.456961149
7186.58	0.457038884
7191.97	0.457116619
7197.35	0.457016674
7202.7	0.456594686
7208.05	0.45680568
7213.38	0.45669463
7218.7	0.456505846
7224.08	0.456628
7229.45	0.456561371
7234.8	0.456494741
7240.17	0.456494741
7245.53	0.456539161
7250.82	0.456561371
7256.23	0.456927835
7261.57	0.457083304
7266.95	0.456861205
7272.28	0.45676126
7277.65	0.457061094
7282.95	0.45669463
7288.37	0.456461426
7293.72	0.45676126
7299.05	0.45671684
7304.42	0.457127724
7309.8	0.456372586
7315.08	0.456905625
7320.48	0.45673905
7325.85	0.456516951
7331.22	0.457138829
7336.58	0.456972254
7341.93	0.4568501
7347.23	0.456972254
7352.62	0.457105514
7358	0.457027779
7363.32	0.45687231
7368.7	0.456439216
7374.03	0.45687231
7379.35	0.456328166
7384.73	0.456417006
7390.13	0.457061094
7395.48	0.45691673
7400.83	0.457205459
7406.2	0.456461426
7411.48	0.456994464
7416.9	0.456905625
7422.23	0.457183249
7427.62	0.456572476
7432.97	0.456816785
7438.32	0.456417006
7443.62	0.456417006
7449.02	0.456372586
7454.35	0.456883415
7459.73	0.457005569
7465.1	0.457083304
7470.45	0.45682789
7475.75	0.456661315
7481.13	0.456639105
7486.5	0.456794575
7491.85	0.456705735
7497.22	0.45676126
7502.6	0.45673905
7507.88	0.45678347
7513.27	0.456361481
7518.65	0.45660579
7523.98	0.456594686
7529.35	0.456661315
7534.68	0.456383691
7540.02	0.456772365
7545.4	0.456350376
7550.75	0.456361481
7556.1	0.456361481
7561.48	0.4568501
7566.82	0.456439216
7572.13	0.456561371
7577.55	0.45669463
7582.88	0.457049989
7588.28	0.456394796
7593.62	0.45693894
7598.97	0.45678347
7604.27	0.456350376
7609.68	0.45689452
7615.03	0.456528056
7620.38	0.457005569
7625.73	0.456516951
7631.1	0.457094409
7636.4	0.456905625
7641.78	0.456572476
7647.13	0.456494741
7652.5	0.456861205
7657.9	0.45680568
7663.23	0.456428111
7668.53	0.456961149
7673.92	0.456461426
7679.32	0.45673905
7684.62	0.456328166
7690.02	0.457094409
7695.37	0.456516951
7700.67	0.456372586
7706.05	0.457016674
7711.42	0.456483636
7716.75	0.456861205
7722.15	0.457216564
7727.47	0.457027779
7730.67	0.45667242
7730.73	0.457538608
7730.75	0.457616342
7730.8	0.457838442
7730.83	0.457971701
7730.85	0.456217117
7730.88	0.456528056
7730.92	0.454362587
7730.95	0.453973913
7730.98	0.453029991
7731.02	0.452818997
7731.05	0.453096621
7731.08	0.452097174
7731.12	0.451342036
7731.15	0.451208777
7731.18	0.45184176
7731.22	0.4517085
7731.25	0.450886733
7731.28	0.450897838
7731.32	0.449720711
7731.35	0.449554137
7731.38	0.449531927
7731.43	0.448710159
7731.47	0.448832314
7731.5	0.448543585
7731.52	0.44837701
7731.55	0.448032756
7731.57	0.447111044
7731.58	0.447288723
7731.62	0.447444193
7731.63	0.447322038
7731.67	0.447299828
7731.68	0.447388668
7731.7	0.447188779
7731.73	0.44687784
7731.75	0.446578005
7731.78	0.446789
7731.8	0.446666845
7731.83	0.445900602
7731.85	0.446422536
7731.88	0.445611873
7731.92	0.445511929
7731.95	0.445167675
7731.98	0.445356459
7732.02	0.444779001
7732.07	0.444745686
7732.1	0.444612426
7732.15	0.444601321
7732.2	0.444212647
7732.27	0.444257067
7732.32	0.443724029
7732.38	0.444479167
7732.45	0.443057731
7732.52	0.442602427
7732.6	0.443079941
7732.68	0.442513588
7732.78	0.442435853
7732.88	0.441503036
7732.98	0.441447511
7733.1	0.440370329
7733.23	0.440969997
7733.37	0.440292594
7733.52	0.440403644
7733.67	0.439870605
7733.83	0.439781766
7734.02	0.439504142
7734.22	0.439559666
7734.43	0.439381987
7734.67	0.438138231
7734.92	0.438460275
7735.18	0.437760662
7735.47	0.437582982
7735.78	0.436694585
7736.12	0.436372541
7736.48	0.435728453
7736.87	0.435395304
7737.3	0.43513989
7737.75	0.434262597
7738.32	0.433485249
7738.85	0.433618509
7739.43	0.4331521
7740.05	0.432463593
7740.72	0.43178619
7741.45	0.431042157
7742.2	0.430586853
7743.05	0.431275361
7743.97	0.429209837
7744.95	0.427377518
7746.02	0.427355308
7747.17	0.42664459
7748.43	0.425478568
7749.77	0.425389729
7751.25	0.424334757
7752.77	0.423579619
7754.48	0.422446912
7756.3	0.422624592
7758.25	0.420325864
7760.4	0.419692881
7762.63	0.41819371
7765.15	0.416961059
7767.83	0.416094871
7770.75	0.415628463
7773.85	0.414207027
7777.22	0.413951613
7780.9	0.413740618
7784.82	0.411752829
7789.08	0.409209792
7793.62	0.409043217
7798.62	0.408821118
7803.97	0.408210345
7809.35	0.404745595
7814.7	0.402857751
7820.05	0.401902724
7825.35	0.401824989
7830.77	0.400059299
7836.1	0.399637311
7841.48	0.398426869
7846.82	0.397527367
7852.18	0.397405212
7857.48	0.396938804
7862.88	0.395583998
7868.25	0.395295268
7873.6	0.394951014
7878.95	0.394195877
7884.32	0.393562894
7889.62	0.393229745
7895.02	0.393163115
7900.38	0.390620077
7905.7	0.390553448
7911.1	0.389587316
7916.45	0.389442951
7921.75	0.388876598
7927.18	0.388343559
7932.5	0.387110908
7937.83	0.386966543
7943.2	0.387088698
7948.55	0.387044278
7953.87	0.386866599
7959.27	0.386844389
7964.62	0.386577869
7970	0.386588974
7975.33	0.38648903
7980.72	0.385978201
7986	0.386211406
7991.42	0.385944886
7996.75	0.385645052
8002.13	0.385445163
8007.45	0.38487881
8012.83	0.382491242
8018.13	0.38317975
8023.55	0.381758314
8028.9	0.382324667
8034.25	0.382002623
8039.62	0.382058148
8044.93	0.381169751
8050.27	0.380447928
8055.65	0.379437376
8061.03	0.379248591
8066.37	0.378682238
8071.75	0.378915442
8077.12	0.378349089
8082.4	0.37788268
8087.82	0.377460692
8093.17	0.377294117
8098.53	0.376527874
8103.88	0.376594504
8109.25	0.376061466
8114.53	0.375750527
8119.93	0.37620583
8125.3	0.376039256
8130.67	0.376072571
8136.03	0.375517322
8141.37	0.375850472
8146.67	0.375250803
8152.07	0.375017599
8157.43	0.375495113
8162.78	0.375650582
8168.13	0.374673345
8173.5	0.37470666
8178.78	0.375028704
8184.2	0.37314086
8189.55	0.37461782
8194.92	0.37483992
8200.27	0.373107545
8205.62	0.374317986
8210.92	0.373340749
8216.35	0.373185279
8221.68	0.373651688
8227.03	0.374084782
8232.38	0.372707766
8237.75	0.372052573
8243.05	0.372396827
8248.43	0.371774949
8253.82	0.371386275
8259.15	0.371641689
8264.53	0.371652794
8269.87	0.371830473
8275.18	0.371297435
8280.58	0.371575059
8285.95	0.370964286
8291.32	0.370808817
8296.65	0.371208595
8302.02	0.370209148
8307.3	0.370109204
8312.72	0.369931524
8318.05	0.369920419
8323.45	0.370564507
8328.78	0.370297988
8334.15	0.369920419
8339.43	0.369487325
8344.85	0.369454011
8350.18	0.368743293
8355.57	0.369265226
8360.92	0.368665558
8366.28	0.369109757
8371.57	0.369331856
8376.97	0.369076442
8382.35	0.368765503
8387.67	0.368343514
8393.07	0.368565613
8398.42	0.368432354
8403.72	0.367777161
8409.1	0.3680881
8414.48	0.367899315
8419.8	0.367788266
8425.18	0.367732741
8430.55	0.36804368
8435.83	0.367477326
8441.22	0.367499536
8446.58	0.367732741
8451.93	0.367332962
8457.32	0.367377382
8462.65	0.367099758
8467.97	0.366988708
8473.38	0.366855448
8478.7	0.367455117
8484.08	0.367266332
8489.45	0.366877658
8494.8	0.366866553
8500.08	0.367144177
8505.52	0.365989261
8510.83	0.366577824
8516.22	0.366511194
8521.57	0.36625578
8526.93	0.365811581
8532.22	0.36634462
8537.62	0.366000366
8542.97	0.365744952
8548.32	0.365811581
8553.7	0.365522852
8559.05	0.365878211
8564.35	0.365200808
8569.73	0.36627799
8575.13	0.365289648
8580.45	0.364856554
8585.83	0.365067549
8591.17	0.36471219
8596.48	0.365067549
8601.88	0.36446788
8607.25	0.364845449
8612.58	0.364179151
8617.97	0.364267991
8623.3	0.364678875
8628.62	0.364823239
8634.02	0.3647344
8639.37	0.364834344
8644.75	0.36462335
8650.08	0.364545615
8655.45	0.363923737
8660.73	0.36449009
8666.17	0.363879317
8671.48	0.364101417
8676.87	0.364245781
8682.22	0.364001472
8687.58	0.364345726
8692.87	0.363312964
8698.27	0.364290201
8703.62	0.363868212
8708.98	0.364279096
8714.35	0.363945947
8719.72	0.363757163
8725.02	0.363734953
8730.4	0.363468433
8735.77	0.363712743
8741.2	0.363546168
8746.48	0.363579483
8751.83	0.364156941
8757.15	0.364090312
8762.53	0.363457328
8767.92	0.363890422
8773.25	0.364134731
8778.63	0.363390699
8783.95	0.363346279
8789.27	0.364045892
8794.67	0.363424014
8800.02	0.363490643
8805.4	0.363312964
8810.77	0.363257439
8816.1	0.363390699
8821.4	0.364134731
8826.85	0.363435119
8832.15	0.363812687
8837.53	0.363823792
8842.88	0.363346279
8848.25	0.364001472
8853.53	0.363790477
8858.93	0.363290754
8864.28	0.362868765
8869.63	0.363002025
8875.02	0.363046445
8880.35	0.36283545
8885.67	0.363235229
8891.05	0.362846555
8896.43	0.363090865
8901.77	0.362657771
8907.15	0.362535616
8912.47	0.363168599
8917.8	0.362146942
8923.18	0.362702191
8928.55	0.362158047
8933.9	0.362602246
8939.28	0.362302412
8944.6	0.362668876
8949.92	0.361947053
8955.32	0.362291307
8960.67	0.362568931
8966.02	0.362602246
8971.42	0.362357937
8976.77	0.362480091
8982.05	0.362735506
8987.48	0.362746611
8992.8	0.362058103
8998.18	0.362080313
9003.55	0.362624456
9008.88	0.362335727
9014.18	0.362357937
9019.6	0.362635561
9024.93	0.362146942
9030.32	0.362480091
9035.67	0.362546721
9041.02	0.362024788
9046.32	0.362524511
9051.7	0.362158047
9057.07	0.362191362
9062.42	0.361991473
9067.8	0.362058103
9073.13	0.362202467
9078.45	0.362313517
9083.83	0.362291307
9089.22	0.362324622
9094.55	0.362546721
9099.93	0.361902633
9105.27	0.362191362
9110.6	0.362779926
9115.97	0.362058103
9121.35	0.361935948
9126.7	0.362424567
9132.08	0.362191362
9137.4	0.362257992
9142.72	0.362058103
9148.12	0.362013683
9153.47	0.362058103
9158.83	0.361625009
9164.2	0.362935395
9169.55	0.362146942
9174.85	0.362457881
9180.27	0.362158047
9185.58	0.361769374
9190.98	0.362335727
9196.32	0.362102523
9201.68	0.361691639
9206.98	0.361591694
9212.37	0.362224677
9217.72	0.361802688
9223.08	0.361658324
9228.43	0.362124732
9233.8	0.361980368
9239.12	0.362146942
9244.53	0.362191362
9249.87	0.362102523
9255.23	0.362002578
9260.6	0.362058103
9265.95	0.362024788
9271.25	0.361869318
9276.68	0.362146942
9282.02	0.362235782
9287.35	0.361980368
9292.73	0.361702744
9298.05	0.361780478
9303.37	0.362491196
9308.8	0.362069208
9314.15	0.362080313
9319.5	0.362124732
9324.85	0.362202467
9330.2	0.362180257
9335.5	0.361913738
9340.93	0.362224677
9346.27	0.361947053
9351.63	0.362046998
9356.98	0.361658324
9362.33	0.362024788
9367.63	0.361747164
9373.05	0.362024788
9378.38	0.362091418
9383.73	0.362369042
9389.08	0.362280202
9394.45	0.361769374
9399.77	0.361347385
9405.17	0.361702744
9410.53	0.361680534
9415.87	0.361958158
9421.25	0.361691639
9426.58	0.362091418
9431.9	0.362124732
9437.28	0.361902633
9442.68	0.361836003
9448	0.361736059
9453.37	0.362113627
9458.7	0.362024788
9464.02	0.36111418
9469.47	0.361836003
9474.78	0.361847108
9480.15	0.361824898
9485.52	0.361513959
9490.87	0.362002578
9496.17	0.362024788
9501.58	0.361869318
9506.93	0.361669429
9512.3	0.361625009
9517.63	0.361747164
9523	0.361913738
9528.28	0.361713849
9533.75	0.361880423
9539.03	0.361702744
9544.42	0.361791583
9549.75	0.361547274
9555.12	0.362024788
9560.42	0.362235782

