HEADER	
'time'	'total volume'
UNITS	
'min'	'cm^3'
0.03	-0.058530902
0.08	-0.052580902
0.12	-0.056430902
0.17	-0.065355902
0.22	-0.066055902
0.28	-0.345005902
0.33	-0.063255902
0.37	-0.081280902
0.42	-0.061505902
0.45	-0.094930902
0.48	-0.062730902
0.53	-0.083030902
0.57	-0.054680902
0.6	-0.102805902
0.67	-0.095455902
0.7	-0.073580902
0.73	-0.081980902
0.78	-0.057130902
0.82	-0.064655902
0.87	-0.055380902
0.92	-0.058005902
0.97	-0.067280902
1	-0.042080902
1.05	-0.034380902
1.08	-0.056430902
1.13	-0.033330902
1.17	-0.054155902
1.23	-0.212355902
1.27	-0.072180902
1.32	-0.088980902
1.37	-0.071480902
1.4	-0.082855902
1.43	-0.089330902
1.47	-0.070780902
1.5	-0.073930902
1.55	-0.062555902
1.6	-0.070080902
1.65	-0.076205902
1.7	-0.070955902
1.77	-0.095805902
1.83	-0.063080902
1.9	-0.030355902
1.97	-0.041730902
2.05	-0.038930902
2.13	-0.031930902
2.22	-0.036830902
2.33	-0.035605902
2.43	-0.071480902
2.55	-0.086180902
2.67	-0.067980902
2.82	-0.042955902
2.95	-0.056780902
3.12	-0.032805902
3.28	-0.081280902
3.45	-0.081630902
3.65	-0.083730902
3.87	-0.063955902
4.1	-0.101405902
4.35	-0.076905902
4.62	-0.035955902
4.9	-0.049080902
5.22	-0.059755902
5.55	-0.048730902
5.92	-0.035430902
6.32	-0.037705902
6.73	-0.063955902
7.2	-0.091430902
7.75	-0.054680902
8.32	-0.059055902
8.88	-0.070255902
9.52	-0.094580902
10.2	-0.058355902
10.93	-0.071830902
11.68	-0.062205902
12.52	-0.079355902
13.45	-0.041030902
14.43	-0.077430902
15.5	-0.083030902
16.65	-0.060280902
17.87	-0.064305902
19.2	-0.087055902
20.68	-0.044705902
22.23	-0.088105902
23.92	-0.044180902
25.73	-0.080405902
27.07	-0.057655902
27.13	-0.039280902
27.17	-0.047855902
27.2	-0.040330902
27.23	-0.056780902
27.28	-0.068505902
27.33	-0.083555902
27.38	-0.088455902
27.43	-0.044005902
27.48	-0.073055902
27.53	-0.068505902
27.57	-0.085130902
27.62	-0.077605902
27.65	-0.065705902
27.7	-0.083730902
27.73	-0.041380902
27.78	-0.058180902
27.83	-0.039455902
27.87	-0.065530902
27.92	-0.035080902
27.95	-0.053630902
28	-0.077255902
28.07	-0.092305902
28.12	-0.055555902
28.18	-0.076555902
28.23	-0.068505902
28.27	-0.075855902
28.32	-0.082155902
28.38	-0.066405902
28.45	-0.070955902
28.5	-0.088105902
28.57	-0.086705902
28.62	-0.065880902
28.67	-0.046105902
28.72	-0.052405902
28.77	-0.077430902
28.8	-0.070255902
28.85	-0.044005902
28.9	-0.064305902
28.95	-0.052755902
29.02	-0.060105902
29.08	-0.034205902
29.15	-0.094405902
29.22	-0.071305902
29.3	-0.081980902
29.38	-0.073230902
29.48	-0.081455902
29.58	-0.066930902
29.68	-0.067105902
29.8	-0.045230902
29.93	-0.064480902
30.07	-0.041030902
30.2	-0.067980902
30.37	-0.039630902
30.53	-0.074805902
30.72	-0.069380902
30.92	-0.089330902
31.12	-0.079530902
31.37	-0.064480902
31.6	-0.042255902
31.87	-0.060980902
32.15	-0.050830902
32.47	-0.052930902
32.8	-0.085130902
33.17	-0.092480902
33.58	-0.089505902
33.98	-0.078830902
34.45	-0.058530902
35.05	-0.046630902
35.57	-0.042605902
36.17	-0.049955902
36.8	-0.088980902
37.47	-0.047330902
38.18	-0.058355902
38.93	-0.059580902
39.82	-0.056605902
40.7	-0.052580902
41.67	-0.043830902
42.77	-0.058705902
43.9	-0.053280902
45.17	-0.068855902
46.48	-0.085655902
47.95	-0.066055902
49.52	-0.041205902
51.22	-0.072705902
53.02	-0.078305902
55.02	-0.066580902
57.18	-0.057130902
59.33	-0.068680902
61.92	-0.047855902
64.63	-0.063255902
67.47	-0.092830902
70.6	-0.051180902
74.03	-0.070780902
77.6	-0.062205902
81.57	-0.045055902
85.82	-0.034380902
90.3	-0.035430902
95.32	-0.064655902
100.75	-0.029830902
106.05	-0.048905902
111.4	-0.064305902
116.78	-0.061855902
122.03	-0.074455902
127.47	-0.041030902
132.82	-0.046805902
138.18	-0.058880902
143.55	-0.010405902
148.88	-0.061855902
154.17	-0.093530902
159.6	-0.062030902
164.95	-0.020380902
170.32	-0.060105902
175.68	-0.045580902
181.02	-0.022130902
186.3	-0.066405902
191.73	-0.022130902
197.05	-0.069730902
202.45	-0.020380902
207.78	-0.013905902
213.13	-0.019505902
218.42	-0.037355902
223.83	-0.021605902
229.18	-0.046805902
234.57	-0.067280902
239.93	-0.020905902
245.27	-0.021255902
250.55	-0.068330902
255.97	-0.074630902
261.33	-0.020380902
266.7	-0.061505902
272.03	-0.049255902
277.38	-0.021605902
282.68	-0.023705902
288.1	-0.089505902
293.47	-0.021080902
298.83	-0.059405902
304.17	-0.014605902
309.53	-0.021430902
314.82	-0.068855902
320.25	-0.068855902
325.58	-0.073580902
330.98	-0.017580902
336.32	-0.023880902
341.67	-0.059930902
346.93	-0.066405902
352.38	-0.017930902
357.72	-0.070780902
363.08	-0.015480902
368.43	-0.054680902
373.78	-0.074280902
379.07	-0.073755902
384.5	-0.050480902
389.88	-0.071130902
395.23	-0.049605902
400.58	-0.017230902
405.93	-0.070605902
411.22	-0.059055902
416.63	-0.011280902
422.05	-0.051880902
427.35	-0.034205902
432.72	-0.011280902
438.05	-0.018805902
443.35	-0.016180902
448.78	-0.012155902
454.15	-0.018980902
459.48	-0.014430902
464.83	-0.012155902
470.18	-0.077430902
475.47	-0.009530902
480.9	-0.052055902
486.25	-0.014430902
491.62	-0.006905902
496.98	-0.059230902
502.33	-0.041380902
507.6	-0.011630902
513.05	-0.008480902
518.38	-0.014255902
523.75	-0.015305902
529.1	-0.016005902
534.45	-0.009005902
539.73	-0.009180902
545.17	-0.013905902
550.52	-0.011805902
555.88	-0.010580902
561.2	-0.008830902
566.58	-0.003755902
571.87	-0.012855902
577.28	-0.069905902
582.65	-0.063255902
588.02	-0.017055902
593.38	-0.010580902
598.72	-0.009180902
604	-0.012505902
609.42	-0.072530902
614.77	-0.012505902
620.13	-0.003230902
625.47	-0.024755902
630.82	-0.013730902
636.13	-0.007080902
641.53	-0.014430902
646.9	-0.010405902
652.28	-0.007080902
657.6	-0.021780902
663	-0.010580902
668.25	-0.013730902
673.73	-0.006905902
679.05	-0.007255902
684.4	-0.022830902
689.75	-0.006205902
695.13	-0.030005902
700.38	-0.001305902
705.8	-0.006030902
711.18	-0.013205902
716.57	-0.022130902
721.95	-0.020555902
727.23	-0.009530902
732.53	-0.076905902
737.95	-0.014780902
743.33	-0.026680902
748.67	-0.011630902
754.02	-0.018805902
759.38	-0.007430902
764.65	-0.004805902
770.07	-0.035430902
770.2	-8.09018E-05
770.33	0.043669098
770.38	0.020219098
770.42	0.051894098
770.47	0.105269098
770.52	0.138169098
770.57	0.151819098
770.62	0.148669098
770.65	0.153219098
770.68	0.168094098
770.72	0.173519098
770.75	0.165119098
770.8	0.164069098
770.83	0.165819098
770.9	0.187519098
770.95	0.170369098
770.98	0.169669098
771.03	0.171419098
771.08	0.185769098
771.12	0.185244098
771.17	0.184019098
771.22	0.199594098
771.25	0.195219098
771.28	0.200294098
771.32	0.194344098
771.35	0.201344098
771.4	0.195569098
771.43	0.196444098
771.48	0.193819098
771.52	0.206769098
771.58	0.220594098
771.62	0.226019098
771.68	0.224794098
771.72	0.225494098
771.77	0.218319098
771.83	0.226544098
771.87	0.227244098
771.92	0.210269098
771.98	0.221119098
772.03	0.228994098
772.1	0.223919098
772.17	0.230394098
772.23	0.226369098
772.32	0.235294098
772.4	0.216394098
772.5	0.221644098
772.7	0.228644098
772.82	0.236694098
772.95	0.235469098
773.08	0.229344098
773.23	0.241069098
773.38	0.232669098
773.55	0.251394098
773.73	0.241594098
773.93	0.242819098
774.15	0.235119098
774.38	0.249819098
774.63	0.259794098
774.9	0.264694098
775.18	0.261719098
775.5	0.271519098
775.83	0.275544098
776.2	0.277994098
776.58	0.288319098
777.02	0.303194098
777.47	0.281319098
778.08	0.289719098
778.58	0.305819098
779.17	0.304944098
779.8	0.305644098
780.48	0.308094098
781.15	0.327169098
781.97	0.323144098
782.82	0.315269098
783.75	0.318244098
784.73	0.331894098
785.8	0.338719098
786.93	0.342569098
788.17	0.345019098
789.52	0.361994098
791.03	0.351319098
792.53	0.366194098
794.2	0.371794098
796.05	0.359719098
798.02	0.372669098
800.15	0.383344098
802.37	0.383344098
804.92	0.393669098
807.6	0.401719098
810.5	0.402769098
813.63	0.416244098
817	0.419044098
820.62	0.419919098
824.58	0.420794098
828.85	0.415194098
833.33	0.422019098
838.38	0.423769098
843.72	0.429544098
849.08	0.424119098
854.45	0.412219098
859.8	0.415894098
865.07	0.423594098
870.5	0.430594098
875.87	0.441794098
881.27	0.433744098
886.55	0.435319098
891.92	0.436894098
897.2	0.443019098
902.62	0.438644098
908.02	0.440044098
913.33	0.452119098
918.7	0.463844098
924.05	0.461044098
929.32	0.468569098
934.73	0.468569098
940.12	0.480819098
945.48	0.482219098
950.8	0.480819098
956.18	0.486944098
961.45	0.490794098
966.88	0.492544098
972.23	0.495519098
977.58	0.501469098
982.97	0.504969098
988.32	0.508819098
993.58	0.506019098
999.02	0.504444098
1004.38	0.508469098
1009.72	0.514594098
1015.08	0.509344098
1020.45	0.517394098
1025.7	0.514069098
1031.13	0.515644098
1036.48	0.517919098
1041.87	0.524569098
1047.2	0.525444098
1052.58	0.522819098
1057.83	0.528069098
1063.25	0.527369098
1068.62	0.539619098
1073.98	0.537869098
1079.33	0.535069098
1084.7	0.543644098
1089.95	0.537694098
1095.4	0.538044098
1100.73	0.536994098
1106.1	0.541719098
1111.43	0.547494098
1116.83	0.547669098
1122.08	0.538044098
1127.52	0.549769098
1132.88	0.550644098
1138.23	0.550294098
1143.58	0.544694098
1148.93	0.545044098
1154.23	0.555194098
1159.65	0.551169098
1165.03	0.550819098
1175.73	0.542769098
1181.07	0.543469098
1186.35	0.555894098
1191.78	0.557644098
1197.15	0.555894098
1202.48	0.560619098
1207.87	0.554844098
1213.18	0.569369098
1218.47	0.571294098
1223.98	0.571469098
1229.28	0.570944098
1234.65	0.571294098
1239.98	0.568844098
1245.35	0.576194098
1250.62	0.571119098
1256.05	0.570769098
1261.42	0.574794098
1266.78	0.577769098
1272.12	0.575494098
1277.48	0.576544098
1282.73	0.576194098
1288.2	0.573394098
1293.5	0.579169098
1298.87	0.581094098
1304.22	0.591594098
1309.58	0.581969098
1314.88	0.587919098
1320.3	0.585469098
1325.67	0.588444098
1331.02	0.584419098
1336.38	0.596319098
1341.73	0.593519098
1347	0.594744098
1352.45	0.597894098
1357.8	0.594044098
1363.12	0.599819098
1368.5	0.597894098
1373.85	0.602269098
1379.13	0.601744098
1384.57	0.602444098
1389.93	0.597894098
1395.27	0.599119098
1400.63	0.601569098
1406.02	0.607869098
1411.28	0.609969098
1416.68	0.598244098
1422.08	0.606994098
1427.42	0.601744098
1432.77	0.601569098
1438.12	0.605769098
1443.38	0.606294098
1448.85	0.597369098
1454.17	0.611369098
1459.52	0.603494098
1464.88	0.608044098
1470.23	0.606469098
1475.52	0.612594098
1480.95	0.607869098
1486.33	0.609619098
1491.63	0.612769098
1497.02	0.609794098
1502.35	0.613644098
1507.67	0.605069098
1513.07	0.616969098
1518.43	0.615394098
1523.77	0.614519098
1529.15	0.612069098
1534.48	0.615394098
1539.78	0.611194098
1545.22	0.611544098
1550.58	0.617494098
1555.9	0.616969098
1561.25	0.615744098
1566.63	0.609969098
1571.92	0.612419098
1577.35	0.612944098
1582.7	0.617144098
1588.05	0.615919098
1593.38	0.619594098
1598.77	0.615044098
1604.05	0.615744098
1609.5	0.621519098
1614.8	0.616619098
1620.18	0.616094098
1625.52	0.621169098
1630.88	0.624319098
1636.17	0.622219098
1641.62	0.626244098
1646.97	0.623969098
1652.3	0.621344098
1657.7	0.619419098
1663.02	0.618194098
1668.32	0.618544098
1673.73	0.626944098
1679.08	0.620119098
1684.42	0.628169098
1689.82	0.624669098
1695.13	0.618019098
1700.45	0.617144098
1705.87	0.624844098
1711.23	0.621519098
1716.55	0.625894098
1721.92	0.619244098
1727.3	0.626594098
1732.57	0.628694098
1738	0.627469098
1743.37	0.629919098
1748.72	0.622919098
1754.05	0.622569098
1759.42	0.627819098
1764.7	0.622744098
1770.13	0.623794098
1775.47	0.625544098
1780.85	0.622394098
1786.17	0.627644098
1791.53	0.627294098
1796.83	0.631494098
1802.25	0.627119098
1807.58	0.630969098
1812.95	0.630444098
1818.32	0.626944098
1823.65	0.630094098
1828.97	0.623619098
1834.4	0.629919098
1839.75	0.629569098
1845.08	0.626069098
1850.47	0.628869098
1855.8	0.632194098
1861.12	0.624319098
1866.53	0.628344098
1871.87	0.625544098
1877.22	0.629394098
1882.57	0.634294098
1887.93	0.627819098
1893.23	0.628869098
1898.67	0.626244098
1904	0.628344098
1909.37	0.640419098
1914.72	0.639194098
1920.08	0.640769098
1925.37	0.639544098
1930.8	0.637969098
1936.13	0.644969098
1941.5	0.637094098
1946.85	0.640944098
1952.22	0.638319098
1957.5	0.640944098
1962.92	0.637094098
1968.28	0.637969098
1973.62	0.635519098
1979	0.636919098
1984.33	0.637619098
1989.63	0.642519098
1995.07	0.636219098
2000.42	0.630619098
2005.77	0.635344098
2011.13	0.637444098
2016.48	0.642694098
2021.77	0.652319098
2027.2	0.644794098
2032.55	0.642519098
2037.88	0.639194098
2043.22	0.642869098
2048.6	0.638494098
2053.9	0.637269098
2059.32	0.638319098
2064.68	0.637969098
2070.03	0.644094098
2075.37	0.637794098
2080.73	0.645144098
2086.03	0.644269098
2091.45	0.644444098
2096.78	0.643919098
2102.17	0.643044098
2107.5	0.642169098
2112.87	0.645319098
2118.15	0.638844098
2123.57	0.642519098
2128.92	0.649519098
2134.27	0.648994098
2139.63	0.654769098
2144.97	0.660194098
2150.28	0.654944098
2155.72	0.653544098
2161.05	0.654244098
2166.4	0.661244098
2171.77	0.659144098
2177.12	0.653194098
2182.42	0.653719098
2187.83	0.654244098
2193.2	0.659844098
2198.53	0.654069098
2203.88	0.656519098
2209.27	0.652144098
2210.28	0.661769098
2210.37	0.736494098
2210.4	0.704644098
2210.43	0.714444098
2210.47	0.724419098
2210.5	0.748569098
2210.53	0.759769098
2210.58	0.765019098
2210.62	0.779544098
2210.65	0.787419098
2210.68	0.803344098
2210.73	0.798444098
2210.77	0.802294098
2210.8	0.798269098
2210.83	0.818219098
2210.87	0.824344098
2210.92	0.831344098
2210.95	0.822419098
2210.98	0.838869098
2211.02	0.846744098
2211.05	0.857069098
2211.1	0.856369098
2211.13	0.874219098
2211.17	0.877019098
2211.2	0.861444098
2211.23	0.879294098
2211.28	0.865994098
2211.32	0.883844098
2211.35	0.878244098
2211.38	0.893644098
2211.42	0.889794098
2211.45	0.905719098
2211.5	0.910444098
2211.55	0.910269098
2211.58	0.913944098
2211.63	0.898369098
2211.67	0.927419098
2211.7	0.925319098
2211.73	0.925844098
2211.77	0.916044098
2211.82	0.922694098
2211.85	0.929694098
2211.9	0.934069098
2211.95	0.937569098
2212	0.934944098
2212.07	0.918844098
2212.13	0.937569098
2212.2	0.944394098
2212.27	0.951219098
2212.35	0.970469098
2212.43	0.928469098
2212.53	0.967144098
2212.63	0.966269098
2212.73	0.969069098
2212.85	0.975894098
2212.98	0.968719098
2213.12	0.986919098
2213.25	1.000919098
2213.42	0.988494098
2213.58	0.981144098
2213.77	0.998644098
2213.97	0.997069098
2214.18	1.003194098
2214.4	1.012294098
2214.65	1.012469098
2214.92	1.013344098
2215.22	1.024544098
2215.53	1.026119098
2215.87	1.015619098
2216.23	1.035569098
2216.62	1.039069098
2217.05	1.040119098
2217.5	1.045194098
2218.07	1.054294098
2218.62	1.052544098
2219.18	1.050794098
2219.82	1.059194098
2220.48	1.063569098
2221.2	1.072144098
2222	1.073019098
2222.83	1.073544098
2223.72	1.082294098
2224.7	1.087194098
2225.77	1.091744098
2226.92	1.094019098
2228.17	1.087544098
2229.5	1.099619098
2230.98	1.105219098
2232.55	1.113794098
2234.2	1.113619098
2236.03	1.129544098
2238	1.134269098
2240.12	1.139694098
2242.38	1.135669098
2244.9	1.152469098
2247.58	1.155619098
2250.5	1.161744098
2253.65	1.168744098
2256.98	1.174694098
2260.65	1.178019098
2264.57	1.188694098
2268.82	1.205669098
2273.37	1.204269098
2278.37	1.205669098
2283.75	1.210569098
2289.1	1.217394098
2294.45	1.220019098
2299.82	1.228769098
2305.1	1.231919098
2310.5	1.236994098
2315.87	1.235594098
2321.23	1.239969098
2326.58	1.244869098
2331.93	1.252744098
2337.22	1.245394098
2342.65	1.255894098
2348	1.262369098
2353.35	1.264294098
2358.68	1.265694098
2364.07	1.258694098
2369.35	1.253969098
2374.78	1.274969098
2380.13	1.270419098
2385.48	1.265169098
2390.83	1.268669098
2396.2	1.271644098
2401.48	1.274269098
2406.9	1.286169098
2412.27	1.285819098
2417.62	1.293519098
2422.97	1.288444098
2428.33	1.275669098
2433.62	1.271644098
2439.03	1.280044098
2444.38	1.277944098
2449.72	1.291244098
2455.07	1.292469098
2460.43	1.292119098
2465.73	1.279169098
2471.13	1.303144098
2476.52	1.297369098
2481.92	1.282844098
2487.2	1.302444098
2492.58	1.287219098
2497.87	1.293519098
2503.3	1.309269098
2508.62	1.294044098
2514.02	1.323269098
2519.33	1.296319098
2524.72	1.327994098
2530	1.309269098
2535.43	1.307519098
2540.75	1.329569098
2546.12	1.308744098
2551.47	1.334644098
2556.82	1.330444098
2562.13	1.353894098
2567.53	1.343744098
2572.92	1.315919098
2578.23	1.346894098
2583.63	1.319769098
2588.95	1.323794098
2594.27	1.350744098
2599.67	1.325544098
2605.05	1.347244098
2610.37	1.349694098
2615.75	1.327119098
2621.08	1.328169098
2626.38	1.325719098
2631.82	1.352144098
2637.15	1.328694098
2642.5	1.367019098
2647.85	1.365094098
2653.23	1.367894098
2658.52	1.330619098
2663.95	1.352669098
2669.3	1.329919098
2674.67	1.351794098
2679.98	1.361419098
2685.37	1.335869098
2690.65	1.379444098
2696.07	1.359319098
2701.43	1.358094098
2706.78	1.371394098
2712.12	1.367019098
2717.47	1.365094098
2722.78	1.332194098
2728.18	1.372444098
2733.55	1.376994098
2738.88	1.382594098
2744.27	1.374894098
2749.6	1.367019098
2754.92	1.371044098
2760.33	1.346369098
2765.7	1.342869098
2771.02	1.347944098
2776.42	1.346194098
2781.73	1.347244098
2787.03	1.336744098
2792.45	1.352144098
2797.83	1.347419098
2803.15	1.349694098
2808.5	1.380144098
2813.9	1.355119098
2819.17	1.387494098
2824.6	1.382069098
2829.95	1.351794098
2835.3	1.360194098
2840.63	1.363344098
2846.02	1.403244098
2851.3	1.363344098
2856.73	1.398169098
2862.05	1.394494098
2867.47	1.363869098
2872.77	1.392569098
2878.13	1.394669098
2883.43	1.363869098
2888.85	1.365969098
2894.22	1.395369098
2899.53	1.365444098
2904.92	1.394319098
2910.28	1.398519098
2915.57	1.407094098
2921	1.392219098
2926.33	1.370869098
2931.67	1.369469098
2937.07	1.370694098
2942.38	1.403769098
2947.7	1.411469098
2953.13	1.403769098
2958.47	1.373669098
2963.8	1.375944098
2969.15	1.403594098
2974.53	1.404119098
2979.82	1.433869098
2985.25	1.381544098
2990.6	1.410594098
2995.97	1.381719098
3001.3	1.379794098
3006.67	1.379619098
3011.95	1.441044098
3017.38	1.381369098
3022.7	1.411994098
3028.08	1.383644098
3033.42	1.385569098
3038.77	1.415844098
3044.07	1.387844098
3049.5	1.417244098
3054.85	1.386094098
3060.18	1.420394098
3065.58	1.391169098
3070.9	1.393269098
3076.22	1.418294098
3081.63	1.423894098
3087	1.385919098
3092.32	1.445419098
3097.7	1.426169098
3103.03	1.427919098
3108.35	1.437369098
3113.77	1.430019098
3119.12	1.421444098
3124.43	1.424419098
3129.8	1.392569098
3135.15	1.434394098
3140.47	1.398169098
3145.9	1.454169098
3151.25	1.396419098
3156.6	1.399044098
3161.93	1.434744098
3167.32	1.435269098
3172.6	1.463619098
3178.02	1.397819098
3183.35	1.400619098
3188.73	1.457669098
3194.07	1.400969098
3199.42	1.431594098
3204.73	1.438944098
3210.15	1.432294098
3215.52	1.402369098
3220.83	1.442619098
3226.22	1.437019098
3231.55	1.408319098
3236.87	1.440344098
3242.28	1.438244098
3247.65	1.436844098
3252.97	1.402719098
3258.35	1.406044098
3263.68	1.451369098
3269	1.445769098
3274.42	1.406219098
3279.77	1.410594098
3285.12	1.444369098
3290.45	1.452594098
3295.8	1.444719098
3301.12	1.406219098
3306.55	1.414269098
3311.9	1.448219098
3317.27	1.413044098
3322.58	1.448394098
3327.97	1.412519098
3333.25	1.466944098
3338.67	1.415844098
3344	1.416019098
3349.38	1.448219098
3354.72	1.447694098
3360.1	1.416194098
3365.37	1.416894098
3370.8	1.416719098
3376.13	1.416544098
3381.48	1.447869098
3386.87	1.408844098
3392.2	1.416719098
3397.52	1.459769098
3402.95	1.453294098
3408.28	1.448044098
3413.62	1.418469098
3419	1.417769098
3424.32	1.418819098
3429.65	1.417769098
3435.08	1.417419098
3440.43	1.418994098
3445.75	1.423019098
3451.1	1.455569098
3456.45	1.422669098
3461.77	1.461169098
3467.2	1.454694098
3472.55	1.420744098
3477.9	1.454694098
3483.23	1.451369098
3488.62	1.453469098
3493.9	1.462219098
3499.32	1.420394098
3504.65	1.421969098
3510.05	1.424419098
3515.38	1.458544098
3520.75	1.422319098
3526.03	1.451544098
3531.47	1.429144098
3536.82	1.465894098
3542.17	1.460819098
3547.52	1.418119098
3552.87	1.466244098
3558.17	1.430719098
3563.58	1.429844098
3568.95	1.429669098
3574.27	1.432994098
3579.65	1.466419098
3584.98	1.433869098
3590.3	1.432644098
3595.72	1.467294098
3601.07	1.434044098
3606.4	1.433694098
3611.75	1.464844098
3617.12	1.466594098
3620.37	1.433694098
3620.5	1.477969098
3620.53	1.514019098
3620.57	1.507544098
3620.6	1.595219098
3620.63	1.618319098
3620.67	1.647019098
3620.7	1.736969098
3620.73	1.778794098
3620.77	1.808019098
3620.8	1.824819098
3620.83	1.851769098
3620.87	1.878369098
3620.9	1.897094098
3620.93	1.904794098
3620.97	1.918969098
3621.02	1.939269098
3621.05	1.965344098
3621.08	1.964994098
3621.12	1.996319098
3621.15	2.014169098
3621.18	2.024669098
3621.23	2.037444098
3621.27	2.064744098
3621.3	2.076644098
3621.33	2.083119098
3621.37	2.102194098
3621.4	2.124594098
3621.45	2.127044098
3621.5	2.143669098
3621.53	2.152769098
3621.55	2.176044098
3621.58	2.177619098
3621.6	2.177444098
3621.63	2.193019098
3621.67	2.210169098
3621.7	2.217694098
3621.73	2.237644098
3621.77	2.247444098
3621.82	2.263369098
3621.85	2.268619098
3621.9	2.281919098
3621.95	2.311494098
3622	2.313594098
3622.07	2.328294098
3622.13	2.345619098
3622.2	2.351394098
3622.27	2.373794098
3622.37	2.381319098
3622.43	2.400219098
3622.53	2.424894098
3622.63	2.443619098
3622.75	2.456744098
3622.87	2.461994098
3622.98	2.490519098
3623.12	2.496469098
3623.27	2.524119098
3623.42	2.527269098
3623.6	2.550369098
3623.77	2.558244098
3623.97	2.574694098
3624.18	2.582569098
3624.42	2.608644098
3624.67	2.642594098
3624.93	2.627719098
3625.22	2.650994098
3625.53	2.648019098
3625.87	2.712244098
3626.23	2.646269098
3626.62	2.645744098
3627.05	2.713994098
3627.5	2.776644098
3628.08	2.782419098
3628.63	2.792569098
3629.18	2.805694098
3629.8	2.817594098
3630.48	2.819344098
3631.2	2.837719098
3631.97	2.852419098
3632.8	2.843144098
3633.72	2.865194098
3634.7	2.882869098
3635.77	2.886019098
3636.92	2.889869098
3638.18	2.899494098
3639.53	2.905794098
3640.98	2.925044098
3642.52	2.928894098
3644.22	2.932219098
3646.03	2.957769098
3648.03	2.962844098
3650.17	2.952344098
3652.4	2.956019098
3654.93	2.964244098
3657.6	2.969319098
3660.52	2.979294098
3663.65	2.986819098
3667.02	2.995919098
3670.67	3.005019098
3674.57	3.005894098
3678.85	3.018844098
3683.37	3.022169098
3688.37	3.037919098
3693.77	3.043869098
3699.1	3.041069098
3704.43	3.049819098
3709.82	3.049119098
3715.1	3.054369098
3720.53	3.055419098
3725.85	3.065569098
3731.23	3.074144098
3736.57	3.078169098
3741.95	3.070994098
3747.23	3.073444098
3752.63	3.075544098
3757.98	3.083944098
3763.33	3.088844098
3768.7	3.088319098
3774.05	3.100044098
3779.37	3.091119098
3784.77	3.103719098
3790.15	3.092169098
3795.47	3.113344098
3800.85	3.106344098
3806.18	3.103544098
3811.5	3.106519098
3816.92	3.121044098
3822.27	3.108619098
3827.63	3.111244098
3832.95	3.107569098
3838.35	3.132769098
3843.63	3.122619098
3849.07	3.128569098
3854.4	3.131894098
3859.75	3.119294098
3865.1	3.130494098
3870.47	3.131544098
3875.75	3.146769098
3881.18	3.142219098
3886.53	3.141344098
3891.88	3.135569098
3897.23	3.143444098
3902.6	3.136444098
3907.88	3.147994098
3913.3	3.143619098
3918.63	3.153769098
3923.98	3.155344098
3929.38	3.156044098
3934.75	3.146419098
3940.02	3.142219098
3945.45	3.145369098
3950.8	3.146244098
3956.12	3.151144098
3961.5	3.168119098
3966.87	3.151669098
3972.15	3.165669098
3977.55	3.171444098
3982.92	3.162169098
3988.25	3.158669098
3993.62	3.170919098
3998.97	3.169169098
4004.27	3.160769098
4009.68	3.169169098
4015.03	3.171969098
4020.4	3.171269098
4025.73	3.175294098
4031.1	3.178269098
4036.4	3.174244098
4041.82	3.181069098
4047.17	3.180369098
4052.52	3.187019098
4057.87	3.185969098
4063.23	3.173019098
4068.52	3.176869098
4073.93	3.185969098
4079.28	3.188944098
4084.63	3.194019098
4089.98	3.191919098
4095.35	3.195944098
4100.65	3.181069098
4106.07	3.194369098
4111.42	3.194894098
4116.77	3.194194098
4122.13	3.192269098
4127.48	3.196294098
4132.78	3.196469098
4138.2	3.188944098
4143.55	3.188944098
4148.9	3.196994098
4154.27	3.194194098
4159.6	3.204169098
4164.92	3.202769098
4170.33	3.187019098
4175.67	3.199094098
4181.05	3.199094098
4186.38	3.202419098
4191.75	3.201019098
4197.05	3.202419098
4202.47	3.212219098
4207.8	3.196644098
4213.17	3.201019098
4218.52	3.202419098
4223.9	3.202769098
4229.18	3.215719098
4234.6	3.213269098
4239.97	3.206969098
4245.32	3.214494098
4250.63	3.205919098
4256	3.216944098
4261.3	3.216594098
4266.73	3.223244098
4272.1	3.217819098
4277.42	3.225344098
4282.78	3.213444098
4288.12	3.215719098
4293.43	3.222544098
4298.88	3.220094098
4304.22	3.214844098
4309.55	3.230594098
4314.95	3.221669098
4320.25	3.229719098
4325.57	3.224294098
4331	3.232169098
4336.32	3.235669098
4341.67	3.233744098
4347.03	3.218344098
4352.42	3.219744098
4357.7	3.232344098
4363.12	3.232344098
4368.45	3.223769098
4373.82	3.220444098
4379.17	3.220794098
4384.53	3.227444098
4389.82	3.215019098
4395.25	3.231819098
4400.57	3.243194098
4405.92	3.240219098
4411.28	3.241619098
4416.63	3.239519098
4421.93	3.242669098
4427.37	3.233394098
4432.73	3.246519098
4438.08	3.226394098
4443.43	3.246344098
4448.78	3.246344098
4454.08	3.267169098
4459.5	3.273819098
4464.85	3.278894098
4470.18	3.279944098
4475.57	3.271019098
4480.9	3.260344098
4486.22	3.284669098
4491.67	3.270494098
4496.97	3.277844098
4502.32	3.266119098
4507.67	3.273819098
4513.05	3.268219098
4518.33	3.273819098
4523.77	3.272069098
4529.1	3.268044098
4534.47	3.280644098
4539.8	3.269969098
4545.18	3.266994098
4550.47	3.282044098
4555.9	3.272069098
4561.22	3.264894098
4566.6	3.269444098
4571.93	3.280119098
4577.28	3.275044098
4582.6	3.273994098
4588.03	3.276094098
4593.4	3.277144098
4598.72	3.267694098
4604.1	3.283619098
4609.42	3.267344098
4614.75	3.284844098
4620.2	3.274344098
4625.52	3.268569098
4630.85	3.282744098
4636.23	3.280644098
4641.55	3.282394098
4646.87	3.257719098
4652.27	3.282569098
4657.62	3.280469098
4662.97	3.279944098
4668.33	3.285544098
4673.68	3.271194098
4678.98	3.255444098
4684.42	3.283794098
4689.75	3.273119098
4695.13	3.270144098
4700.45	3.272769098
4705.83	3.266644098
4711.12	3.267519098
4716.55	3.276269098
4721.88	3.285544098
4727.25	3.271894098
4732.58	3.286419098
4737.93	3.268744098
4743.25	3.274694098
4748.67	3.275744098
4754	3.274169098
4759.37	3.274519098
4764.73	3.271719098
4770.07	3.275919098
4775.38	3.259294098
4780.82	3.277494098
4786.17	3.282044098
4791.48	3.266294098
4796.87	3.276969098
4802.2	3.286594098
4807.52	3.271544098
4812.92	3.282744098
4818.27	3.273294098
4823.63	3.275394098
4828.98	3.271894098
4834.33	3.276444098
4839.65	3.282569098
4845.1	3.268569098
4850.42	3.272944098
4855.77	3.287119098
4861.12	3.288694098
4866.47	3.280469098
4871.78	3.276969098
4877.2	3.276269098
4882.57	3.287994098
4887.9	3.277319098
4893.28	3.280119098
4898.6	3.291144098
4903.92	3.275394098
4909.3	3.293244098
4914.67	3.284319098
4920.02	3.290969098
4925.37	3.280294098
4930.73	3.277144098
4936.03	3.263494098
4941.45	3.279419098
4946.78	3.291844098
4952.17	3.283094098
4957.5	3.270494098
4962.88	3.281694098
4968.17	3.286069098
4973.6	3.275919098
4978.92	3.277844098
4984.3	3.280644098
4989.63	3.272594098
4995.02	3.279769098
5000.3	3.282044098
5005.72	3.281169098
5011.05	3.279419098
5016.4	3.288519098
5021.78	3.277844098
5027.12	3.286769098
5032.45	3.283794098
5037.85	3.281344098
5043.22	3.286944098
5048.57	3.281169098
5053.93	3.291669098
5059.25	3.283094098
5060.43	3.285019098
5060.5	3.351344098
5060.53	3.311444098
5060.58	3.356419098
5060.6	3.391769098
5060.63	3.428169098
5060.65	3.493094098
5060.67	3.562394098
5060.7	3.596519098
5060.72	3.631169098
5060.75	3.657419098
5060.77	3.697844098
5060.8	3.735644098
5060.82	3.758394098
5060.83	3.786919098
5060.87	3.803894098
5060.88	3.778344098
5060.92	3.787619098
5060.93	3.816844098
5060.97	3.924994098
5060.98	3.951244098
5061.02	3.987294098
5061.03	4.002694098
5061.07	4.020019098
5061.08	4.040494098
5061.12	4.056244098
5061.13	4.068669098
5061.17	4.084769098
5061.2	4.101569098
5061.22	4.117144098
5061.23	4.120469098
5061.27	4.123444098
5061.28	4.142344098
5061.32	4.162469098
5061.33	4.161944098
5061.35	4.180844098
5061.38	4.186794098
5061.4	4.196944098
5061.43	4.194144098
5061.45	4.202544098
5061.48	4.204294098
5061.5	4.208494098
5061.53	4.243669098
5061.55	4.230194098
5061.57	4.261169098
5061.6	4.242619098
5061.62	4.323469098
5061.65	4.333094098
5061.68	4.357419098
5061.72	4.366869098
5061.75	4.369144098
5061.78	4.398894098
5061.83	4.425669098
5061.87	4.441244098
5061.92	4.452794098
5061.97	4.466969098
5062.03	4.493569098
5062.08	4.498119098
5062.15	4.526469098
5062.22	4.549744098
5062.3	4.564794098
5062.37	4.580894098
5062.47	4.607494098
5062.55	4.634444098
5062.65	4.652994098
5062.75	4.673819098
5062.87	4.697269098
5063	4.720544098
5063.13	4.732969098
5063.28	4.759044098
5063.43	4.782669098
5063.62	4.803494098
5063.78	4.835169098
5063.98	4.852669098
5064.2	4.890294098
5064.43	4.910419098
5064.68	4.933869098
5064.95	4.962219098
5065.23	4.987769098
5065.55	5.024519098
5065.9	5.049894098
5066.25	5.075269098
5066.63	5.114469098
5067.07	5.131619098
5067.52	5.164519098
5068.08	5.194794098
5068.63	5.222619098
5069.17	5.236269098
5069.78	5.268644098
5070.45	5.291919098
5071.18	5.309594098
5072.02	5.329369098
5072.85	5.354919098
5073.75	5.370319098
5074.73	5.387644098
5075.77	5.402869098
5076.93	5.431569098
5078.17	5.438219098
5079.52	5.453794098
5080.97	5.446969098
5082.55	5.463069098
5084.23	5.469894098
5086.03	5.477419098
5088.02	5.483894098
5090.15	5.486344098
5092.4	5.490544098
5094.95	5.500169098
5097.63	5.507869098
5100.48	5.512944098
5103.65	5.508219098
5106.98	5.514694098
5110.65	5.520119098
5114.6	5.521344098
5118.82	5.525544098
5123.38	5.526069098
5128.38	5.525544098
5133.8	5.531319098
5139.08	5.532544098
5144.48	5.535869098
5149.8	5.534994098
5155.12	5.537269098
5160.5	5.530619098
5165.88	5.534294098
5171.22	5.536569098
5176.57	5.533769098
5181.93	5.534994098
5187.25	5.541294098
5192.63	5.534294098
5198	5.537269098
5203.38	5.537444098
5208.7	5.541294098
5214.08	5.541819098
5219.37	5.545319098
5224.8	5.542869098
5230.15	5.550744098
5235.5	5.546719098
5240.83	5.540944098
5246.22	5.548819098
5251.5	5.552494098
5256.93	5.552144098
5262.25	5.544794098
5267.62	5.547769098
5272.97	5.552844098
5278.32	5.550044098
5283.65	5.547244098
5289.05	5.554069098
5294.42	5.553194098
5299.75	5.552844098
5305.13	5.554244098
5310.45	5.551269098
5315.77	5.553894098
5321.18	5.551619098
5326.53	5.551444098
5331.87	5.551094098
5337.22	5.549519098
5342.58	5.555469098
5347.9	5.553894098
5353.3	5.552669098
5358.68	5.550744098
5364.02	5.555469098
5369.35	5.562469098
5374.73	5.559844098
5380.02	5.559669098
5385.43	5.556169098
5390.8	5.556519098
5396.17	5.555119098
5401.48	5.558619098
5406.87	5.555294098
5412.15	5.557744098
5417.58	5.557569098
5422.9	5.564044098
5428.25	5.558619098
5433.62	5.558094098
5438.97	5.558444098
5444.28	5.560544098
5449.7	5.565094098
5455.05	5.559669098
5460.4	5.553544098
5465.77	5.563694098
5471.1	5.563869098
5476.42	5.566669098
5481.83	5.566144098
5487.2	5.564394098
5492.52	5.560194098
5497.9	5.574194098
5503.22	5.568419098
5508.53	5.577869098
5513.97	5.562994098
5519.32	5.562469098
5524.68	5.569819098
5530	5.569819098
5535.38	5.568244098
5540.67	5.565969098
5546.08	5.562994098
5551.42	5.566669098
5556.78	5.564744098
5562.13	5.569644098
5567.52	5.569294098
5572.8	5.576994098
5578.23	5.571394098
5583.55	5.568769098
5588.9	5.563869098
5594.27	5.569119098
5599.65	5.572794098
5604.93	5.567019098
5610.35	5.572794098
5615.72	5.570344098
5621.2	5.569819098
5626.42	5.569469098
5631.77	5.571744098
5637.07	5.567194098
5642.48	5.572969098
5647.83	5.571044098
5653.2	5.572269098
5658.55	5.570694098
5663.92	5.579444098
5669.2	5.576994098
5674.62	5.579444098
5679.97	5.576644098
5685.33	5.573844098
5690.72	5.574894098
5696.05	5.574369098
5701.33	5.572969098
5706.75	5.579269098
5712.12	5.575769098
5717.47	5.574019098
5722.8	5.586794098
5728.17	5.576819098
5733.47	5.574894098
5738.88	5.572969098
5744.22	5.572969098
5749.57	5.570519098
5754.92	5.575944098
5760.27	5.578744098
5765.58	5.576469098
5771	5.573669098
5776.37	5.578044098
5781.68	5.575769098
5787.07	5.572444098
5792.4	5.583469098
5797.72	5.579444098
5803.13	5.588019098
5808.5	5.586444098
5813.83	5.581894098
5819.2	5.589244098
5824.53	5.583819098
5829.85	5.580144098
5835.27	5.581019098
5840.6	5.586619098
5845.95	5.583294098
5851.32	5.575944098
5856.7	5.587319098
5861.98	5.583294098
5867.42	5.585744098
5872.73	5.583294098
5878.12	5.586619098
5883.43	5.588194098
5888.83	5.582594098
5894.1	5.594494098
5899.53	5.585394098
5904.87	5.584519098
5910.25	5.589769098
5915.58	5.587844098
5920.93	5.589244098
5926.23	5.597469098
5931.68	5.588019098
5937	5.588894098
5942.35	5.590119098
5947.73	5.594144098
5953.07	5.599044098
5958.38	5.601494098
5963.8	5.602019098
5969.15	5.585394098
5974.5	5.602544098
5979.85	5.603419098
5985.2	5.588019098
5990.52	5.603069098
5995.93	5.585744098
6001.25	5.597819098
6006.6	5.596944098
6011.97	5.595719098
6017.32	5.596769098
6022.63	5.592569098
6028.08	5.607444098
6033.38	5.596769098
6038.77	5.604294098
6044.1	5.600969098
6049.47	5.599044098
6050.52	5.607269098
6050.58	5.599044098
6050.62	5.588019098
6050.65	5.612169098
6050.68	5.677444098
6050.72	5.705619098
6050.75	5.838444098
6050.78	5.887619098
6050.82	5.910194098
6050.85	5.972144098
6050.88	6.001894098
6050.92	6.010644098
6050.95	6.027269098
6050.98	6.046694098
6051	6.105669098
6051.03	6.100594098
6051.07	6.148194098
6051.1	6.158869098
6051.13	6.181444098
6051.17	6.186344098
6051.2	6.195269098
6051.22	6.223094098
6051.23	6.218369098
6051.27	6.224494098
6051.28	6.242169098
6051.32	6.233594098
6051.33	6.267194098
6051.37	6.276994098
6051.38	6.275069098
6051.42	6.278219098
6051.43	6.290119098
6051.47	6.290994098
6051.48	6.297644098
6051.52	6.303944098
6051.53	6.305869098
6051.57	6.318294098
6051.58	6.313919098
6051.6	6.328794098
6051.63	6.308144098
6051.65	6.387244098
6051.68	6.398444098
6051.7	6.400194098
6051.73	6.391444098
6051.77	6.408769098
6051.8	6.419444098
6051.83	6.419619098
6051.87	6.437819098
6051.9	6.444119098
6051.95	6.436069098
6052	6.446044098
6052.05	6.458294098
6052.1	6.469144098
6052.17	6.454094098
6052.22	6.482444098
6052.28	6.516394098
6052.37	6.521994098
6052.45	6.523569098
6052.53	6.544044098
6052.62	6.569944098
6052.72	6.583244098
6052.83	6.599519098
6052.95	6.612644098
6053.07	6.596369098
6053.2	6.634519098
6053.35	6.657444098
6053.5	6.675644098
6053.68	6.684044098
6053.87	6.692444098
6054.05	6.694194098
6054.28	6.762444098
6054.5	6.788869098
6054.75	6.814769098
6055.02	6.813894098
6055.32	6.856594098
6055.63	6.871994098
6055.97	6.871119098
6056.33	6.888794098
6056.72	6.915569098
6057.15	6.921869098
6057.62	6.950394098
6058.17	6.969469098
6058.68	7.001144098
6059.27	7.013569098
6059.9	7.021269098
6060.57	7.055394098
6061.3	7.079369098
6062.05	7.111394098
6062.88	7.151644098
6063.8	7.163194098
6064.8	7.181919098
6065.85	7.197144098
6067	7.216394098
6068.28	7.226019098
6069.62	7.254544098
6071.08	7.270119098
6072.6	7.283069098
6074.3	7.270469098
6076.12	7.282019098
6078.13	7.296019098
6080.23	7.300569098
6082.48	7.299519098
6085	7.377394098
6087.68	7.462269098
6090.62	7.473644098
6093.72	7.476444098
6097.07	7.496744098
6100.75	7.505669098
6104.65	7.522994098
6108.93	7.527894098
6113.45	7.518094098
6118.5	7.551169098
6123.83	7.526494098
6129.2	7.524569098
6134.52	7.552219098
6139.92	7.532969098
6145.18	7.552744098
6150.62	7.553094098
6155.98	7.536819098
6161.35	7.555194098
6166.65	7.554494098
6172.02	7.555544098
6177.32	7.529994098
6182.72	7.529119098
6188.12	7.532794098
6193.43	7.560094098
6198.82	7.559044098
6204.15	7.530519098
6209.47	7.532269098
6214.85	7.559394098
6220.23	7.532619098
6225.55	7.553969098
6230.93	7.530869098
6236.28	7.534544098
6241.58	7.534194098
6246.98	7.536294098
6252.37	7.534369098
6257.68	7.529819098
6263.05	7.532794098
6268.42	7.554844098
6273.72	7.538219098
6279.15	7.534369098
6284.5	7.559744098
6289.83	7.559744098
6295.18	7.558344098
6300.55	7.531919098
6305.85	7.550994098
6311.27	7.537519098
6316.6	7.533844098
6322	7.543644098
6327.3	7.530519098
6332.68	7.555019098
6337.97	7.543119098
6343.37	7.559394098
6348.72	7.556419098
6354.08	7.536819098
6359.43	7.537869098
6364.8	7.553269098
6370.12	7.552394098
6375.52	7.551694098
6380.88	7.556419098
6386.22	7.537519098
6391.58	7.541019098
6396.92	7.554844098
6402.25	7.556419098
6407.63	7.535769098
6413	7.557994098
6418.33	7.534719098
6423.7	7.539969098
6429.05	7.542419098
6434.37	7.560794098
6439.75	7.537519098
6445.13	7.562719098
6450.5	7.539444098
6455.85	7.539619098
6461.2	7.537169098
6466.5	7.536119098
6471.93	7.533844098
6477.25	7.553094098
6482.63	7.534894098
6487.97	7.540494098
6493.33	7.553094098
6498.63	7.559919098
6504.03	7.561494098
6509.38	7.536994098
6514.73	7.556244098
6520.08	7.558344098
6525.43	7.541719098
6530.75	7.563244098
6536.15	7.545919098
6541.53	7.545219098
6546.87	7.546619098
6552.25	7.539794098
6557.58	7.567969098
6562.9	7.545744098
6568.28	7.541544098
6573.68	7.557119098
6579	7.539969098
6584.38	7.536119098
6589.73	7.540669098
6595.02	7.543644098
6600.42	7.538919098
6605.78	7.553619098
6611.15	7.558344098
6616.48	7.551694098
6621.87	7.536644098
6627.15	7.540319098
6632.58	7.555719098
6637.93	7.565694098
6643.28	7.570769098
6648.62	7.552394098
6654	7.541019098
6659.28	7.535944098
6664.7	7.543294098
6670.03	7.540319098
6675.4	7.544694098
6680.75	7.540144098
6686.13	7.554669098
6691.43	7.565519098
6696.83	7.541719098
6702.2	7.546794098
6707.55	7.560444098
6712.9	7.556944098
6718.27	7.557994098
6723.57	7.562544098
6728.97	7.568319098
6734.33	7.541544098
6739.68	7.560794098
6745.03	7.538919098
6750.4	7.540319098
6755.68	7.559569098
6761.12	7.558519098
6766.47	7.559394098
6770.58	7.558169098
6770.65	7.515644098
6770.67	7.531394098
6770.68	7.539619098
6770.72	7.527194098
6770.73	7.543644098
6770.77	7.570419098
6770.78	7.585294098
6770.8	7.593694098
6770.83	7.611019098
6770.85	7.611194098
6770.87	7.632019098
6770.9	7.636919098
6770.92	7.636569098
6770.95	7.645319098
6770.98	7.664394098
6771	7.678569098
6771.02	7.669294098
6771.05	7.683469098
6771.07	7.682944098
6771.1	7.691169098
6771.12	7.693619098
6771.15	7.701669098
6771.17	7.701494098
6771.18	7.713044098
6771.22	7.726169098
6771.23	7.726344098
6771.27	7.733694098
6771.28	7.744369098
6771.3	7.733869098
6771.33	7.735794098
6771.35	7.749444098
6771.38	7.755569098
6771.4	7.759244098
6771.43	7.769044098
6771.45	7.763444098
6771.48	7.769569098
6771.5	7.773769098
6771.53	7.777094098
6771.55	7.763794098
6771.57	7.779369098
6771.6	7.777444098
6771.62	7.786369098
6771.65	7.791794098
6771.67	7.793019098
6771.7	7.797744098
6771.73	7.805269098
6771.75	7.800894098
6771.78	7.804919098
6771.8	7.805269098
6771.83	7.770619098
6771.87	7.815244098
6771.9	7.814369098
6771.93	7.815069098
6771.98	7.819444098
6772.02	7.825219098
6772.07	7.817169098
6772.12	7.837644098
6772.18	7.830469098
6772.23	7.843769098
6772.3	7.856369098
6772.37	7.840094098
6772.43	7.840619098
6772.52	7.858819098
6772.6	7.847094098
6772.7	7.849019098
6772.8	7.866869098
6772.9	7.867044098
6773.02	7.899944098
6773.15	7.937219098
6773.28	7.911144098
6773.43	7.933544098
6773.58	7.961894098
6773.75	7.974669098
6773.93	7.981494098
6774.13	7.982719098
6774.35	7.998469098
6774.58	7.984294098
6774.82	8.027869098
6775.1	8.032244098
6775.38	8.047469098
6775.68	8.061119098
6776.02	8.123594098
6776.38	8.071794098
6776.78	8.088594098
6777.2	8.088069098
6777.65	8.128144098
6778.2	8.103294098
6778.73	8.157544098
6779.3	8.150369098
6779.93	8.167694098
6780.62	8.162094098
6781.33	8.195694098
6782.13	8.191494098
6782.98	8.188519098
6783.92	8.215994098
6784.88	8.217394098
6785.92	8.226669098
6787.08	8.253269098
6788.32	8.265344098
6789.65	8.260444098
6791.1	8.282494098
6792.7	8.305244098
6794.4	8.323094098
6796.2	8.340769098
6798.18	8.349869098
6800.28	8.361944098
6802.55	8.363519098
6805.08	8.384694098
6807.75	8.381894098
6810.63	8.398694098
6813.78	8.419869098
6817.13	8.427744098
6820.78	8.441219098
6824.75	8.449444098
6828.98	8.459244098
6833.53	8.457144098
6838.52	8.465019098
6843.9	8.477269098
6849.23	8.482519098
6854.62	8.486544098
6859.97	8.516469098
6865.27	8.509994098
6870.65	8.510519098
6876.03	8.515419098
6881.37	8.514544098
6886.72	8.521719098
6892.12	8.518219098
6897.4	8.540094098
6902.78	8.526619098
6908.13	8.528894098
6913.52	8.532744098
6918.85	8.537644098
6924.23	8.538694098
6929.52	8.541669098
6934.95	8.548494098
6940.27	8.542369098
6945.63	8.551119098
6950.98	8.546744098
6956.35	8.546219098
6961.67	8.552344098
6967.03	8.551994098
6972.4	8.550244098
6977.75	8.547619098
6983.1	8.546569098
6988.48	8.558994098
6993.78	8.565994098
6999.2	8.554969098
7004.55	8.555494098
7009.9	8.563194098
7015.27	8.552519098
7020.63	8.553569098
7025.92	8.557769098
7031.33	8.562319098
7036.7	8.549894098
7042.02	8.558294098
7047.4	8.562844098
7052.73	8.560919098
7058.05	8.547269098
7063.43	8.558819098
7068.8	8.555669098
7074.17	8.553044098
7079.5	8.559519098
7084.88	8.563719098
7090.18	8.550594098
7095.62	8.562669098
7100.93	8.554269098
7106.3	8.560569098
7111.63	8.559869098
7117.03	8.552344098
7122.32	8.552869098
7127.73	8.554969098
7133.07	8.554619098
7138.42	8.556719098
7143.77	8.554969098
7149.15	8.561269098
7154.43	8.562669098
7159.83	8.559344098
7165.22	8.550769098
7170.55	8.564944098
7175.93	8.554794098
7181.28	8.557594098
7186.58	8.556369098
7191.97	8.555144098
7197.35	8.556719098
7202.7	8.563369098
7208.05	8.560044098
7213.38	8.561794098
7218.7	8.564769098
7224.08	8.562844098
7229.45	8.563894098
7234.8	8.564944098
7240.17	8.564944098
7245.53	8.564244098
7250.82	8.563894098
7256.23	8.558119098
7261.57	8.555669098
7266.95	8.559169098
7272.28	8.560744098
7277.65	8.556019098
7282.95	8.561794098
7288.37	8.565469098
7293.72	8.560744098
7299.05	8.561444098
7304.42	8.554969098
7309.8	8.566869098
7315.08	8.558469098
7320.48	8.561094098
7325.85	8.564594098
7331.22	8.554794098
7336.58	8.557419098
7341.93	8.559344098
7347.23	8.557419098
7352.62	8.555319098
7358	8.556544098
7363.32	8.558994098
7368.7	8.565819098
7374.03	8.558994098
7379.35	8.567569098
7384.73	8.566169098
7390.13	8.556019098
7395.48	8.558294098
7400.83	8.553744098
7406.2	8.565469098
7411.48	8.557069098
7416.9	8.558469098
7422.23	8.554094098
7427.62	8.563719098
7432.97	8.559869098
7438.32	8.566169098
7443.62	8.566169098
7449.02	8.566869098
7454.35	8.558819098
7459.73	8.556894098
7465.1	8.555669098
7470.45	8.559694098
7475.75	8.562319098
7481.13	8.562669098
7486.5	8.560219098
7491.85	8.561619098
7497.22	8.560744098
7502.6	8.561094098
7507.88	8.560394098
7513.27	8.567044098
7518.65	8.563194098
7523.98	8.563369098
7529.35	8.562319098
7534.68	8.566694098
7540.02	8.560569098
7545.4	8.567219098
7550.75	8.567044098
7556.1	8.567044098
7561.48	8.559344098
7566.82	8.565819098
7572.13	8.563894098
7577.55	8.561794098
7582.88	8.556194098
7588.28	8.566519098
7593.62	8.557944098
7598.97	8.560394098
7604.27	8.567219098
7609.68	8.558644098
7615.03	8.564419098
7620.38	8.556894098
7625.73	8.564594098
7631.1	8.555494098
7636.4	8.558469098
7641.78	8.563719098
7647.13	8.564944098
7652.5	8.559169098
7657.9	8.560044098
7663.23	8.565994098
7668.53	8.557594098
7673.92	8.565469098
7679.32	8.561094098
7684.62	8.567569098
7690.02	8.555494098
7695.37	8.564594098
7700.67	8.566869098
7706.05	8.556719098
7711.42	8.565119098
7716.75	8.559169098
7722.15	8.553569098
7727.47	8.556544098
7730.67	8.562144098
7730.73	8.548494098
7730.75	8.547269098
7730.8	8.543769098
7730.83	8.541669098
7730.85	8.569319098
7730.88	8.564419098
7730.92	8.598544098
7730.95	8.604669098
7730.98	8.619544098
7731.02	8.622869098
7731.05	8.618494098
7731.08	8.634244098
7731.12	8.646144098
7731.15	8.648244098
7731.18	8.638269098
7731.22	8.640369098
7731.25	8.653319098
7731.28	8.653144098
7731.32	8.671694098
7731.35	8.674319098
7731.38	8.674669098
7731.43	8.687619098
7731.47	8.685694098
7731.5	8.690244098
7731.52	8.692869098
7731.55	8.698294098
7731.57	8.712819098
7731.58	8.710019098
7731.62	8.707569098
7731.63	8.709494098
7731.67	8.709844098
7731.68	8.708444098
7731.7	8.711594098
7731.73	8.716494098
7731.75	8.721219098
7731.78	8.717894098
7731.8	8.719819098
7731.83	8.731894098
7731.85	8.723669098
7731.88	8.736444098
7731.92	8.738019098
7731.95	8.743444098
7731.98	8.740469098
7732.02	8.749569098
7732.07	8.750094098
7732.1	8.752194098
7732.15	8.752369098
7732.2	8.758494098
7732.27	8.757794098
7732.32	8.766194098
7732.38	8.754294098
7732.45	8.776694098
7732.52	8.783869098
7732.6	8.776344098
7732.68	8.785269098
7732.78	8.786494098
7732.88	8.801194098
7732.98	8.802069098
7733.1	8.819044098
7733.23	8.809594098
7733.37	8.820269098
7733.52	8.818519098
7733.67	8.826919098
7733.83	8.828319098
7734.02	8.832694098
7734.22	8.831819098
7734.43	8.834619098
7734.67	8.854219098
7734.92	8.849144098
7735.18	8.860169098
7735.47	8.862969098
7735.78	8.876969098
7736.12	8.882044098
7736.48	8.892194098
7736.87	8.897444098
7737.3	8.901469098
7737.75	8.915294098
7738.32	8.927544098
7738.85	8.925444098
7739.43	8.932794098
7740.05	8.943644098
7740.72	8.954319098
7741.45	8.966044098
7742.2	8.973219098
7743.05	8.962369098
7743.97	8.994919098
7744.95	9.023794098
7746.02	9.024144098
7747.17	9.035344098
7748.43	9.053719098
7749.77	9.055119098
7751.25	9.071744098
7752.77	9.083644098
7754.48	9.101494098
7756.3	9.098694098
7758.25	9.134919098
7760.4	9.144894098
7762.63	9.168519098
7765.15	9.187944098
7767.83	9.201594098
7770.75	9.208944098
7773.85	9.231344098
7777.22	9.235369098
7780.9	9.238694098
7784.82	9.270019098
7789.08	9.310094098
7793.62	9.312719098
7798.62	9.316219098
7803.97	9.325844098
7809.35	9.380444098
7814.7	9.410194098
7820.05	9.425244098
7825.35	9.426469098
7830.77	9.454294098
7836.1	9.460944098
7841.48	9.480019098
7846.82	9.494194098
7852.18	9.496119098
7857.48	9.503469098
7862.88	9.524819098
7868.25	9.529369098
7873.6	9.534794098
7878.95	9.546694098
7884.32	9.556669098
7889.62	9.561919098
7895.02	9.562969098
7900.38	9.603044098
7905.7	9.604094098
7911.1	9.619319098
7916.45	9.621594098
7921.75	9.630519098
7927.18	9.638919098
7932.5	9.658344098
7937.83	9.660619098
7943.2	9.658694098
7948.55	9.659394098
7953.87	9.662194098
7959.27	9.662544098
7964.62	9.666744098
7970	9.666569098
7975.33	9.668144098
7980.72	9.676194098
7986	9.672519098
7991.42	9.676719098
7996.75	9.681444098
8002.13	9.684594098
8007.45	9.693519098
8012.83	9.731144098
8018.13	9.720294098
8023.55	9.742694098
8028.9	9.733769098
8034.25	9.738844098
8039.62	9.737969098
8044.93	9.751969098
8050.27	9.763344098
8055.65	9.779269098
8061.03	9.782244098
8066.37	9.791169098
8071.75	9.787494098
8077.12	9.796419098
8082.4	9.803769098
8087.82	9.810419098
8093.17	9.813044098
8098.53	9.825119098
8103.88	9.824069098
8109.25	9.832469098
8114.53	9.837369098
8119.93	9.830194098
8125.3	9.832819098
8130.67	9.832294098
8136.03	9.841044098
8141.37	9.835794098
8146.67	9.845244098
8152.07	9.848919098
8157.43	9.841394098
8162.78	9.838944098
8168.13	9.854344098
8173.5	9.853819098
8178.78	9.848744098
8184.2	9.878494098
8189.55	9.855219098
8194.92	9.851719098
8200.27	9.879019098
8205.62	9.859944098
8210.92	9.875344098
8216.35	9.877794098
8221.68	9.870444098
8227.03	9.863619098
8232.38	9.885319098
8237.75	9.895644098
8243.05	9.890219098
8248.43	9.900019098
8253.82	9.906144098
8259.15	9.902119098
8264.53	9.901944098
8269.87	9.899144098
8275.18	9.907544098
8280.58	9.903169098
8285.95	9.912794098
8291.32	9.915244098
8296.65	9.908944098
8302.02	9.924694098
8307.3	9.926269098
8312.72	9.929069098
8318.05	9.929244098
8323.45	9.919094098
8328.78	9.923294098
8334.15	9.929244098
8339.43	9.936069098
8344.85	9.936594098
8350.18	9.947794098
8355.57	9.939569098
8360.92	9.949019098
8366.28	9.942019098
8371.57	9.938519098
8376.97	9.942544098
8382.35	9.947444098
8387.67	9.954094098
8393.07	9.950594098
8398.42	9.952694098
8403.72	9.963019098
8409.1	9.958119098
8414.48	9.961094098
8419.8	9.962844098
8425.18	9.963719098
8430.55	9.958819098
8435.83	9.967744098
8441.22	9.967394098
8446.58	9.963719098
8451.93	9.970019098
8457.32	9.969319098
8462.65	9.973694098
8467.97	9.975444098
8473.38	9.977544098
8478.7	9.968094098
8484.08	9.971069098
8489.45	9.977194098
8494.8	9.977369098
8500.08	9.972994098
8505.52	9.991194098
8510.83	9.981919098
8516.22	9.982969098
8521.57	9.986994098
8526.93	9.993994098
8532.22	9.985594098
8537.62	9.991019098
8542.97	9.995044098
8548.32	9.993994098
8553.7	9.998544098
8559.05	9.992944098
8564.35	10.0036191
8569.73	9.986644098
8575.13	10.0022191
8580.45	10.0090441
8585.83	10.0057191
8591.17	10.0113191
8596.48	10.0057191
8601.88	10.0151691
8607.25	10.0092191
8612.58	10.0197191
8617.97	10.0183191
8623.3	10.0118441
8628.62	10.0095691
8634.02	10.0109691
8639.37	10.0093941
8644.75	10.0127191
8650.08	10.0139441
8655.45	10.0237441
8660.73	10.0148191
8666.17	10.0244441
8671.48	10.0209441
8676.87	10.0186691
8682.22	10.0225191
8687.58	10.0170941
8692.87	10.0333691
8698.27	10.0179691
8703.62	10.0246191
8708.98	10.0181441
8714.35	10.0233941
8719.72	10.0263691
8725.02	10.0267191
8730.4	10.0309191
8735.77	10.0270691
8741.2	10.0296941
8746.48	10.0291691
8751.83	10.0200691
8757.15	10.0211191
8762.53	10.0310941
8767.92	10.0242691
8773.25	10.0204191
8778.63	10.0321441
8783.95	10.0328441
8789.27	10.0218191
8794.67	10.0316191
8800.02	10.0305691
8805.4	10.0333691
8810.77	10.0342441
8816.1	10.0321441
8821.4	10.0204191
8826.85	10.0314441
8832.15	10.0254941
8837.53	10.0253191
8842.88	10.0328441
8848.25	10.0225191
8853.53	10.0258441
8858.93	10.0337191
8864.28	10.0403691
8869.63	10.0382691
8875.02	10.0375691
8880.35	10.0408941
8885.67	10.0345941
8891.05	10.0407191
8896.43	10.0368691
8901.77	10.0436941
8907.15	10.0456191
8912.47	10.0356441
8917.8	10.0517441
8923.18	10.0429941
8928.55	10.0515691
8933.9	10.0445691
8939.28	10.0492941
8944.6	10.0435191
8949.92	10.0548941
8955.32	10.0494691
8960.67	10.0450941
8966.02	10.0445691
8971.42	10.0484191
8976.77	10.0464941
8982.05	10.0424691
8987.48	10.0422941
8992.8	10.0531441
8998.18	10.0527941
9003.55	10.0442191
9008.88	10.0487691
9014.18	10.0484191
9019.6	10.0440441
9024.93	10.0517441
9030.32	10.0464941
9035.67	10.0454441
9041.02	10.0536691
9046.32	10.0457941
9051.7	10.0515691
9057.07	10.0510441
9062.42	10.0541941
9067.8	10.0531441
9073.13	10.0508691
9078.45	10.0491191
9083.83	10.0494691
9089.22	10.0489441
9094.55	10.0454441
9099.93	10.0555941
9105.27	10.0510441
9110.6	10.0417691
9115.97	10.0531441
9121.35	10.0550691
9126.7	10.0473691
9132.08	10.0510441
9137.4	10.0499941
9142.72	10.0531441
9148.12	10.0538441
9153.47	10.0531441
9158.83	10.0599691
9164.2	10.0393191
9169.55	10.0517441
9174.85	10.0468441
9180.27	10.0515691
9185.58	10.0576941
9190.98	10.0487691
9196.32	10.0524441
9201.68	10.0589191
9206.98	10.0604941
9212.37	10.0505191
9217.72	10.0571691
9223.08	10.0594441
9228.43	10.0520941
9233.8	10.0543691
9239.12	10.0517441
9244.53	10.0510441
9249.87	10.0524441
9255.23	10.0540191
9260.6	10.0531441
9265.95	10.0536691
9271.25	10.0561191
9276.68	10.0517441
9282.02	10.0503441
9287.35	10.0543691
9292.73	10.0587441
9298.05	10.0575191
9303.37	10.0463191
9308.8	10.0529691
9314.15	10.0527941
9319.5	10.0520941
9324.85	10.0508691
9330.2	10.0512191
9335.5	10.0554191
9340.93	10.0505191
9346.27	10.0548941
9351.63	10.0533191
9356.98	10.0594441
9362.33	10.0536691
9367.63	10.0580441
9373.05	10.0536691
9378.38	10.0526191
9383.73	10.0482441
9389.08	10.0496441
9394.45	10.0576941
9399.77	10.0643441
9405.17	10.0587441
9410.53	10.0590941
9415.87	10.0547191
9421.25	10.0589191
9426.58	10.0526191
9431.9	10.0520941
9437.28	10.0555941
9442.68	10.0566441
9448	10.0582191
9453.37	10.0522691
9458.7	10.0536691
9464.02	10.0680191
9469.47	10.0566441
9474.78	10.0564691
9480.15	10.0568191
9485.52	10.0617191
9490.87	10.0540191
9496.17	10.0536691
9501.58	10.0561191
9506.93	10.0592691
9512.3	10.0599691
9517.63	10.0580441
9523	10.0554191
9528.28	10.0585691
9533.75	10.0559441
9539.03	10.0587441
9544.42	10.0573441
9549.75	10.0611941
9555.12	10.0536691
9560.42	10.0503441
9560.73	10.0506941
9560.78	10.0433441
9560.82	10.0319691
9560.83	10.0408941
9560.87	10.0394941
9560.88	10.0200691
9560.9	10.0407191
9560.93	10.0321441
9560.95	10.0314441
9560.98	10.0274191
9561	10.0317941
9561.03	10.0368691
9561.05	10.0398441
9561.08	10.0386191
9561.12	10.0457941
9561.15	10.0323191
9561.18	10.0445691
9561.22	10.0450941
9561.25	10.0498191
9561.28	10.0527941
9561.32	10.0540191
9561.35	10.0554191
9561.37	10.0499941
9561.4	10.0545441
9561.43	10.0545441
9561.48	10.0550691
9561.5	10.0522691
9561.53	10.0548941
9561.57	10.0547191
9561.6	10.0545441
9561.63	10.0505191
9561.67	10.0554191
9561.72	10.0676691
9561.73	10.0610191
9561.77	10.0615441
9561.8	10.0758941
9561.83	10.0781691
9561.87	10.0592691
9561.9	10.0597941
9561.93	10.0832441
9561.97	10.0783441
9562	10.0772941
9562.03	10.0739691
9562.07	10.0788691
9562.1	10.0863941
9562.15	10.0865691
9562.18	10.0779941
9562.23	10.0828941
9562.28	10.0872691
9562.33	10.0800941
9562.38	10.0876191
9562.45	10.0898941
9562.5	10.0814941
9562.57	10.0914691
9562.65	10.0846441
9562.72	10.0897191
9562.82	10.0741441
9562.9	10.0779941
9563	10.0939191
9563.12	10.0972441
9563.22	10.0956691
9563.35	10.0905941
9563.48	10.1058191
9563.63	10.0965441
9563.78	10.1023191
9563.97	10.0967191
9564.15	10.1066941
9564.33	10.1016191
9564.55	10.1159691
9564.78	10.1114191
9565.02	10.1184191
9565.28	10.1219191
9565.58	10.1164941
9565.88	10.1324191
9566.23	10.1315441
9566.6	10.1383691
9566.98	10.1432691
9567.4	10.1563941
9567.87	10.1523691
9568.4	10.1572691
9568.93	10.1570941
9569.52	10.1677691
9570.13	10.1640941
9570.82	10.1793191
9571.57	10.1679441
9572.35	10.1612941
9573.22	10.1667191
9574.12	10.1513191
9575.08	10.1136941
0.13	10.1728441
0.17	10.1744191
0.18	10.1787941
0.22	10.1752941
0.25	10.1828191
0.28	10.1710941
0.32	10.1698691
0.33	10.1819441
0.37	10.1782691
0.4	10.1840441
0.42	10.1770441
0.45	10.1852691
0.48	10.1877191
0.52	10.1859691
0.55	10.1868441
0.58	10.1885941
0.6	10.1906941
0.63	10.1968191
0.67	10.1922691
0.7	10.1864941
0.72	10.1880691
0.75	10.1875441
0.78	10.1842191
0.82	10.1801941
0.85	10.1807191
0.88	10.1906941
0.92	10.1903441
0.95	10.1840441
0.98	10.1691691
1.02	10.1712691
1.03	10.1702191
1.07	10.1744191
1.1	10.1765191
1.13	10.1702191
1.15	10.1768691
1.18	10.1752941
1.22	10.1824691
1.25	10.1759941
1.27	10.1810691
1.3	10.1716191
1.33	10.1761691
1.37	10.1759941
1.4	10.1768691
1.43	10.1824691
1.47	10.1782691
1.52	10.1770441
1.55	10.1770441
1.6	10.1763441
1.65	10.1761691
1.7	10.1745941
1.78	10.1889441
1.83	10.1838691
1.9	10.1842191
1.97	10.1850941
2.05	10.1808941
2.13	10.1824691
2.23	10.1814191
2.33	10.1894691
2.43	10.1812441
2.55	10.1840441
2.68	10.1710941
2.82	10.1833441
2.97	10.1758191
3.12	10.1779191
3.28	10.1882441
3.47	10.1913941
3.67	10.1915691
3.88	10.1934941
4.1	10.1828191
4.35	10.1822941
4.62	10.1810691
4.92	10.1920941
5.22	10.1871941
5.55	10.1919191
5.92	10.1822941
6.32	10.1903441
6.73	10.1894691
7.2	10.1861441
7.73	10.1779191
8.27	10.1789691
8.85	10.1766941
9.47	10.1772191
10.17	10.1723191
10.9	10.1717941
11.68	10.1786191
12.53	10.1649691
13.43	10.1759941
14.4	10.1581441
15.5	10.1670691
16.65	10.1801941
17.87	10.1721441
19.22	10.1677691
20.18	10.1654941
20.27	10.1549941
20.3	10.1609441
20.33	10.1584941
20.37	10.1317191
20.4	10.1126441
20.42	10.1171941
20.45	10.1306691
20.48	10.1324191
20.52	10.0998691
20.55	10.0893691
20.58	10.1061691
20.62	10.0960191
20.65	10.1021441
20.68	10.0989941
20.7	10.0900691
20.73	10.0776441
20.77	10.0844691
20.8	10.0827191
20.82	10.0884941
20.85	10.0828941
20.88	10.0800941
20.92	10.0757191
20.93	10.0823691
20.97	10.0949691
21	10.0814941
21.03	10.0818441
21.07	10.0851691
21.1	10.0951441
21.13	10.1168441
21.2	10.0907691
21.23	10.0956691
21.27	10.0888441
21.3	10.0727441
21.33	10.0666191
21.37	10.0487691
21.38	10.0562941
0.03	10.0984691
0.05	10.1045941
0.1	10.1056441
0.13	10.1107191
0.18	10.1094941
0.25	10.0998691
0.28	10.1005691
0.33	10.1010941
0.37	10.1059941
0.4	10.1019691
0.42	10.1009191
0.45	10.1070441
0.48	10.1073941
0.52	10.1028441
0.55	10.1105441
0.6	10.1049441
0.62	10.1072191
0.65	10.1117691
0.68	10.1037191
0.72	10.1110691
0.75	10.1192941
0.77	10.1052941
0.8	10.1177191
0.85	10.1140441
0.9	10.1252441
0.93	10.1250691
0.97	10.1264691
0.98	10.1259441
1.02	10.1297941
1.05	10.1152691
1.08	10.1175441
1.12	10.1327691
1.15	10.1236691
1.18	10.1362691
1.22	10.1273441
1.25	10.1318941
1.27	10.1380191
1.3	10.1327691
1.33	10.1327691
1.37	10.1129941
1.38	10.1357441
1.42	10.1224441
1.45	10.1205191
1.48	10.1338191
1.52	10.1343441
1.53	10.1362691
1.57	10.1324191
1.6	10.1212191
1.63	10.1346941
1.67	10.1231441
1.7	10.1387191
1.72	10.1423941
1.75	10.1381941
1.78	10.1241941
1.82	10.1360941
1.85	10.1383691
