HEADER	
'time'	'total volume'
UNITS	
'min'	'cm^3'
0.03	-0.0166825
0.1	-0.0448575
0.13	-0.0359325
0.2	-0.0270075
0.23	-0.0261325
0.3	0.0067675
0.33	0.0125425
0.38	0.0237425
0.43	0.0051925
0.47	0.0148175
0.5	0.0025675
0.53	0.0128925
0.58	0.0200675
0.62	-0.0018075
0.67	-0.0014575
0.72	0.0254925
0.75	0.0065925
0.8	0.0134175
0.83	0.0095675
0.88	-0.0551825
0.93	-0.0420575
0.98	-0.0452075
1.02	-0.0434575
1.07	-0.0418825
1.1	-0.0317325
1.13	-0.0366325
1.18	-0.0385575
1.23	0.0268925
1.28	0.0062425
1.33	0.0078175
1.37	0.0121925
1.4	-0.0123075
1.45	-0.0142325
1.48	0.0041425
1.52	-0.0088075
1.57	0.0083425
1.62	0.0044925
1.67	0.0086925
1.72	0.0198925
1.78	-0.0037325
1.85	0.0118425
1.92	-0.0572825
1.98	-0.0376825
2.07	-0.0308575
2.15	-0.0404825
2.25	-0.0518575
2.33	0.0104425
2.43	-0.0359325
2.57	0.0055425
2.68	0.0072925
2.82	-0.0539575
2.97	-0.0242075
3.13	-0.0310325
3.3	0.0244425
3.47	0.0116675
3.7	0.3775925
3.88	-0.0030325
4.12	0.0230425
4.37	0.0111425
4.63	-0.0341825
4.92	-0.0513325
5.23	-0.0434575
5.58	-0.0415325
5.93	-0.0541325
6.32	-0.0364575
6.75	0.0008175
7.2	-0.0002325
7.82	-0.0387325
8.37	0.0228675
8.95	0.0023925
9.58	0.0106175
10.27	-0.0466075
10.98	0.0156925
11.77	-0.0441575
12.58	0.0246175
13.52	-0.0506325
14.55	0.0114925
15.57	0.0134175
16.72	-0.0340075
17.93	0.0123675
19.27	0.0102675
20.75	-0.0392575
22.32	0.0151675
24	-0.0590325
25.8	0.0228675
27.1	-0.0292825
27.13	-0.0429325
27.17	-0.0627075
27.22	-0.0389075
27.25	-0.0278825
27.3	-0.0371575
27.35	0.0268925
27.4	0.0333675
27.45	0.0092175
27.5	0.0076425
27.55	0.0393175
27.58	0.0093925
27.62	0.0151675
27.67	-0.0592075
27.72	-0.0439825
27.75	-0.0310325
27.8	-0.0331325
27.85	-0.0574575
27.88	-0.0439825
27.93	-0.0268325
27.97	-0.0502825
28.02	-0.0558825
28.07	-0.0252575
28.13	-0.0618325
28.18	0.0123675
28.25	0.0337175
28.28	0.0083425
28.33	0.0099175
28.4	0.0181425
28.47	0.0186675
28.52	0.0282925
28.58	-0.0565825
28.63	-0.0361075
28.68	-0.0361075
28.73	-0.0324325
28.78	-0.0483575
28.82	-0.0495825
28.87	-0.0175575
28.92	-0.0350575
28.98	-0.0334825
29.03	-0.0298075
29.08	-0.0219325
29.17	0.0300425
29.23	0.0114925
29.32	0.0249675
29.38	0.0134175
29.5	-0.0044325
29.58	0.0142925
29.7	-0.0383825
29.82	-0.0434575
29.95	-0.0558825
30.1	0.0109675
30.22	0.0319675
30.37	-0.0198325
30.55	0.0198925
30.72	0.0137675
30.92	0.0015175
31.13	0.0134175
31.38	0.0155175
31.62	-0.0558825
31.88	-0.0212325
32.17	-0.0355825
32.48	-0.0354075
32.82	0.0251425
33.18	0.0170925
33.58	0.0163925
34	-0.0478325
34.47	-0.0305075
35.12	-0.0305075
35.65	-0.0165075
36.25	-0.0009325
36.88	0.0254925
37.52	-0.0478325
38.25	0.0207675
39	-0.0298075
39.88	-0.0446825
40.78	-0.0322575
41.72	-0.0389075
42.83	-0.0420575
43.97	0.0202425
45.23	0.0186675
46.57	0.0158675
48.07	0.0228675
49.58	-0.0112575
51.3	-0.0319075
53.1	0.0184925
55.1	0.0233925
57.3	-0.0460825
59.35	0.0086925
62.02	-0.0250825
64.7	-0.0303325
67.52	0.0246175
70.65	0.0015175
74.1	0.0233925
77.72	-0.0210575
81.63	-0.0018075
85.87	0.0254925
90.32	0.0009925
95.38	-0.0046075
100.83	0.0009925
106.1	-0.0173825
111.45	-0.0100325
116.87	0.0232175
122.05	0.0251425
127.53	0.0137675
132.87	0.0142925
138.25	-0.0278825
143.62	0.0081675
148.97	0.0141175
154.17	0.0130675
159.67	0.0214675
165.02	-0.0317325
170.38	0.0167425
175.72	-0.0228075
181.1	0.0041425
186.3	-0.0026825
191.82	0.0069425
197.1	0.0104425
202.52	-0.0285825
207.83	0.0095675
213.17	0.0048425
218.43	0.0212925
223.88	0.0064175
229.22	0.0016925
234.63	-0.0063575
239.98	0.0200675
245.32	0.0039675
250.57	0.0095675
256.02	0.0223425
261.4	-0.0028575
266.77	0.0239175
272.1	0.0023925
277.43	-0.0257825
282.7	0.0156925
288.15	-0.0222825
293.58	-0.0273575
298.9	0.0002925
304.22	-0.0130075
309.58	0.0125425
314.83	0.0169175
320.32	0.0207675
325.63	0.0134175
331.07	0.0062425
336.38	-0.0149325
341.75	0.0130675
346.95	0.0118425
352.45	0.0235675
357.77	0.0118425
363.17	0.0064175
368.53	0.0088675
373.85	0.0120175
379.08	-0.0357575
384.53	0.0060675
389.92	0.0246175
395.28	0.0036175
400.65	-0.0035575
406	-0.0145825
411.23	0.0086925
416.7	0.0032675
422.12	-0.0026825
427.43	0.0092175
432.77	0.0016925
438.13	0.0253175
443.37	0.0055425
448.87	0.0069425
454.22	0.0275925
459.55	-0.0089825
464.9	0.0027425
470.23	0.0219925
475.48	0.0088675
480.95	0.0111425
486.32	0.0347675
491.7	-0.0014575
497.05	-0.0098575
502.38	0.0193675
507.62	0.0321425
513.12	0.0039675
518.45	0.0302175
523.85	0.0127175
529.17	-0.0060075
534.52	-0.0180825
539.73	0.0466675
545.23	0.0452675
550.57	-0.0096825
555.97	0.0328425
561.25	-0.0081075
566.65	-0.0131825
571.88	0.0396675
577.33	0.0156925
582.73	0.0485925
588.1	0.0044925
593.43	0.0139425
598.78	-0.0138825
604.02	-0.0023325
609.48	0.0501675
614.83	0.0524425
620.18	0.0170925
625.53	0.0253175
630.87	0.0022175
636.13	0.0074675
641.58	0.0473675
646.98	-0.0051325
652.35	0.0121925
657.65	0.0340675
663.07	0.0011675
668.27	0.0319675
673.82	0.0111425
679.12	0.0445675
684.47	0.0501675
689.82	-0.0018075
695.22	0.0440425
700.4	0.0272425
705.85	0.0403675
711.23	0.0083425
716.63	0.0522675
722.02	0.0510425
727.3	0.0177925
732.55	0.0606675
738.02	0.0603175
743.4	0.0443925
748.73	0.0228675
754.1	-0.0023325
759.45	0.0125425
764.67	0.0193675
770.15	0.0141175
770.22	0.0258425
770.3	0.1334675
770.35	0.0723925
770.4	0.0561175
770.43	0.1488675
770.48	0.1868425
770.53	0.2629675
770.58	0.2848425
770.62	0.2934175
770.65	0.3033925
770.68	0.2955175
770.72	0.2654175
770.77	0.2613925
770.82	0.2836175
770.85	0.2557925
770.9	0.2797675
770.95	0.2822175
771	0.2806425
771.05	0.2591175
771.08	0.2650675
771.13	0.2433675
771.18	0.3354175
771.22	0.3352425
771.27	0.3665675
771.3	0.3655175
771.33	0.3611425
771.37	0.3329675
771.42	0.3515175
771.45	0.3551925
771.5	0.3648175
771.55	0.3459175
771.6	0.3341925
771.63	0.3378675
771.68	0.3758425
771.73	0.3872175
771.8	0.3317425
771.85	0.3520425
771.88	0.3368175
771.93	0.3812675
771.98	0.3859925
772.05	0.3642925
772.12	0.3777675
772.18	0.3742675
772.25	0.3803925
772.33	0.3768925
772.42	0.3866925
772.52	0.3753175
772.63	0.3803925
772.72	0.3733925
772.83	0.3485425
772.95	0.3445175
773.1	0.3648175
773.23	0.3473175
773.4	0.3501175
773.57	0.3686675
773.75	0.3487175
773.97	0.3616675
774.17	0.4715675
774.38	0.4801425
774.63	0.4607175
774.9	0.4794425
775.2	0.4722675
775.5	0.4733175
775.85	0.4736675
776.6	0.4717425
777.02	0.4871425
777.48	0.4878425
778.13	0.5048175
778.63	0.5125175
779.23	0.5338675
779.87	0.5308925
780.55	0.5025425
781.22	0.5070925
782.05	0.5294925
782.9	0.5140925
783.82	0.5041175
785.88	0.6056175
786.98	0.5881175
788.25	0.6169925
789.58	0.6624925
791.13	0.6227675
792.6	0.6654675
794.27	0.6444675
796.12	0.6682675
798.07	0.6985425
800.23	0.7060675
802.38	0.7540175
804.98	0.7573425
807.67	0.7622425
810.57	0.7587425
813.7	0.7716925
817.07	0.7981175
820.7	0.8037175
824.65	0.8073925
828.92	0.8257675
833.35	0.8315425
838.45	0.8406425
843.78	0.8707425
849.13	0.8749425
854.5	0.8903425
859.88	0.9043425
865.08	0.9011925
870.57	0.9115175
875.93	0.9330425
881.33	0.9449425
886.6	0.9279675
891.98	0.9512425
897.22	0.9647175
902.68	0.9748675
908.08	0.9811675
913.4	0.9620925
918.77	0.9829175
924.13	0.9839675
929.33	0.9886925
934.8	0.9879925
940.18	0.9778425
945.58	0.9984925
950.85	0.9991925
956.23	0.9967425
961.47	0.9998925
966.95	0.9998925
972.3	1.0110925
977.65	1.0135425
983.02	1.0277175
988.4	1.0326175
993.6	1.0194925
999.1	1.0453925
1004.47	1.0317425
1009.8	1.0581675
1015.15	1.0432925
1020.53	1.0415425
1025.72	1.0523925
1031.2	1.0481925
1036.57	1.0534425
1041.92	1.0478425
1047.27	1.0525675
1052.67	1.0455675
1057.83	1.0604425
1063.33	1.0579925
1068.7	1.0569425
1074.05	1.0620175
1079.38	1.0658675
1084.78	1.0667425
1089.97	1.0697175
1095.45	1.0723425
1100.78	1.0772425
1106.18	1.0707675
1111.48	1.0817925
1116.88	1.0754925
1122.1	1.0781175
1127.58	1.0805675
1132.95	1.0859925
1138.32	1.0889675
1143.65	1.0781175
1149.02	1.0746175
1154.25	1.0898425
1159.7	1.0928175
1165.1	1.0809175
1170.48	1.0900175
1175.8	1.1020925
1181.12	1.0998175
1186.37	1.0987675
1191.83	1.1026175
1197.22	1.1139925
1202.55	1.1167925
1207.95	1.1071675
1213.27	1.1096175
1218.48	1.1036675
1224.03	1.1069925
1229.37	1.1110175
1234.73	1.1068175
1240.05	1.1178425
1245.42	1.1166175
1250.62	1.1234425
1256.1	1.1176675
1261.5	1.1146925
1266.83	1.1239675
1272.17	1.1160925
1277.53	1.1215175
1282.75	1.1216925
1288.23	1.1204675
1293.57	1.1302675
1298.95	1.1239675
1304.27	1.1257175
1309.62	1.1288675
1314.9	1.1302675
1320.37	1.1243175
1325.73	1.1248425
1331.08	1.1267675
1336.45	1.1279925
1341.78	1.1237925
1347.02	1.1278175
1352.5	1.1426925
1357.85	1.1244925
1363.18	1.1348175
1368.58	1.1370925
1373.9	1.1302675
1379.15	1.1383175
1384.62	1.1281675
1390	1.1358675
1395.35	1.1349925
1400.7	1.1365675
1406.1	1.1304425
1411.3	1.1360425
1416.75	1.1363925
1422.2	1.1323675
1427.47	1.1239675
1432.85	1.1369175
1438.18	1.1265925
1443.4	1.1234425
1448.93	1.1285175
1454.22	1.1509175
1459.55	1.1285175
1464.93	1.1292175
1470.28	1.1283425
1475.53	1.1330675
1481.02	1.1264175
1486.4	1.1255425
1491.68	1.1386675
1497.07	1.1474175
1502.38	1.1395425
1507.68	1.1369175
1513.13	1.1412925
1518.48	1.1304425
1523.82	1.1344675
1529.2	1.1271175
1534.52	1.1412925
1545.28	1.1465425
1550.63	1.1430425
1555.95	1.1400675
1561.28	1.1458425
1566.7	1.1423425
1571.93	1.1461925
1577.4	1.1500425
1582.75	1.1498675
1588.1	1.1432175
1593.43	1.1467175
1598.83	1.1418175
1604.07	1.1370925
1609.55	1.1533675
1614.85	1.1535425
1620.23	1.1404175
1625.55	1.1538925
1630.92	1.1594925
1636.18	1.1418175
1641.67	1.1580925
1647.02	1.1685925
1652.33	1.1407675
1657.77	1.1384925
1663.05	1.1384925
1668.33	1.1397175
1673.78	1.1635175
1679.13	1.1657925
1684.47	1.1605425
1689.87	1.1393675
1695.18	1.1600175
1700.47	1.1701675
1705.93	1.1671925
1711.28	1.1628175
1716.6	1.1706925
1721.95	1.1762925
1727.35	1.1447925
1732.58	1.1598425
1738.05	1.1696425
1743.42	1.1710425
1748.77	1.1384925
1754.08	1.1348175
1759.47	1.1195925
1764.72	1.1377925
1770.18	1.1444425
1775.5	1.1775175
1780.9	1.1715675
1786.22	1.1710425
1791.58	1.1393675
1796.85	1.1699925
1802.3	1.1761175
1807.63	1.1692925
1812.98	1.1419925
1818.38	1.1785675
1823.7	1.1752425
1828.98	1.1538925
1834.45	1.1747175
1839.8	1.1780425
1845.13	1.1426925
1850.53	1.1820675
1855.85	1.1799675
1861.13	1.1724425
1866.58	1.1661425
1871.92	1.1841675
1877.27	1.1825925
1882.62	1.1860925
1887.97	1.1897675
1893.25	1.1773425
1898.72	1.1971175
1904.05	1.1388425
1909.42	1.1895925
1914.75	1.1920425
1920.13	1.1866175
1925.38	1.1850425
1930.85	1.1591425
1936.17	1.1633425
1941.57	1.1514425
1946.88	1.1934425
1952.27	1.2000925
1957.52	1.1951925
1962.97	1.1727925
1968.35	1.1705175
1973.68	1.2002675
1979.05	1.1769925
1984.4	1.1722675
1995.12	1.1764675
2000.47	1.1740175
2005.82	1.1815425
2011.18	1.1782175
2016.53	1.1817175
2021.78	1.1768175
2027.25	1.2133925
2032.6	1.2097175
2037.92	1.1771675
2043.27	1.2151425
2048.67	1.1867925
2053.92	1.2207425
2059.38	1.2158425
2064.73	1.1764675
2070.08	1.2156675
2075.4	1.1771675
2080.78	1.1764675
2086.05	1.1757675
2091.48	1.1780425
2096.85	1.1866175
2102.22	1.2189925
2107.53	1.2307175
2112.92	1.1857425
2118.17	1.1808425
2123.62	1.1769925
2128.95	1.2266925
2134.3	1.2258175
2139.7	1.1787425
2145.02	1.2224925
2150.3	1.1843425
2155.77	1.1778675
2161.1	1.2223175
2166.45	1.2265175
2171.83	1.2207425
2177.15	1.2237175
2182.43	1.1894175
2187.88	1.2210925
2193.25	1.1804925
2198.58	1.1845175
2203.92	1.1855675
2209.32	1.1829425
2210.3	1.2422675
2210.37	1.3050925
2210.4	1.2315925
2210.43	1.1846925
2210.48	1.2037675
2210.52	1.2391175
2210.55	1.2650175
2210.58	1.2417425
2210.63	1.2294925
2210.67	1.2564425
2210.7	1.2597675
2210.73	1.2499675
2210.77	1.1881925
2210.8	1.2237175
2210.83	1.2730675
2210.88	1.2762175
2210.92	1.2895175
2210.97	1.2905675
2211	1.3073675
2211.03	1.3238175
2211.07	1.3127925
2211.1	1.3253925
2211.15	1.3175175
2211.18	1.3234675
2211.22	1.3343175
2211.25	1.3456925
2211.28	1.3441175
2211.37	1.3546175
2211.4	1.3791175
2211.43	1.3687925
2211.47	1.3726425
2211.57	1.3773675
2211.6	1.3819175
2211.63	1.3868175
2211.67	1.3904925
2211.72	1.4037925
2211.75	1.4062425
2211.78	1.4022175
2211.87	1.4155175
2211.92	1.4079925
2211.97	1.4121925
2212.02	1.4417675
2212.15	1.4527925
2212.22	1.4589175
2212.28	1.4974175
2212.37	1.4967175
2212.45	1.4933925
2212.55	1.5073925
2212.63	1.5187675
2212.87	1.5094925
2213	1.5317175
2213.13	1.5369675
2213.27	1.5318925
2213.42	1.5460675
2213.6	1.5402925
2213.78	1.5458925
2214.42	1.5842175
2214.67	1.6071425
2214.93	1.6004925
2215.22	1.6160675
2215.53	1.6178175
2215.87	1.6316425
2216.23	1.6318175
2216.62	1.6405675
2217.05	1.6694425
2218.13	1.6963925
2218.67	1.7021675
2219.87	1.7151175
2220.53	1.7247425
2221.27	1.7287675
2222.05	1.7446925
2222.92	1.7534425
2224.73	1.7578175
2225.8	1.7627175
2226.95	1.7704175
2228.22	1.7767175
2229.55	1.7886175
2231.03	1.7919425
2232.62	1.7982425
2236.07	1.8283425
2238.03	1.8276425
2240.15	1.8295675
2242.4	1.8372675
2244.93	1.8509175
2247.62	1.8580925
2250.55	1.8841675
2253.7	1.8832925
2257.02	1.8841675
2260.72	1.8972925
2264.6	1.9091925
2268.85	1.9252925
2273.38	1.9438425
2278.4	1.9293175
2289.15	1.9616925
2294.5	1.9667675
2299.87	1.9730675
2310.53	1.9648425
2315.92	1.9685175
2321.3	1.9952925
2326.63	1.9725425
2331.98	1.9879425
2337.23	1.9966925
2342.7	1.9900425
2348.05	1.9959925
2353.4	2.0234675
2364.12	2.0360675
2374.83	2.0346675
2380.18	2.0442925
2385.53	2.0392175
2390.88	2.0470925
2396.25	2.0614425
2401.5	2.0574175
2406.97	2.0714175
2412.3	2.0420175
2417.67	2.0507675
2423.02	2.0610925
2433.63	2.0749175
2439.08	2.0568925
2444.43	2.0596925
2449.75	2.0640675
2455.1	2.0728175
2460.47	2.0812175
2465.75	2.0931175
2471.18	2.0827925
2476.57	2.0789425
2481.97	2.1018675
2487.25	2.0939925
2492.63	2.0911925
2497.88	2.0960925
2503.35	2.1055425
2508.65	2.1141175
2514.07	2.1356425
2519.37	2.1214675
2524.77	2.1226925
2530.02	2.1288175
2535.48	2.1414175
2540.78	2.1288175
2546.15	2.1428175
2551.5	2.1415925
2567.57	2.1414175
2572.97	2.1218175
2578.28	2.1468425
2583.68	2.1363425
2588.98	2.1464925
2594.28	2.1408925
2599.7	2.1466675
2605.1	2.1625925
2610.4	2.1534925
2615.78	2.1541925
2621.12	2.1557675
2631.87	2.1608425
2637.18	2.1503425
2647.88	2.1582175
2653.28	2.1685425
2664	2.1557675
2669.35	2.1422925
2674.72	2.1429925
2680.03	2.1559425
2690.65	2.1531425
2696.13	2.1708175
2706.82	2.1625925
2712.15	2.1676675
2722.8	2.1632925
2728.22	2.1527925
2738.92	2.1678425
2744.32	2.1807925
2749.63	2.1827175
2754.93	2.1767675
2765.75	2.1813175
2771.05	2.1774675
2776.47	2.1911175
2781.77	2.1674925
2787.05	2.1949675
2797.88	2.1933925
2803.18	2.1872675
2813.95	2.1967175
2819.18	2.2002175
2824.65	2.1954925
2830	2.2030175
2835.37	2.2014425
2840.67	2.1912925
2846.07	2.2037175
2851.32	2.2082675
2856.78	2.2115925
2862.1	2.2061675
2878.17	2.1930425
2894.27	2.2079175
2899.58	2.2058175
2904.97	2.2115925
2910.33	2.2150925
2915.58	2.1785175
2921.05	2.2002175
2926.4	2.2084425
2931.7	2.2150925
2937.12	2.1883175
2942.42	2.1974175
2947.72	2.2101925
2953.18	2.2094925
2958.52	2.2045925
2963.83	2.1975925
2969.2	2.1986425
2974.58	2.2000425
2979.83	2.1863925
2985.3	2.2010925
2990.65	2.1916425
2996.02	2.2023175
3001.33	2.2021425
3006.72	2.2023175
3022.73	2.1925175
3028.13	2.2056425
3049.55	2.2086175
3060.23	2.2030175
3070.93	2.2042425
3076.23	2.2208675
3081.68	2.1933925
3097.75	2.2035425
3103.07	2.2075675
3108.37	2.2033675
3119.18	2.2031925
3124.48	2.2145675
3129.83	2.2040675
3135.18	2.2035425
3140.47	2.1988175
3145.95	2.1998675
3151.3	2.1984675
3156.67	2.1893675
3167.37	2.2271675
3172.6	2.1844675
3178.07	2.1895425
3183.38	2.1839425
3188.8	2.2149175
3199.45	2.2080925
3210.2	2.2131675
3215.57	2.1981175
3226.28	2.2089675
3231.58	2.2091425
3236.88	2.2068675
3242.33	2.2217425
3247.7	2.2061675
3253	2.2107175
3258.4	2.2079175
3263.72	2.2131675
3269.02	2.1951425
3274.47	2.2313675
3279.83	2.2234925
3285.15	2.2143925
3290.5	2.2077425
3301.13	2.2212175
3306.6	2.2180675
3311.95	2.2023175
3322.62	2.2044175
3328.02	2.1970675
3333.25	2.2303175
3338.72	2.2152675
3344.03	2.2145675
3349.43	2.2313675
3354.75	2.2072175
3360.15	2.2327675
3376.17	2.2303175
3381.52	2.2203425
3386.92	2.2201675
3392.23	2.2329425
3397.53	2.2240175
3403	2.2168425
3408.33	2.2485175
3413.65	2.2329425
3419.05	2.2247175
3424.37	2.2243675
3429.67	2.2294425
3435.13	2.2437925
3445.78	2.2317175
3451.13	2.2404675
3456.48	2.2486925
3461.78	2.2275175
3467.25	2.2350425
3472.6	2.2392425
3477.95	2.2602425
3483.27	2.2348675
3493.9	2.2588425
3499.37	2.2446675
3504.68	2.2387175
3510.1	2.2439675
3515.43	2.2299675
3520.8	2.2359175
3526.05	2.2518425
3531.53	2.2366175
3536.87	2.2332925
3542.22	2.2240175
3547.57	2.2297925
3552.92	2.2436175
3563.63	2.2362675
3568.98	2.2329425
3574.3	2.2285675
3579.7	2.2259425
3595.77	2.2451925
3601.12	2.2479925
3606.43	2.2504425
3611.78	2.2383675
3617.15	2.2453675
3620.38	2.2450175
3620.47	2.2401175
3620.5	2.2584925
3620.53	2.2637425
3620.58	2.3027675
3620.62	2.3382925
3620.65	2.3839675
3620.67	2.5887175
3620.7	2.6310675
3620.73	2.5010425
3620.77	2.5236175
3620.8	2.5689425
3620.85	2.5834675
3620.88	2.7829675
3620.92	2.6196925
3620.95	2.8307425
3620.98	2.6543425
3621.03	2.6861925
3621.07	2.7108675
3621.1	2.7449925
3621.13	2.7759675
3621.17	2.7843675
3621.2	2.7969675
3621.23	2.9912175
3621.27	2.8354675
3621.32	2.8552425
3621.35	2.8513925
3621.38	2.8683675
3621.42	2.8720425
3621.45	2.8898925
3621.5	2.8988175
3621.53	3.0829175
3621.57	2.9203425
3621.58	2.8986425
3621.62	2.9142175
3621.65	2.9497425
3621.68	2.9768675
3621.7	2.9768675
3621.73	2.9989175
3621.78	3.0171175
3621.82	3.2006925
3621.87	3.0540425
3621.92	3.0666425
3621.97	3.0725925
3622.02	3.0888675
3622.07	3.2663175
3622.13	3.1145925
3622.22	3.1352425
3622.28	3.1590425
3622.37	3.1620175
3622.45	3.1849425
3622.53	3.1992925
3622.65	3.2299175
3622.75	3.2229175
3622.87	3.2439175
3623	3.2640425
3623.13	3.2841675
3623.28	3.3296675
3623.43	3.3756925
3623.6	3.5650425
3623.78	3.4047425
3623.98	3.4022925
3624.18	3.4316925
3624.42	3.4276675
3624.67	3.4558425
3624.95	3.4619675
3625.23	3.4999425
3625.55	3.5132425
3625.88	3.5589175
3626.25	3.5809675
3626.63	3.5925175
3627.05	3.6030175
3627.52	3.6320675
3628.13	3.6514925
3628.68	3.6623425
3629.23	3.6751175
3629.88	3.6763425
3630.53	3.6878925
3631.25	3.7010175
3632	3.7111675
3632.83	3.7284925
3633.75	3.7575425
3634.73	3.7776675
3635.8	3.7934175
3636.95	3.7969175
3638.23	3.8103925
3639.58	3.8284175
3641.03	3.8179175
3642.55	3.8163425
3644.25	3.8354175
3646.07	3.8214175
3648.08	3.8357675
3650.22	3.8425925
3652.42	3.8448675
3654.98	3.8518675
3657.65	3.8543175
3660.57	3.8550175
3663.7	3.8613175
3667.07	3.8590425
3670.72	3.8761925
3674.6	3.8807425
3678.9	3.8858175
3683.37	3.9045425
3688.42	3.9017425
3693.82	3.9183675
3699.15	3.9173175
3704.47	3.9253675
3709.87	3.9024425
3715.12	3.9106675
3720.58	3.9181925
3725.9	3.9255425
3731.28	3.9167925
3736.6	3.9264175
3742	3.9178425
3747.23	3.9089175
3752.67	3.9400675
3758.03	3.9426925
3763.38	3.9435675
3768.73	3.9409425
3774.08	3.9430425
3779.38	3.9607175
3784.8	3.9426925
3790.2	3.9510925
3795.5	3.9495175
3800.9	3.9537175
3806.22	3.9762925
3811.52	3.9713925
3816.97	3.9850425
3822.32	3.9734925
3827.68	3.9720925
3832.98	3.9691175
3838.4	3.9750675
3843.65	3.9668425
3849.12	3.9852175
3854.45	3.9890675
3859.8	3.9871425
3865.15	3.9885425
3870.52	4.0132175
3875.77	3.9978175
3881.23	3.9972925
3886.58	4.0217925
3891.93	3.9992175
3897.28	3.9974675
3902.65	4.0069175
3907.88	4.0041175
3913.35	4.0028925
3918.67	4.0067425
3924.02	4.0128675
3929.43	4.0083175
3934.8	4.0081425
3940.03	4.0112925
3945.5	4.0354425
3950.85	4.0343925
3956.15	4.0350925
3961.55	4.0126925
3966.92	4.0111175
3972.17	4.0385925
3977.6	4.0354425
3982.97	4.0102425
3988.3	4.0263425
3993.65	4.0340425
3999.02	4.0235425
4004.28	4.0203925
4009.72	4.0151425
4015.08	4.0380675
4020.47	4.0175925
4025.77	4.0287925
4031.13	4.0387675
4036.42	4.0398175
4041.85	4.0385925
4047.2	4.0431425
4052.55	4.0366675
4057.9	4.0294925
4063.27	4.0424425
4068.53	4.0447175
4073.98	4.0452425
4079.32	4.0322925
4084.67	4.0354425
4090.02	4.0270425
4095.38	4.0387675
4100.67	4.0485675
4106.1	4.0405175
4111.47	4.0431425
4116.8	4.0399925
4122.17	4.0580175
4127.52	4.0296675
4132.8	4.0384175
4138.23	4.0468175
4143.6	4.0552175
4148.93	4.0466425
4154.3	4.0674675
4159.63	4.0413925
4164.93	4.0312425
4170.37	4.0648425
4175.7	4.0634425
4181.1	4.0686925
4186.42	4.0602925
4191.8	4.0497925
4197.05	4.0434925
4202.5	4.0606425
4207.83	4.0515425
4213.22	4.0590675
4218.55	4.0483925
4223.95	4.0581925
4229.2	4.0693925
4234.67	4.0604675
4240.02	4.0709675
4245.38	4.0585425
4250.68	4.0683425
4256.03	4.0681675
4261.32	4.0622175
4266.8	4.0552175
4272.18	4.0634425
4277.45	4.0545175
4282.83	4.0662425
4288.15	4.0702675
4293.45	4.0811175
4298.93	4.0748175
4304.27	4.0723675
4309.58	4.0609925
4315	4.0753425
4320.28	4.0756925
4325.58	4.0758675
4331.05	4.0767425
4336.35	4.0770925
4341.7	4.0765675
4347.07	4.0783175
4352.47	4.0802425
4357.7	4.0807675
4363.17	4.1005425
4368.48	4.0762175
4373.87	4.1049175
4379.2	4.1077175
4384.6	4.1071925
4389.83	4.0840925
4395.3	4.0886425
4400.6	4.0898675
4405.95	4.0919675
4411.32	4.0891675
4416.67	4.0924925
4421.95	4.0914425
4427.43	4.1134925
4432.78	4.0900425
4438.13	4.1014175
4443.48	4.0879425
4448.82	4.1019425
4454.1	4.1290675
4459.55	4.0917925
4464.9	4.0910925
4470.22	4.0958175
4475.62	4.1162925
4480.93	4.1194425
4486.23	4.1070175
4491.7	4.1166425
4497	4.0952925
4502.35	4.1253925
4507.7	4.0984425
4513.1	4.1194425
4518.35	4.1120925
4523.82	4.1113925
4529.13	4.1138425
4534.52	4.1103425
4539.83	4.1294175
4545.23	4.1339675
4550.48	4.1224175
4555.95	4.1329175
4561.27	4.1159425
4566.63	4.1339675
4571.97	4.1229425
4577.32	4.1180425
4582.62	4.1383425
4588.08	4.1318675
4593.45	4.1245175
4598.75	4.1369425
4604.17	4.1341425
4609.47	4.1351925
4614.77	4.1360675
4620.25	4.1271425
4625.57	4.1400925
4630.88	4.1392175
4636.28	4.1392175
4641.58	4.1390425
4646.88	4.1372925
4652.3	4.1423675
4657.65	4.1430675
4663	4.1336175
4668.37	4.1455175
4673.72	4.1518175
4679	4.1463925
4684.48	4.1476175
4689.78	4.1525175
4695.18	4.1546175
4700.5	4.1383425
4705.88	4.1476175
4711.13	4.1430675
4716.6	4.1507675
4721.92	4.1421925
4727.3	4.1556675
4732.62	4.1455175
4737.98	4.1458675
4743.27	4.1595175
4748.7	4.1526925
4754.03	4.1500675
4759.4	4.1469175
4764.78	4.1567175
4770.12	4.1470925
4775.4	4.1593425
4780.87	4.1656425
4786.22	4.1644175
4791.53	4.1556675
4796.92	4.1561925
4802.23	4.1651175
4807.53	4.1595175
4812.95	4.1546175
4818.3	4.1656425
4823.67	4.1717675
4829.02	4.1707175
4834.37	4.1710675
4839.65	4.1558425
4845.15	4.1687925
4850.45	4.1775425
4855.83	4.1771925
4861.15	4.1637175
4866.5	4.1675675
4871.8	4.1840175
4877.25	4.1798175
4882.62	4.1742175
4887.93	4.1743925
4893.33	4.1794675
4898.63	4.1910175
4903.93	4.1882175
4909.35	4.1873425
4914.72	4.1689675
4920.05	4.1817425
4925.4	4.1883925
4930.77	4.1782425
4936.05	4.1822675
4941.5	4.1771925
4946.82	4.1806925
4952.22	4.1841925
4957.53	4.1747425
4962.93	4.1906675
4968.18	4.1654675
4973.65	4.1833175
4978.97	4.1689675
4984.4	4.1826175
4989.67	4.1845425
4995.07	4.1822675
5000.32	4.1857675
5005.78	4.1845425
5011.08	4.1834925
5016.45	4.1885675
5021.83	4.1845425
5027.15	4.1847175
5032.47	4.1924175
5037.9	4.1871675
5043.27	4.1969675
5048.62	4.1868175
5053.98	4.2079925
5059.28	4.1955675
5060.45	4.2044925
5060.57	4.2464925
5060.58	4.2706425
5060.6	4.3558675
5060.63	4.4087175
5060.65	4.4305925
5060.68	4.4883425
5060.7	4.5364675
5060.73	4.5793425
5060.75	4.6269425
5060.78	4.6678925
5060.8	4.6971175
5060.82	4.7245925
5060.85	4.7427925
5060.87	4.7366675
5060.9	4.7762175
5060.92	4.7935425
5060.95	4.7979175
5060.97	4.8605675
5061	4.8663425
5061.02	4.8826175
5061.05	4.8987175
5061.07	4.9216425
5061.08	4.9344175
5061.12	4.9508675
5061.15	4.9713425
5061.18	4.9981175
5061.2	5.0016175
5061.22	5.0311925
5061.25	5.0093175
5061.27	5.0441425
5061.3	5.0437925
5061.32	5.0696925
5061.33	5.0784425
5061.37	5.0780925
5061.38	5.0987425
5061.42	5.0978675
5061.43	5.1081925
5061.47	5.1255175
5061.48	5.1416175
5061.52	5.1568425
5061.53	5.1694425
5061.55	5.1703175
5061.58	5.1808175
5061.6	5.1916675
5061.63	5.2002425
5061.65	5.2004175
5061.68	5.2100425
5061.72	5.2285925
5061.75	5.2343675
5061.8	5.2572925
5061.85	5.2700675
5061.88	5.2823175
5061.93	5.2987675
5061.98	5.3176675
5062.03	5.3255425
5062.1	5.3367425
5062.17	5.3759425
5062.23	5.3906425
5062.3	5.4256425
5062.38	5.4405175
5062.47	5.4573175
5062.57	5.4739425
5062.67	5.4973925
5062.77	5.4886425
5062.88	5.4979175
5063	5.5246925
5063.15	5.5358925
5063.28	5.5434175
5063.45	5.5712425
5063.62	5.6004675
5063.8	5.6151675
5064	5.6457925
5064.2	5.6655675
5064.43	5.7030175
5064.68	5.7124675
5064.95	5.7367925
5065.25	5.7271675
5065.55	5.7476425
5065.92	5.7896425
5066.27	5.8116925
5066.65	5.8270925
5067.07	5.8608675
5067.53	5.8927175
5068.13	5.9161675
5068.67	5.9457425
5069.2	5.9891425
5069.82	5.9989425
5070.48	6.0143425
5071.22	6.0430425
5072.07	6.0764675
5072.88	6.1097175
5073.8	6.1116425
5074.78	6.1214425
5075.8	6.1272175
5076.97	6.1679925
5078.2	6.1653675
5079.55	6.1940675
5081	6.2108675
5082.6	6.2306425
5084.3	6.2628425
5086.07	6.2647675
5088.05	6.2735175
5090.18	6.2932925
5092.42	6.3130675
5095	6.3195425
5097.68	6.3314425
5100.52	6.3487675
5103.7	6.3391425
5107.02	6.3435175
5110.68	6.3695925
5114.65	6.3755425
5118.85	6.3909425
5123.4	6.4009175
5128.42	6.4044175
5133.85	6.4010925
5139.12	6.3998675
5144.53	6.4035425
5149.83	6.3972425
5155.13	6.4170175
5160.53	6.4007425
5165.93	6.4051175
5171.25	6.4000425
5176.6	6.4030175
5181.97	6.4040675
5187.25	6.3982925
5192.67	6.4042425
5198.03	6.4017925
5203.42	6.3947925
5208.73	6.4026675
5214.13	6.4007425
5219.38	6.4016175
5224.83	6.4075675
5230.2	6.4058175
5235.55	6.4019675
5240.87	6.4026675
5246.27	6.4065175
5251.52	6.4033675
5256.98	6.4037175
5262.28	6.3984675
5267.63	6.4038925
5273	6.4037175
5278.35	6.4012675
5283.67	6.4017925
5289.12	6.4030175
5294.45	6.4061675
5299.78	6.4038925
5305.18	6.4026675
5310.5	6.4054675
5315.78	6.4056425
5321.23	6.4052925
5326.58	6.4038925
5331.9	6.4052925
5337.25	6.4030175
5342.62	6.4031925
5347.92	6.4012675
5353.35	6.4038925
5358.72	6.4042425
5364.07	6.4058175
5369.38	6.4035425
5374.8	6.4066925
5380.03	6.4089675
5385.48	6.4010925
5390.85	6.3989925
5396.22	6.4040675
5401.52	6.4054675
5406.92	6.4003925
5412.17	6.3982925
5417.63	6.4054675
5422.93	6.4037175
5428.3	6.4033675
5433.65	6.4056425
5439	6.4065175
5444.3	6.3958425
5449.77	6.4031925
5455.1	6.4044175
5460.43	6.4024925
5465.82	6.4040675
5471.13	6.4037175
5476.43	6.4051175
5481.88	6.4059925
5487.25	6.3998675
5492.55	6.4045925
5497.95	6.4021425
5503.25	6.4049425
5508.55	6.3956675
5514.02	6.4075675
5519.37	6.4037175
5524.73	6.4075675
5530.03	6.4047675
5535.43	6.4066925
5540.68	6.4124675
5546.13	6.4073925
5551.45	6.4014425
5556.83	6.4059925
5562.17	6.4063425
5567.55	6.4077425
5572.82	6.4100175
5578.3	6.4077425
5583.58	6.4061675
5588.93	6.4054675
5594.3	6.4054675
5599.7	6.3977675
5604.95	6.3960175
5610.4	6.4054675
5615.77	6.4059925
5621.23	6.4059925
5626.47	6.4066925
5631.82	6.4072175
5637.08	6.4131675
5642.53	6.4077425
5647.88	6.4059925
5653.25	6.4059925
5658.6	6.3979425
5663.97	6.4086175
5669.22	6.4222675
5674.67	6.4073925
5680.03	6.4100175
5685.38	6.4101925
5690.77	6.4096675
5696.1	6.4030175
5701.35	6.4058175
5706.8	6.4121175
5712.15	6.4072175
5717.52	6.4086175
5722.83	6.4033675
5728.22	6.4133425
5733.47	6.4065175
5738.93	6.4073925
5744.27	6.4073925
5749.6	6.4056425
5754.95	6.4073925
5760.3	6.4072175
5765.6	6.4108925
5771.05	6.4087925
5776.4	6.4115925
5781.72	6.4110675
5787.12	6.4084425
5792.43	6.4094925
5797.73	6.4086175
5803.18	6.4073925
5808.55	6.4100175
5813.87	6.4103675
5819.25	6.4086175
5824.57	6.4096675
5829.87	6.4086175
5835.32	6.4056425
5840.63	6.4135175
5845.98	6.4086175
5851.35	6.4070425
5856.73	6.4073925
5861.98	6.4114175
5867.45	6.4068675
5872.77	6.4107175
5878.17	6.4096675
5883.47	6.4058175
5888.87	6.4080925
5894.12	6.4101925
5899.58	6.4019675
5904.9	6.4117675
5910.3	6.4082675
5915.62	6.4063425
5920.97	6.4038925
5926.25	6.4175425
5931.73	6.4124675
5937.05	6.4093175
5942.38	6.4180675
5947.77	6.4159675
5953.1	6.4133425
5958.4	6.4073925
5963.83	6.4140425
5969.2	6.4194675
5974.57	6.4101925
5979.9	6.4203425
5985.23	6.4184175
5990.53	6.4229675
5995.98	6.4191175
6001.28	6.4191175
6006.63	6.4199925
6012	6.4184175
6017.35	6.4191175
6022.63	6.4310175
6028.13	6.4070425
6033.42	6.4089675
6038.82	6.4066925
6044.13	6.4126425
6049.52	6.4121175
6050.53	6.4147425
6050.6	6.3183175
6050.63	6.3828925
6050.67	6.4159675
6050.7	6.5213175
6050.73	6.5900925
6050.77	6.6572925
6050.8	6.7265925
6050.83	6.7678925
6050.87	6.8158425
6050.9	6.8408675
6050.92	6.8737675
6050.95	6.9056175
6050.98	6.9073675
6051.02	6.9369425
6051.05	6.9371175
6051.08	6.9656425
6051.12	6.9829675
6051.15	6.9945175
6051.18	7.0683675
6051.2	7.0407175
6051.22	7.0697675
6051.25	7.0772925
6051.27	7.0968925
6051.28	7.0874425
6051.32	7.1038925
6051.35	7.1073925
6051.37	7.1079175
6051.4	7.1189425
6051.42	7.1201675
6051.43	7.1392425
6051.47	7.1327675
6051.5	7.1520175
6051.52	7.1423925
6051.55	7.1541175
6051.57	7.1534175
6051.58	7.1598925
6051.62	7.1632175
6051.63	7.1607675
6051.67	7.1700425
6051.68	7.1726675
6051.72	7.1882425
6051.73	7.1794925
6051.77	7.1873675
6051.8	7.1838675
6051.83	7.2216675
6051.87	7.2123925
6051.92	7.2204425
6051.95	7.2356675
6052	7.2536925
6052.05	7.2608675
6052.1	7.2535175
6052.17	7.2634925
6052.23	7.2951675
6052.3	7.2976175
6052.37	7.3012925
6052.45	7.3061925
6052.53	7.3219425
6052.63	7.3182675
6052.73	7.3306925
6052.83	7.3340175
6052.95	7.3609675
6053.08	7.3679675
6053.22	7.3847675
6053.35	7.3929925
6053.52	7.4131175
6053.68	7.4073425
6053.87	7.4299175
6054.07	7.4540675
6054.28	7.4598425
6054.52	7.4703425
6054.77	7.4864425
6055.03	7.4941425
6055.32	7.4925675
6055.63	7.5263425
6055.97	7.5420925
6056.33	7.5641425
6056.73	7.5896925
6057.15	7.5818175
6057.62	7.6063175
6058.22	7.6316925
6058.73	7.6530425
6059.32	7.6591675
6059.95	7.6712425
6060.6	7.6927675
6061.35	7.7254925
6062.08	7.7303925
6062.92	7.7557675
6063.83	7.7725675
6064.83	7.7858675
6065.88	7.8254175
6067.05	7.8472925
6068.33	7.8544675
6069.65	7.8702175
6071.13	7.8751175
6072.63	7.8964675
6074.33	7.9153675
6076.15	7.9157175
6078.17	7.9456425
6080.28	7.9440675
6082.48	7.9622675
6085.03	7.9857175
6087.7	7.9942925
6090.65	7.9998925
6093.77	8.0147675
6097.1	8.0210675
6100.8	8.0467925
6104.68	8.0485425
6108.98	8.0793425
6113.47	8.0768925
6118.55	8.0840675
6123.87	8.1034925
6129.25	8.1094425
6134.55	8.0929925
6139.97	8.1073425
6145.2	8.1076925
6150.67	8.1248425
6156.03	8.1241425
6161.38	8.1237925
6166.68	8.1327175
6172.07	8.1265925
6177.33	8.1258925
6182.75	8.1269425
6188.15	8.1283425
6193.45	8.1306175
6198.87	8.1381425
6204.18	8.1407675
6209.48	8.1381425
6214.88	8.1538925
6220.28	8.1390175
6225.58	8.1460175
6230.98	8.1407675
6236.32	8.1425175
6241.6	8.1386675
6247	8.1421675
6252.42	8.1393675
6257.72	8.1412925
6263.08	8.1444425
6268.45	8.1419925
6273.73	8.1500425
6279.18	8.1526675
6284.55	8.1533675
6289.88	8.1552925
6295.2	8.1398925
6300.6	8.1563425
6305.85	8.1384925
6311.32	8.1568675
6316.63	8.1493425
6322.05	8.1418175
6327.35	8.1405925
6332.73	8.1390175
6337.98	8.1416425
6343.4	8.1404175
6348.75	8.1416425
6354.12	8.1412925
6359.47	8.1397175
6364.83	8.1377925
6370.13	8.1512675
6375.53	8.1405925
6380.93	8.1530175
6386.23	8.1519675
6391.63	8.1416425
6396.95	8.1421675
6402.27	8.1379675
6407.67	8.1404175
6413.07	8.1496925
6418.37	8.1442675
6423.72	8.1451425
6429.08	8.1568675
6434.38	8.1614175
6439.78	8.1514425
6445.18	8.1516175
6450.55	8.1561675
6455.9	8.1593175
6461.25	8.1605425
6466.5	8.1636925
6471.97	8.1594925
6477.28	8.1617675
6482.68	8.1579175
6487.98	8.1638675
6493.38	8.1621175
6498.63	8.1692925
6504.08	8.1657925
6509.42	8.1659675
6514.77	8.1705175
6520.12	8.1621175
6525.47	8.1636925
6530.77	8.1696425
6536.18	8.1740175
6541.58	8.1710425
6546.88	8.1699925
6552.3	8.1729675
6557.62	8.1764675
6562.92	8.1664925
6568.32	8.1673675
6573.73	8.1736675
6579.03	8.1745425
6584.42	8.1783925
6589.78	8.1701675
6595.03	8.1706925
6600.45	8.1745425
6605.83	8.1748925
6611.2	8.1754175
6616.52	8.1755925
6621.92	8.1771675
6627.17	8.1733175
6632.62	8.1734925
6637.98	8.1734925
6643.33	8.1759425
6648.65	8.1768175
6654.05	8.1769925
6659.3	8.1687675
6664.75	8.1724425
6670.07	8.1766425
6675.43	8.1696425
6680.78	8.1698175
6686.18	8.1717425
6691.43	8.1717425
6696.87	8.1745425
6702.25	8.1768175
6707.62	8.1701675
6712.97	8.1748925
6718.3	8.1734925
6723.58	8.1801425
6729	8.1741925
6734.38	8.1724425
6739.73	8.1731425
6745.1	8.1698175
6750.45	8.1740175
6755.7	8.1715675
6761.15	8.1741925
6766.5	8.1754175
6770.6	8.1724425
6770.65	8.1673675
6770.67	8.1517925
6770.7	8.1440925
6770.72	8.1547675
6770.73	8.1759425
6770.77	8.2189925
6770.78	8.2294925
6770.82	8.2357925
6770.83	8.2398175
6770.85	8.2401675
6770.88	8.2417425
6770.9	8.2436675
6770.93	8.2545175
6770.95	8.2662425
6770.98	8.2737675
6771	8.2861925
6771.03	8.2886425
6771.05	8.2977425
6771.08	8.3110425
6771.1	8.3112175
6771.13	8.3176925
6771.15	8.3141925
6771.17	8.3255675
6771.2	8.3411425
6771.22	8.3418425
6771.25	8.3441175
6771.27	8.3434175
6771.28	8.3509425
6771.32	8.3502425
6771.33	8.3502425
6771.37	8.3493675
6771.38	8.3593425
6771.42	8.3584675
6771.43	8.3563675
6771.47	8.3673925
6771.48	8.3694925
6771.5	8.3768425
6771.53	8.3868175
6771.55	8.3817425
6771.58	8.3826175
6771.6	8.3864675
6771.63	8.3885675
6771.65	8.3911925
6771.68	8.3885675
6771.72	8.3938175
6771.73	8.3883925
6771.75	8.3966175
6771.78	8.3922425
6771.82	8.3995925
6771.83	8.4027425
6771.87	8.4065925
6771.9	8.4058925
6771.93	8.4160425
6771.98	8.4177925
6772.03	8.4228675
6772.08	8.4242675
6772.13	8.4274175
6772.18	8.4321425
6772.25	8.4401925
6772.32	8.4414175
6772.38	8.4473675
6772.45	8.4485925
6772.53	8.4526175
6772.62	8.4522675
6772.7	8.4618925
6772.8	8.4774675
6772.92	8.4806175
6773.03	8.4848175
6773.15	8.4891925
6773.3	8.4981175
6773.43	8.4998675
6773.58	8.5051175
6773.77	8.5030175
6773.95	8.5201675
6774.15	8.5177175
6774.35	8.5152675
6774.58	8.5252425
6774.83	8.5464175
6775.1	8.5495675
6775.38	8.5593675
6775.68	8.5793175
6776.03	8.5616425
6776.4	8.5682925
6776.78	8.5854425
6777.2	8.6066175
6777.67	8.6123925
6778.22	8.6123925
6778.77	8.6183425
6779.33	8.6213175
6779.97	8.6309425
6780.65	8.6335675
6781.37	8.6433675
6782.18	8.6517675
6783.03	8.6571925
6783.97	8.6631425
6784.93	8.6643675
6785.95	8.6697925
6787.12	8.6829175
6788.35	8.6885175
6789.68	8.6949925
6791.13	8.6995425
6792.75	8.7053175
6794.43	8.7039175
6796.25	8.7327925
6798.23	8.7413675
6800.32	8.7487175
6802.57	8.7541425
6805.13	8.7709425
6807.77	8.7719925
6810.67	8.7872175
6813.87	8.7973675
6817.17	8.8048925
6820.82	8.8048925
6824.8	8.8136425
6829.02	8.8232675
6833.55	8.8395425
6838.55	8.8430425
6843.95	8.8500425
6849.27	8.8682425
6854.65	8.8720925
6860	8.8792675
6865.28	8.8883675
6870.68	8.8801425
6876.07	8.8906425
6881.38	8.8976425
6886.75	8.8988675
6892.17	8.9032425
6897.42	8.9090175
6902.82	8.9123425
6908.17	8.9205675
6913.57	8.9226675
6918.88	8.9151425
6924.28	8.9277425
6929.53	8.9275675
6935	8.9294925
6940.3	8.9315925
6945.68	8.9307175
6951.02	8.9336925
6956.4	8.9382425
6961.67	8.9436675
6967.07	8.9440175
6972.43	8.9459425
6977.78	8.9445425
6983.13	8.9496175
6988.53	8.9483925
6993.8	8.9580175
6999.25	8.9513675
7004.6	8.9592425
7009.95	8.9581925
7015.32	8.9583675
7020.67	8.9602925
7025.93	8.9627425
7031.38	8.9601175
7036.75	8.9611675
7042.05	8.9608175
7047.45	8.9622175
7052.77	8.9615175
7058.05	8.9632675
7063.47	8.9657175
7068.83	8.9630925
7074.22	8.9672925
7079.53	8.9634425
7084.93	8.9667675
7090.18	8.9700925
7095.67	8.9714925
7100.95	8.9702675
7106.35	8.9788425
7111.67	8.9830425
7117.08	8.9779675
7122.33	8.9762175
7127.77	8.9777925
7133.08	8.9847925
7138.45	8.9889925
7143.8	8.9903925
7149.18	8.9853175
7154.45	8.9793675
7159.87	8.9921425
7165.25	8.9842675
7170.57	8.9819925
7175.97	8.9921425
7181.33	8.9947675
7186.58	8.9889925
7191.98	8.9933675
7197.4	8.9935425
7202.73	8.9928425
7208.08	8.9910925
7213.4	8.9937175
7218.7	8.9868925
7224.12	8.9933675
7229.47	8.9944175
7234.83	8.9942425
7240.18	8.9958175
7245.58	8.9966925
7250.83	8.9931925
7256.28	8.9956425
7261.6	8.9951175
7267	8.9963425
7272.32	8.9956425
7277.7	8.9973925
7282.97	8.9989675
7288.4	8.9989675
7293.73	8.9970425
7299.08	8.9989675
7304.45	8.9979175
7309.85	8.9996675
7315.1	8.9989675
7320.52	8.9972175
7325.9	8.9972175
7331.23	8.9970425
7336.63	8.9973925
7341.98	9.0050925
7347.23	8.9970425
7352.65	9.0024675
7358.03	8.9989675
7363.35	9.0038675
7368.73	9.0057925
7374.05	9.0061425
7379.37	9.0031675
7384.77	9.0036925
7390.18	8.9954675
7395.52	9.0035175
7400.87	8.9982675
7406.25	9.0063175
7411.48	8.9984425
7416.95	9.0054425
7422.27	8.9979175
7427.65	9.0036925
7433	8.9986175
7438.37	9.0078925
7443.62	8.9975675
7449.07	9.0001925
7454.38	9.0049175
7459.77	9.0057925
7465.15	9.0071925
7470.5	9.0043925
7475.75	9.0063175
7481.17	9.0084175
7486.52	9.0075425
7491.88	8.9986175
7497.27	9.0075425
7502.63	9.0064925
7507.9	9.0108675
7513.3	9.0059675
7518.68	9.0101675
7524	9.0068425
7529.4	9.0001925
7534.72	9.0084175
7540.02	9.0147175
7545.45	8.9991425
7550.78	9.0140175
7556.13	9.0087675
7561.53	9.0003675
7566.85	9.0113925
7572.15	9.0012425
7577.6	9.0091175
7582.92	9.0099925
7588.32	9.0000175
7593.67	9.0105175
7599	9.0029925
7604.27	9.0082425
7609.72	8.9994925
7615.05	9.0075425
7620.43	9.0078925
7625.78	8.9989675
7631.13	9.0066675
7636.4	9.0003675
7641.82	9.0087675
7647.17	9.0113925
7652.53	8.9996675
7657.93	9.0024675
7663.28	9.0127925
7668.55	9.0162925
7673.95	9.0105175
7679.37	9.0120925
7684.65	9.0094675
7690.07	9.0012425
7695.42	9.0113925
7700.67	9.0001925
7706.08	9.0071925
7711.48	9.0005425
7716.78	9.0131425
7722.18	8.9991425
7727.5	9.0085925
7730.68	9.0136675
7730.73	9.0379925
7730.77	9.0274925
7730.8	8.9723675
7730.83	9.0365925
7730.87	9.0182175
7730.9	9.0038675
7730.93	9.0099925
7730.97	9.0236425
7731	9.0304675
7731.03	9.0339675
7731.07	9.0341425
7731.1	9.0329175
7731.13	9.0437675
7731.17	9.0486675
7731.2	9.0589925
7731.23	9.0598675
7731.27	9.0542675
7731.3	9.0544425
7731.33	9.0673925
7731.37	9.0680925
7731.4	9.0722925
7731.43	9.0721175
7731.47	9.0855925
7731.5	9.0892675
7731.53	9.0978425
7731.55	9.0990675
7731.57	9.0878675
7731.6	9.0983675
7731.62	9.0987175
7731.65	9.1016925
7731.67	9.1041425
7731.7	9.1027425
7731.72	9.1055425
7731.73	9.1051925
7731.77	9.1120175
7731.8	9.1064175
7731.82	9.1191925
7731.83	9.1155175
7731.87	9.1162175
7731.9	9.1233925
7731.92	9.1223425
7731.95	9.1191925
7731.98	9.1293425
7732.03	9.1291675
7732.07	9.1197175
7732.12	9.1310925
7732.17	9.1394925
7732.22	9.1363425
7732.27	9.1358175
7732.33	9.1393175
7732.38	9.1317925
7732.47	9.1550675
7732.53	9.1489425
7732.62	9.1520925
7732.7	9.1632925
7732.78	9.1573425
7732.88	9.1660925
7733	9.1688925
7733.12	9.1683675
7733.23	9.1692425
7733.37	9.1716925
7733.52	9.1722175
7733.67	9.1786925
7733.85	9.1832425
7734.02	9.1713425
7734.22	9.1886675
7734.43	9.2024925
7734.67	9.2000425
7734.92	9.2056425
7735.18	9.2147425
7735.47	9.2119425
7735.78	9.2247175
7736.12	9.2236675
7736.48	9.2259425
7736.88	9.2387175
7737.3	9.2415175
7737.77	9.2513175
7738.35	9.2555175
7738.88	9.2493925
7739.5	9.2598925
7740.08	9.2731925
7740.77	9.2838675
7741.5	9.2817675
7742.23	9.2920925
7743.08	9.2990925
7743.98	9.3046925
7744.97	9.3073175
7746.05	9.3167675
7747.2	9.3249925
7748.47	9.3325175
7749.82	9.3424925
7751.28	9.3472175
7752.8	9.3500175
7754.52	9.3620925
7756.32	9.3710175
7758.28	9.3818675
7760.43	9.3925425
7762.65	9.4068925
7765.18	9.4079425
7767.87	9.4179175
7770.8	9.4315675
7773.88	9.4417175
7777.25	9.4490675
7780.93	9.4452175
7784.85	9.4656925
7789.13	9.4821425
7793.62	9.4840675
7798.65	9.4970175
7804	9.4977175
7809.4	9.5192425
7814.75	9.5265925
7820.1	9.5367425
7825.35	9.5404175
7830.8	9.5538925
7836.15	9.5915175
7841.52	9.5955425
7846.85	9.5992175
7852.22	9.6048175
7857.5	9.6088425
7862.93	9.6284425
7868.3	9.6300175
7873.65	9.6350925
7879	9.6305425
7884.35	9.6357925
7889.63	9.6443675
7895.07	9.6529425
7900.42	9.6620425
7905.73	9.6615175
7911.15	9.6641425
7916.48	9.6713175
7921.77	9.6686925
7927.23	9.6695675
7932.55	9.6860175
7937.87	9.6886425
7943.23	9.6898675
7948.58	9.7005425
7953.88	9.7008925
7959.3	9.7134925
7964.65	9.7136675
7970.05	9.7152425
7975.37	9.7185675
7980.75	9.7182175
7986.02	9.7183925
7991.47	9.7330925
7996.78	9.7355425
8002.18	9.7469175
8007.48	9.7432425
8012.88	9.7481425
8018.15	9.7497175
8023.6	9.7511175
8028.97	9.7516425
8034.3	9.7556675
8039.65	9.7542675
8044.97	9.7661675
8050.28	9.7733425
8055.68	9.7747425
8061.08	9.7864675
8066.4	9.7824425
8071.78	9.7861175
8077.15	9.7868175
8082.42	9.7911925
8087.87	9.8027425
8093.2	9.8039675
8098.57	9.8071175
8103.92	9.8051925
8109.28	9.8116675
8114.55	9.8183175
8119.98	9.8125425
8125.35	9.8358175
8130.7	9.8331925
8136.07	9.8380925
8141.42	9.8401925
8146.68	9.8396675
8152.12	9.8401925
8157.48	9.8468425
8162.83	9.8400175
8168.18	9.8438675
8173.53	9.8498175
8178.78	9.8620675
8184.25	9.8725675
8189.6	9.8722175
8194.97	9.8743175
8200.32	9.8706425
8205.65	9.8804425
8210.93	9.8872675
8216.38	9.8830675
8221.73	9.8856925
8227.08	9.8942675
8232.43	9.8940925
8237.8	9.8953175
8243.07	9.9052925
8248.47	9.9044175
8253.87	9.9075675
8259.18	9.9143925
8264.58	9.9191175
8269.88	9.9210425
8275.18	9.9201675
8280.63	9.9297925
8286	9.9301425
8291.37	9.9376675
8296.7	9.9345175
8302.07	9.9416925
8307.32	9.9486925
8312.77	9.9436175
8318.08	9.9469425
8323.48	9.9464175
8328.82	9.9450175
8334.18	9.9476425
8339.45	9.9506175
8344.9	9.9474675
8350.22	9.9532425
8355.6	9.9507925
8360.97	9.9551675
8366.33	9.9577925
8371.58	9.9514925
8376.98	9.9546425
8382.38	9.9644425
8387.7	9.9698675
8393.1	9.9661925
8398.47	9.9688175
8403.73	9.9744175
8409.13	9.9754675
8414.52	9.9770425
8419.83	9.9759925
8425.22	9.9754675
8430.6	9.9798425
8435.85	9.9754675
8441.25	9.9800175
8446.6	9.9784425
8451.97	9.9833425
8457.35	9.9852675
8462.7	9.9821175
8467.97	9.9819425
8473.42	9.9891175
8478.73	9.9882425
8484.12	9.9926175
8489.5	9.9922675
8494.85	9.9938425
8500.1	9.9934925
8505.55	9.9968175
8510.87	9.9950675
8516.27	9.9961175
8521.62	9.9971675
8526.97	9.9978675
8532.23	10.0001425
8537.63	10.0024175
8543	9.9987425
8548.35	10.0010175
8553.75	10.0099425
8559.12	10.0018925
8564.37	10.0213175
8569.77	10.0164175
8575.17	10.0099425
8580.48	10.0218425
8585.88	10.0207925
8591.18	10.0267425
8596.5	10.0274425
8601.92	10.0220175
8607.3	10.0267425
8612.62	10.0284925
8618	10.0270925
8623.32	10.0272675
8628.62	10.0263925
8634.07	10.0300675
8639.38	10.0293675
8644.78	10.0277925
8650.13	10.0300675
8655.48	10.0297175
8660.75	10.0249925
8666.22	10.0279675
8671.52	10.0290175
8676.92	10.0325175
8682.27	10.0298925
8687.62	10.0290175
8692.88	10.0381175
8698.3	10.0368925
8703.65	10.0349675
8709	10.0325175
8714.4	10.0391675
8719.77	10.0423175
8725.03	10.0314675
8730.43	10.0431925
8735.82	10.0400425
8741.25	10.0426675
8746.55	10.0403925
8751.85	10.0466925
8757.17	10.0370675
8762.57	10.0465175
8767.97	10.0466925
8773.28	10.0459925
8778.68	10.0479175
8783.98	10.0466925
8789.28	10.0449425
8794.7	10.0556175
8800.05	10.0487925
8805.45	10.0461675
8810.8	10.0465175
8816.15	10.0468675
8821.42	10.0557925
8826.9	10.0458175
8832.18	10.0470425
8837.57	10.0472175
8842.93	10.0573675
8848.28	10.0561425
8853.55	10.0482675
8858.97	10.0584175
8864.32	10.0500175
8869.67	10.0564925
8875.05	10.0645425
8880.37	10.0647175
8885.68	10.0659425
8891.08	10.0507175
8896.48	10.0652425
8901.8	10.0659425
8907.18	10.0505425
8912.5	10.0671675
8917.82	10.0648925
8923.22	10.0654175
8928.6	10.0557925
8933.92	10.0557925
8939.32	10.0654175
8944.63	10.0669925
8949.93	10.0710175
8955.33	10.0678675
8960.7	10.0578925
8966.05	10.0680425
8971.45	10.0664675
8976.8	10.0666425
8982.07	10.0606925
8987.53	10.0732925
8992.82	10.0669925
8998.22	10.0706675
9003.6	10.0704925
9008.93	10.0690925
9014.2	10.0615675
9019.63	10.0682175
9024.97	10.0718925
9030.35	10.0699675
9035.7	10.0724175
9041.07	10.0767925
9046.32	10.0780175
9051.75	10.0732925
9057.1	10.0769675
9062.45	10.0778425
9067.83	10.0706675
9073.17	10.0722425
9078.47	10.0794175
9083.87	10.0783675
9089.27	10.0790675
9094.58	10.0732925
9099.97	10.0846675
9105.3	10.0769675
9110.6	10.0871175
9116	10.0883425
9121.38	10.0872925
9126.72	10.0878175
9132.12	10.0795925
9137.42	10.0888675
9142.72	10.0787175
9148.15	10.0900925
9153.48	10.0792425
9158.88	10.0969175
9164.25	10.0899175
9169.6	10.0946425
9174.85	10.0801175
9180.3	10.0953425
9185.62	10.0986675
9191.02	10.0988425
9196.37	10.0797675
9201.73	10.0809925
9206.98	10.0811675
9212.4	10.0815175
9217.75	10.0823925
9223.1	10.0815175
9228.47	10.1123175
9233.82	10.0946425
9239.13	10.1110925
9244.58	10.0827425
9249.92	10.1081175
9255.28	10.0965675
9260.63	10.1131925
9265.98	10.1114425
9271.27	10.0939425
9276.72	10.0963925
9282.07	10.1133675
9287.38	10.1168675
9292.78	10.1019925
9298.08	10.1004175
9303.38	10.1025175
9308.83	10.1011175
9314.2	10.1035675
9319.55	10.1030425
9324.9	10.1173925
9330.25	10.1173925
9335.52	10.1011175
9340.97	10.1170425
9346.32	10.1177425
9351.68	10.1030425
9357.03	10.1035675
9362.38	10.1182675
9367.65	10.1189675
9373.1	10.1173925
9378.42	10.1037425
9383.77	10.1026925
9389.12	10.1042675
9394.47	10.1044425
9399.77	10.1278925
9405.2	10.1194925
9410.6	10.1208925
9415.9	10.1187925
9421.3	10.1180925
9426.6	10.1184425
9431.92	10.1299925
9437.32	10.1079425
9442.72	10.1049675
9448.02	10.1187925
9453.42	10.1074175
9458.73	10.1060175
9464.03	10.1053175
9469.52	10.1180925
9474.83	10.1193175
9480.2	10.1245675
9485.57	10.1189675
9490.9	10.1109175
9496.18	10.1058425
9501.63	10.1207175
9506.97	10.1075925
9512.33	10.1095175
9517.68	10.1221175
9523.03	10.1254425
9528.3	10.1231675
9533.78	10.1205425
9539.07	10.1128425
9544.45	10.1229925
9549.77	10.1203675
9555.13	10.1224675
9560.43	10.1151175
9560.73	10.1091675
9560.8	10.1371675
9560.82	10.1399675
9560.85	10.1322675
9560.87	10.1205425
9560.88	10.1163425
9560.92	10.0790675
9560.93	10.0788925
9560.97	10.0939425
9560.98	10.1154675
9561.02	10.0804675
9561.03	10.1655175
9561.07	10.1170425
9561.1	10.0925425
9561.13	10.0942925
9561.17	10.0946425
9561.2	10.1298175
9561.23	10.1504675
9561.25	10.1273675
9561.28	10.1035675
9561.32	10.1415425
9561.35	10.1586925
9561.38	10.1277175
9561.42	10.1068925
9561.45	10.1025175
9561.48	10.1215925
9561.52	10.1154675
9561.55	10.1718175
9561.58	10.1606175
9561.62	10.1189675
9561.65	10.1210675
9561.68	10.1252675
9561.72	10.1891425
9561.75	10.1910675
9561.78	10.1509925
9561.82	10.2029675
9561.85	10.2022675
9561.88	10.1947425
9561.92	10.2022675
9561.95	10.1256175
9561.98	10.2026175
9562.02	10.1264925
9562.05	10.2013925
9562.08	10.1954425
9562.12	10.1991175
9562.15	10.1565925
9562.2	10.1298175
9562.23	10.1557175
9562.28	10.2034925
9562.33	10.1973675
9562.4	10.1877425
9562.45	10.1450425
9562.52	10.1847675
9562.58	10.1884425
9562.65	10.1963175
9562.73	10.1774175
9562.82	10.1585175
9562.9	10.2001675
9563.02	10.1991175
9563.12	10.1968425
9563.23	10.2008675
9563.35	10.2017425
9563.5	10.1957925
9563.65	10.2111925
9563.8	10.2003425
9563.97	10.2131175
9564.15	10.2083925
9564.35	10.2113675
9564.57	10.2209925
9564.78	10.2250175
9565.03	10.2146925
9565.3	10.2174925
9565.58	10.2246675
9565.9	10.2220425
9566.23	10.2288675
9566.6	10.2208175
9566.98	10.2274675
9567.42	10.2304425
9567.87	10.2446175
9568.43	10.2418175
9568.97	10.2463675
9569.55	10.2405925
9570.17	10.2402425
9570.85	10.2439175
9571.62	10.2472425
9576.4	10.2097925
9576.44	10.2337675
9576.47	10.2234425
9576.5	10.2334175
9576.54	10.2160925
9576.55	10.2278175
9576.59	10.2227425
9576.62	10.2218675
9576.64	10.2232675
9576.67	10.2218675
9576.7	10.2248425
9576.74	10.2334175
9576.77	10.2348175
9576.8	10.2342925
9576.84	10.2323675
9576.85	10.2349925
9576.89	10.2362175
9576.92	10.2363925
9576.94	10.2398925
9576.97	10.2300925
9577	10.2353425
9577.04	10.2369175
9577.07	10.2428675
9577.1	10.2321925
9577.12	10.2306175
9577.15	10.2304425
9577.19	10.2330675
9577.22	10.2407675
9577.25	10.2304425
9577.29	10.2314925
9577.32	10.2323675
9577.34	10.2327175
9577.37	10.2323675
9577.4	10.2302675
9577.44	10.2314925
9577.47	10.2290425
9577.49	10.2202925
9577.52	10.2251925
9577.55	10.2281675
9577.59	10.2255425
9577.62	10.2237925
9577.65	10.2230925
9577.69	10.2199425
9577.72	10.2206425
9577.75	10.2236175
9577.79	10.2180175
9577.84	10.2229175
9577.89	10.2241425
9577.94	10.2236175
9577.99	10.2220425
9578.07	10.2244925
9578.1	10.2213425
9578.17	10.2206425
9578.25	10.2306175
9578.34	10.2351675
9578.42	10.2313175
9578.5	10.2300925
9578.62	10.2300925
9578.72	10.2353425
9578.84	10.2346425
9578.95	10.2232675
9579.09	10.2201175
9579.24	10.2236175
9579.4	10.2215175
9579.57	10.2243175
9579.95	10.2323675
9580.15	10.2323675
9580.39	10.2318425
9580.64	10.2218675
9580.9	10.2281675
9581.19	10.2239675
9581.5	10.2302675
9581.84	10.2346425
9582.2	10.2260675
9582.6	10.2269425
9583	10.2321925
9583.47	10.2337675
9584.04	10.2248425
9584.59	10.2255425
9585.15	10.2320175
9585.77	10.2236175
9586.49	10.2332425
9587.22	10.2244925
9588	10.2334175
9588.85	10.2241425
9589.74	10.2335925
9590.7	10.2225675
9591.8	10.2334175
9593.25	10.2337675
9594.19	10.2236175
9595.54	10.2246675
9596.47	10.2330675
9596.55	10.1553675
9596.59	10.1518675
9596.62	10.1973675
9596.64	10.1632425
9596.67	10.1716425
9596.7	10.1690175
9596.74	10.1609675
9596.77	10.2062925
9596.8	10.2197675
9596.82	10.2120675
9596.85	10.2145175
9596.9	10.1994675
9596.94	10.2082175
9596.95	10.1978925
9596.99	10.1989425
9597.02	10.2099675
9597.05	10.2013925
9597.07	10.2127675
9597.1	10.2153925
9597.12	10.2099675
9597.17	10.2139925
9597.19	10.2148675
9597.22	10.2122425
9597.25	10.2104925
9597.27	10.2071675
9597.3	10.1968425
9597.34	10.1845925
9597.39	10.1966675
9597.42	10.1999925
9597.49	10.1438175
9597.52	10.1249175
9597.55	10.1387425
9597.57	10.1226425
9597.6	10.1621925
9597.64	10.1565925
9597.67	10.1730425
9597.7	10.1562425
9597.74	10.1761925
9597.77	10.1882675
9597.82	10.1684925
9597.87	10.1782925
9597.94	10.1842425
9597.97	10.1968425
9598	10.1712925
9598.04	10.1872175
9598.07	10.2015675
9598.1	10.2043675
9598.14	10.1987675
9598.17	10.1894925
9598.2	10.1763675
9598.24	10.1758425
9598.27	10.1978925
9598.3	10.1879175
9598.34	10.2006925
9598.37	10.2078675
9598.4	10.2045425
9598.42	10.2001675
9598.45	10.1929925
9598.49	10.1949175
9598.52	10.1747925
9598.59	10.1868675
9598.62	10.1719925
9598.64	10.2024425
9598.67	10.1998175
9598.7	10.1851175
9598.74	10.2026175
9598.77	10.2064675
9598.79	10.2008675
9598.82	10.2062925
9598.85	10.1830175
9598.89	10.2026175
9598.92	10.1985925
9598.95	10.1954425
9598.97	10.1905425
9599	10.2040175
9599.04	10.1845925
9599.07	10.2082175
9599.1	10.2012175
9599.12	10.2131175
9599.15	10.1998175
9599.19	10.2127675
9599.22	10.2138175
9599.25	10.2047175
9599.29	10.2071675
9599.32	10.1984175
9599.34	10.2129425
9599.37	10.1989425
9599.4	10.2026175
9599.44	10.2013925
9599.45	10.1900175
9599.49	10.2148675
9599.54	10.2073425
