HEADER	
'time'	'total volume'
UNITS	
'min'	'cm^3'
0.02	-0.061134468
0.05	-0.074959468
0.12	-0.061484468
0.15	-0.081084468
0.22	-0.061309468
0.25	-0.085284468
0.32	-0.063059468
0.35	-0.060784468
0.4	-0.061659468
0.43	-0.059384468
0.48	-0.051684468
0.52	-0.056059468
0.55	-0.060084468
0.6	-0.059734468
0.63	-0.062709468
0.68	-0.064109468
0.72	-0.066034468
0.77	-0.048534468
0.82	-0.060609468
0.85	-0.056759468
0.9	-0.091584468
0.95	-0.057109468
1	-0.059209468
1.03	-0.072684468
1.08	-0.080734468
1.12	-0.069009468
1.15	-0.074609468
1.2	-0.064634468
1.25	-0.056234468
1.3	-0.065159468
1.35	-0.063934468
1.38	-0.061309468
1.42	-0.061309468
1.45	-0.055709468
1.5	-0.056059468
1.53	-0.058159468
1.58	-0.059559468
1.65	-0.054834468
1.7	-0.057984468
1.75	-0.057984468
1.82	-0.056759468
1.88	-0.076709468
1.97	-0.064809468
2.03	-0.066734468
2.12	-0.072334468
2.22	-0.073734468
2.32	-0.067084468
2.42	-0.051509468
2.53	-0.055709468
2.67	-0.051159468
2.8	-0.048534468
2.95	-0.069009468
3.1	-0.081784468
3.27	-0.056759468
3.45	-0.060084468
3.65	-0.059209468
3.87	-0.047134468
4.08	-0.075484468
4.33	-0.048184468
4.6	-0.072509468
4.9	-0.062359468
5.2	-0.054484468
5.55	-0.072159468
5.9	-0.083184468
6.3	-0.072684468
6.72	-0.055534468
7.18	-0.064109468
7.7	-0.069359468
8.25	-0.074084468
8.82	-0.060434468
9.45	-0.078809468
10.12	-0.058334468
10.85	-0.059559468
11.62	-0.059384468
12.47	-0.060084468
13.38	-0.060609468
14.37	-0.055534468
15.43	-0.052909468
16.6	-0.055884468
17.83	-0.070409468
19.17	-0.053959468
20.62	-0.073034468
22.18	-0.064984468
23.87	-0.070584468
25.7	-0.057284468
27.05	-0.072859468
27.12	-0.059034468
27.15	-0.076009468
27.18	-0.089309468
27.23	-0.069009468
27.27	-0.080384468
27.33	-0.050109468
27.37	-0.062709468
27.42	-0.068309468
27.47	-0.069534468
27.52	-0.065334468
27.57	-0.071984468
27.6	-0.062709468
27.63	-0.056759468
27.68	-0.064459468
27.73	-0.077059468
27.77	-0.084409468
27.82	-0.060259468
27.87	-0.074784468
27.9	-0.073909468
27.93	-0.078809468
27.98	-0.074609468
28.05	-0.060784468
28.1	-0.060084468
28.17	-0.080734468
28.2	-0.053084468
28.25	-0.076534468
28.3	-0.076009468
28.35	-0.070234468
28.43	-0.066734468
28.48	-0.041884468
28.55	-0.080734468
28.6	-0.075659468
28.67	-0.083709468
28.7	-0.083884468
28.75	-0.083534468
28.8	-0.091759468
28.83	-0.077934468
28.88	-0.086859468
28.95	-0.078284468
29	-0.077409468
29.07	-0.073909468
29.13	-0.056759468
29.2	-0.071284468
29.28	-0.074784468
29.37	-0.057809468
29.47	-0.049409468
29.57	-0.065859468
29.67	-0.077059468
29.78	-0.058509468
29.92	-0.054134468
30.05	-0.054134468
30.2	-0.073734468
30.35	-0.054659468
30.52	-0.080909468
30.7	-0.073909468
30.9	-0.046259468
31.12	-0.067259468
31.33	-0.063584468
31.58	-0.083709468
31.85	-0.065509468
32.15	-0.085284468
32.47	-0.058509468
32.8	-0.062884468
33.17	-0.054309468
33.57	-0.071459468
33.98	-0.071109468
34.43	-0.058684468
34.98	-0.080734468
35.5	-0.057284468
36.1	-0.079859468
36.72	-0.072859468
37.37	-0.074434468
38.13	-0.061134468
38.87	-0.066034468
39.75	-0.085459468
40.63	-0.080034468
41.62	-0.076359468
42.72	-0.074434468
43.83	-0.070409468
45.08	-0.070759468
46.42	-0.064109468
47.88	-0.067959468
49.45	-0.074784468
51.12	-0.062884468
52.97	-0.074084468
54.93	-0.070234468
57.08	-0.061484468
59.32	-0.056584468
61.85	-0.075134468
64.53	-0.069184468
67.38	-0.060959468
70.53	-0.075834468
73.92	-0.064984468
77.53	-0.077934468
81.48	-0.061309468
85.73	-0.069884468
90.28	-0.063934468
95.27	-0.063409468
100.63	-0.077934468
105.98	-0.085634468
111.35	-0.059559468
116.72	-0.073559468
122.02	-0.069709468
127.4	-0.068309468
132.75	-0.073734468
138.12	-0.070584468
143.48	-0.070934468
148.83	-0.070059468
154.15	-0.050109468
159.53	-0.067784468
164.88	-0.083709468
170.27	-0.075134468
175.62	-0.077409468
180.97	-0.084934468
186.28	-0.083009468
191.68	-0.076534468
197.02	-0.083009468
202.38	-0.079334468
207.73	-0.077759468
213.08	-0.073559468
218.4	-0.067609468
223.8	-0.076009468
229.13	-0.057984468
234.5	-0.066909468
239.87	-0.075659468
245.2	-0.068309468
250.53	-0.075834468
255.93	-0.070759468
261.28	-0.077409468
266.65	-0.064284468
271.98	-0.056059468
277.33	-0.059734468
282.67	-0.066034468
288.05	-0.066734468
293.42	-0.067609468
298.77	-0.053784468
304.12	-0.070584468
309.48	-0.061834468
314.8	-0.061134468
320.18	-0.056584468
325.53	-0.059909468
330.92	-0.063409468
336.27	-0.078109468
341.62	-0.055709468
346.93	-0.055884468
352.33	-0.053084468
357.67	-0.056759468
363.03	-0.059384468
368.4	-0.053434468
373.73	-0.056759468
379.07	-0.052559468
384.45	-0.054659468
389.85	-0.051684468
395.17	-0.053434468
400.52	-0.060959468
405.87	-0.053609468
411.18	-0.060084468
416.58	-0.052209468
421.97	-0.046959468
427.28	-0.045559468
432.65	-0.064459468
438	-0.055359468
443.33	-0.048709468
448.73	-0.038209468
454.07	-0.060609468
459.42	-0.043459468
464.78	-0.060434468
470.13	-0.060084468
475.45	-0.064459468
480.85	-0.053084468
486.2	-0.057109468
491.57	-0.059559468
496.92	-0.056059468
502.27	-0.059209468
507.58	-0.056409468
512.97	-0.069709468
518.33	-0.054484468
523.68	-0.057284468
529.03	-0.050984468
534.38	-0.057809468
539.72	-0.049234468
545.1	-0.057284468
550.45	-0.054659468
555.83	-0.054484468
561.17	-0.052734468
566.53	-0.054484468
571.85	-0.069009468
577.23	-0.055709468
582.6	-0.055884468
587.93	-0.061484468
593.32	-0.055359468
598.65	-0.056059468
603.98	-0.070409468
609.37	-0.053784468
614.72	-0.057809468
620.07	-0.050809468
625.43	-0.055359468
630.78	-0.059034468
636.12	-0.057634468
641.5	-0.053609468
646.85	-0.069709468
652.2	-0.049234468
657.55	-0.063584468
662.92	-0.054134468
668.23	-0.047134468
673.65	-0.051159468
678.98	-0.064459468
684.33	-0.056934468
689.7	-0.055359468
695.07	-0.051684468
700.37	-0.065159468
705.75	-0.066559468
711.12	-0.058684468
716.48	-0.055884468
727.17	-0.060434468
732.52	-0.064809468
737.9	-0.051334468
743.27	-0.059909468
748.62	-0.060084468
753.97	-0.047134468
759.32	-0.059909468
764.63	-0.051509468
770.02	-0.044859468
770.18	-0.058684468
770.33	0.140640532
770.37	0.135040532
770.4	0.136265532
770.45	0.143615532
770.5	0.139240532
770.55	0.144840532
770.6	0.164265532
770.63	0.210465532
770.67	0.191915532
770.7	0.211690532
770.75	0.215365532
770.78	0.196290532
770.82	0.203290532
770.87	0.187365532
770.92	0.196115532
770.97	0.177740532
771.02	0.196640532
771.07	0.203640532
771.1	0.199265532
771.15	0.212215532
771.2	0.202240532
771.23	0.206965532
771.27	0.206790532
771.3	0.214315532
771.35	0.210290532
771.38	0.207840532
771.43	0.207840532
771.48	0.208715532
771.52	0.203115532
771.57	0.208015532
771.6	0.209765532
771.67	0.203115532
771.72	0.172490532
771.77	0.212915532
771.82	0.188415532
771.87	0.203815532
771.92	0.208540532
771.97	0.205740532
772.03	0.191390532
772.08	0.203465532
772.15	0.195940532
772.23	0.198040532
772.32	0.188065532
772.4	0.195415532
772.48	0.211515532
772.58	0.194540532
772.7	0.194715532
772.82	0.212740532
772.93	0.200840532
773.07	0.192440532
773.22	0.219740532
773.37	0.209240532
773.55	0.211165532
773.73	0.214840532
773.93	0.209765532
774.13	0.225865532
774.37	0.204340532
774.62	0.195765532
774.88	0.207665532
775.17	0.217465532
775.48	0.213615532
775.82	0.221140532
776.18	0.219915532
776.58	0.226390532
777	0.217115532
777.47	0.202240532
778.02	0.217815532
778.52	0.231815532
779.12	0.236190532
779.73	0.214665532
780.42	0.215715532
781.12	0.229890532
781.9	0.246690532
782.75	0.230415532
783.67	0.248090532
784.67	0.255440532
785.73	0.263140532
786.87	0.263665532
788.1	0.273815532
789.45	0.272240532
792.47	0.288690532
794.15	0.306190532
795.98	0.301115532
797.95	0.309690532
800.08	0.316865532
802.33	0.343990532
804.85	0.347490532
807.53	0.358865532
810.42	0.377065532
813.55	0.388965532
816.92	0.397540532
820.57	0.413815532
824.52	0.452840532
828.78	0.480665532
833.32	0.490115532
838.33	0.529140532
843.65	0.552590532
849.02	0.566590532
854.37	0.602990532
859.73	0.626440532
865.05	0.662140532
870.43	0.684540532
875.8	0.713590532
881.15	0.756990532
886.5	0.781140532
891.85	0.815615532
897.17	0.842915532
902.55	0.851140532
907.92	0.888940532
913.28	0.898215532
918.62	0.925165532
923.98	1.004790532
929.3	1.031390532
934.68	1.060965532
940.05	1.078290532
945.42	1.106990532
950.75	1.135690532
956.12	1.147940532
961.43	1.182940532
966.82	1.202365532
972.17	1.204990532
977.52	1.207265532
982.9	1.198865532
988.25	1.206565532
993.57	1.205340532
998.97	1.204640532
1004.32	1.191515532
1009.65	1.199565532
1015	1.205165532
1020.38	1.204290532
1025.68	1.196940532
1031.07	1.205340532
1036.43	1.204465532
1041.82	1.194490532
1047.13	1.208665532
1052.5	1.208140532
1057.82	1.207265532
1063.2	1.207965532
1068.55	1.209365532
1073.92	1.209365532
1079.27	1.212165532
1084.65	1.222140532
1089.95	1.229840532
1095.35	1.221265532
1100.7	1.219165532
1106.05	1.242440532
1111.38	1.233865532
1116.75	1.242615532
1122.07	1.241740532
1127.47	1.248915532
1132.82	1.252415532
1138.17	1.256265532
1143.52	1.253990532
1148.9	1.253640532
1154.22	1.259415532
1159.6	1.258365532
1164.97	1.258890532
1170.32	1.264140532
1175.65	1.267640532
1181.02	1.274465532
1186.33	1.271140532
1191.72	1.274115532
1197.08	1.276740532
1202.43	1.273415532
1207.8	1.278490532
1213.15	1.285840532
1218.47	1.291615532
1229.23	1.292490532
1234.58	1.292140532
1239.92	1.292840532
1245.28	1.294940532
1250.6	1.293890532
1255.98	1.294415532
1261.35	1.303690532
1266.7	1.303865532
1272.05	1.302115532
1277.42	1.304215532
1282.72	1.307890532
1288.13	1.306315532
1293.47	1.312790532
1298.82	1.311915532
1304.17	1.315240532
1309.53	1.317865532
1314.87	1.300190532
1320.23	1.320140532
1325.6	1.327490532
1330.97	1.318390532
1336.32	1.331340532
1341.67	1.331865532
1346.98	1.332565532
1352.38	1.331690532
1357.73	1.332215532
1363.08	1.332915532
1368.45	1.329065532
1373.8	1.331865532
1379.12	1.325040532
1384.5	1.328365532
1389.87	1.332915532
1395.2	1.342190532
1400.57	1.336065532
1405.95	1.336240532
1416.63	1.338515532
1422	1.337990532
1427.35	1.352515532
1432.72	1.358990532
1438.07	1.361090532
1443.38	1.363190532
1448.78	1.354965532
1454.12	1.350415532
1459.48	1.354790532
1464.83	1.354790532
1470.18	1.354440532
1475.52	1.363715532
1480.9	1.354265532
1486.28	1.355140532
1491.6	1.364590532
1496.97	1.356715532
1502.3	1.364065532
1507.65	1.361440532
1513.03	1.362315532
1518.38	1.364590532
1523.73	1.364765532
1529.1	1.357065532
1534.45	1.362840532
1539.77	1.364590532
1545.17	1.356715532
1550.52	1.357590532
1555.87	1.365115532
1561.22	1.364940532
1566.58	1.364065532
1571.9	1.371940532
1577.3	1.358815532
1582.65	1.365115532
1588	1.369490532
1593.35	1.364765532
1598.72	1.363015532
1604.03	1.365290532
1609.45	1.364415532
1614.77	1.366165532
1620.13	1.368265532
1625.47	1.367565532
1630.83	1.369490532
1636.17	1.370540532
1641.57	1.374390532
1646.9	1.373515532
1652.25	1.373340532
1657.62	1.372115532
1662.97	1.370890532
1668.3	1.364765532
1673.68	1.367565532
1679.03	1.368790532
1684.38	1.368090532
1689.75	1.369490532
1695.1	1.366165532
1700.43	1.366340532
1705.82	1.370715532
1711.17	1.367740532
1716.52	1.367390532
1721.88	1.372465532
1727.23	1.367565532
1732.57	1.368615532
1737.95	1.370015532
1743.32	1.374740532
1748.65	1.368440532
1754	1.374740532
1759.37	1.367390532
1764.68	1.365465532
1770.08	1.373340532
1775.42	1.369315532
1780.78	1.370540532
1786.13	1.368265532
1791.5	1.377190532
1796.82	1.391190532
1802.2	1.368790532
1807.55	1.371065532
1812.92	1.378940532
1818.27	1.377890532
1823.62	1.369315532
1828.95	1.366515532
1834.35	1.380690532
1839.7	1.386990532
1845.05	1.381390532
1850.42	1.380690532
1855.77	1.377890532
1861.1	1.371940532
1866.48	1.372640532
1871.83	1.385590532
1877.18	1.384015532
1882.53	1.385765532
1887.88	1.391365532
1893.22	1.381565532
1898.62	1.384190532
1903.97	1.378940532
1909.32	1.384190532
1914.67	1.383140532
1920.03	1.388915532
1925.35	1.376665532
1930.75	1.392415532
1936.08	1.389965532
1941.45	1.386990532
1946.82	1.382965532
1952.17	1.392065532
1957.48	1.400640532
1962.87	1.391890532
1968.23	1.388915532
1973.58	1.386640532
1978.95	1.386465532
1984.28	1.385415532
1989.62	1.387515532
1995.02	1.400115532
2000.37	1.391190532
2005.72	1.401515532
2011.07	1.401690532
2016.43	1.401165532
2021.75	1.393815532
2027.13	1.389965532
2032.5	1.399590532
2037.83	1.385940532
2043.18	1.385765532
2048.57	1.401165532
2053.88	1.407290532
2059.27	1.401690532
2064.63	1.406065532
2069.97	1.401165532
2075.33	1.401515532
2080.68	1.399590532
2086.02	1.398190532
2091.4	1.404490532
2096.75	1.402040532
2102.12	1.396790532
2107.47	1.405190532
2112.82	1.400640532
2118.13	1.413940532
2123.52	1.415690532
2128.87	1.419190532
2134.22	1.405890532
2139.58	1.411140532
2144.93	1.406415532
2150.27	1.403090532
2155.65	1.432490532
2161	1.401165532
2166.37	1.435115532
2171.72	1.434590532
2177.07	1.410615532
2182.4	1.435815532
2187.78	1.420765532
2193.15	1.398015532
2198.48	1.413590532
2203.83	1.428815532
2209.22	1.422865532
2210.27	1.418840532
2210.35	1.450865532
2210.38	1.465390532
2210.42	1.455415532
2210.45	1.478340532
2210.5	1.545190532
2210.53	1.572140532
2210.57	1.581940532
2210.6	1.589465532
2210.65	1.603990532
2210.68	1.594365532
2210.72	1.597690532
2210.75	1.632165532
2210.78	1.622540532
2210.82	1.648615532
2210.85	1.675390532
2210.88	1.670315532
2210.93	1.685890532
2210.98	1.686240532
2211.02	1.701640532
2211.05	1.702340532
2211.08	1.716340532
2211.12	1.720540532
2211.15	1.728065532
2211.2	1.749590532
2211.23	1.752040532
2211.27	1.761140532
2211.3	1.794390532
2211.33	1.787215532
2211.38	1.787915532
2211.42	1.790190532
2211.45	1.819415532
2211.48	1.822040532
2211.53	1.823965532
2211.58	1.843915532
2211.62	1.835515532
2211.65	1.842515532
2211.68	1.831315532
2211.72	1.843040532
2211.77	1.859840532
2211.8	1.870340532
2211.85	1.868590532
2211.9	1.869990532
2211.93	1.863690532
2212	1.871740532
2212.07	1.907790532
2212.12	1.886090532
2212.18	1.891515532
2212.27	1.929840532
2212.35	1.923540532
2212.43	1.927565532
2212.52	1.930365532
2212.62	1.930015532
2212.73	1.936840532
2212.85	1.938940532
2212.97	1.964140532
2213.1	1.963440532
2213.25	1.962915532
2213.4	1.975865532
2213.58	1.976215532
2213.77	1.986715532
2213.95	2.015415532
2214.17	2.010165532
2214.4	2.019090532
2214.65	2.040790532
2214.92	2.036065532
2215.2	2.052690532
2215.52	2.045515532
2215.85	2.053390532
2216.22	2.068090532
2216.62	2.059515532
2217.03	2.075440532
2217.5	2.089440532
2218.02	2.088040532
2218.55	2.095215532
2219.13	2.092765532
2219.77	2.118665532
2220.43	2.120240532
2221.15	2.121115532
2221.95	2.122690532
2222.78	2.123565532
2223.68	2.131265532
2224.67	2.165215532
2225.73	2.151915532
2226.88	2.171690532
2228.13	2.168365532
2229.47	2.173265532
2230.93	2.175890532
2232.5	2.186215532
2234.17	2.190415532
2236	2.193740532
2237.97	2.195140532
2240.08	2.194790532
2242.37	2.217890532
2244.87	2.233465532
2247.55	2.229615532
2250.45	2.235915532
2253.58	2.242565532
2256.95	2.249390532
2260.6	2.265490532
2264.53	2.262165532
2268.78	2.264090532
2273.35	2.268815532
2278.33	2.284565532
2283.7	2.285440532
2289.05	2.298565532
2294.4	2.298390532
2299.77	2.304515532
2305.08	2.308715532
2310.45	2.315015532
2315.82	2.322365532
2321.18	2.329365532
2326.53	2.334090532
2331.88	2.332340532
2337.2	2.332515532
2342.6	2.338640532
2347.95	2.335840532
2353.3	2.359290532
2358.65	2.345990532
2364.02	2.366640532
2369.33	2.362615532
2374.73	2.371540532
2380.08	2.370140532
2385.43	2.377840532
2390.78	2.380465532
2396.15	2.388865532
2401.47	2.380465532
2406.85	2.389040532
2412.22	2.386940532
2417.57	2.385890532
2422.92	2.386765532
2428.28	2.386065532
2433.6	2.385715532
2438.98	2.386590532
2444.35	2.399890532
2449.68	2.396390532
2455.03	2.394640532
2460.38	2.398490532
2465.72	2.412490532
2471.1	2.400940532
2476.47	2.419490532
2481.83	2.422640532
2487.17	2.420540532
2492.53	2.421415532
2497.85	2.418615532
2503.25	2.420365532
2508.58	2.421940532
2513.97	2.420890532
2519.3	2.418790532
2524.67	2.419315532
2529.98	2.419140532
2535.38	2.420540532
2540.72	2.422290532
2546.08	2.421590532
2551.43	2.419840532
2556.78	2.424740532
2562.12	2.430340532
2567.5	2.430515532
2572.87	2.430340532
2578.2	2.427540532
2583.58	2.425965532
2588.92	2.423165532
2594.25	2.430340532
2599.62	2.425265532
2605	2.423340532
2610.33	2.428940532
2615.7	2.450990532
2621.05	2.447665532
2626.38	2.448365532
2631.77	2.445040532
2637.1	2.447840532
2642.47	2.447315532
2647.82	2.445040532
2653.18	2.446090532
2658.5	2.446615532
2663.9	2.448015532
2669.25	2.446965532
2674.62	2.446790532
2679.95	2.452215532
2685.32	2.444865532
2690.63	2.452040532
2696.03	2.451865532
2701.38	2.449065532
2706.73	2.445915532
2712.08	2.446615532
2717.43	2.451865532
2722.77	2.449415532
2728.15	2.448365532
2733.5	2.447840532
2738.85	2.446790532
2744.22	2.447840532
2749.57	2.447140532
2754.9	2.465690532
2760.28	2.477765532
2765.65	2.470765532
2770.98	2.472165532
2776.37	2.477940532
2781.7	2.477065532
2787.03	2.468840532
2792.42	2.479165532
2797.77	2.478640532
2803.12	2.480565532
2808.47	2.478990532
2813.85	2.491415532
2819.15	2.481265532
2824.55	2.492290532
2829.9	2.481440532
2835.25	2.487565532
2840.6	2.490190532
2845.97	2.483015532
2851.28	2.487040532
2856.68	2.480915532
2862.02	2.475140532
2867.38	2.490715532
2872.73	2.480565532
2878.08	2.498065532
2883.43	2.498065532
2888.8	2.494565532
2894.17	2.495965532
2899.5	2.492640532
2904.87	2.499115532
2910.23	2.502965532
2915.55	2.497890532
2920.95	2.495090532
2926.3	2.502265532
2931.63	2.517665532
2937.02	2.505240532
2942.35	2.495965532
2947.68	2.498240532
2953.08	2.493165532
2958.43	2.497715532
2963.77	2.505765532
2969.12	2.494740532
2974.48	2.493515532
2979.8	2.507690532
2985.2	2.504540532
2990.55	2.493515532
2995.92	2.494040532
3001.27	2.506990532
3006.62	2.505240532
3011.93	2.509790532
3017.33	2.507865532
3022.67	2.496490532
3028.03	2.497015532
3033.38	2.509265532
3038.73	2.507515532
3044.07	2.507865532
3049.45	2.507165532
3054.8	2.506990532
3060.15	2.508040532
3065.53	2.495090532
3070.87	2.506115532
3076.2	2.503840532
3081.58	2.496140532
3086.93	2.494390532
3092.28	2.506990532
3097.65	2.513640532
3102.98	2.521165532
3108.33	2.524840532
3113.72	2.525540532
3119.07	2.523090532
3124.4	2.509090532
3129.77	2.522740532
3135.12	2.521165532
3140.45	2.509090532
3145.85	2.516440532
3151.2	2.519240532
3156.55	2.522215532
3161.9	2.517140532
3167.27	2.525015532
3172.58	2.532540532
3177.97	2.521865532
3183.32	2.516090532
3188.68	2.521515532
3194.03	2.526940532
3199.38	2.511190532
3204.72	2.531665532
3210.1	2.542165532
3215.47	2.542340532
3220.8	2.542340532
3226.17	2.523265532
3231.52	2.532890532
3236.85	2.527290532
3242.23	2.534290532
3247.6	2.533765532
3252.93	2.543390532
3258.3	2.542690532
3263.65	2.523440532
3268.98	2.541465532
3274.37	2.524140532
3279.73	2.526065532
3285.07	2.530090532
3290.42	2.541990532
3295.77	2.543215532
3301.1	2.531840532
3306.5	2.542515532
3311.85	2.544790532
3317.2	2.534290532
3322.55	2.522740532
3327.93	2.525890532
3333.23	2.547590532
3338.62	2.544965532
3343.97	2.544615532
3349.33	2.536740532
3354.67	2.526065532
3360.05	2.537965532
3365.37	2.545840532
3370.77	2.548640532
3376.1	2.546540532
3381.45	2.526940532
3386.82	2.544965532
3392.17	2.547590532
3397.5	2.545315532
3402.9	2.534115532
3408.23	2.556690532
3413.58	2.538840532
3418.95	2.546715532
3424.28	2.540415532
3429.63	2.554065532
3435.03	2.537965532
3440.38	2.558090532
3445.72	2.546015532
3451.07	2.540065532
3456.42	2.550740532
3461.75	2.560540532
3467.15	2.560540532
3472.5	2.560190532
3477.85	2.564390532
3483.2	2.561940532
3488.57	2.558090532
3493.88	2.563865532
3499.28	2.561240532
3504.62	2.560190532
3510	2.562815532
3515.33	2.561765532
3520.7	2.561240532
3526.02	2.561590532
3531.42	2.562990532
3536.77	2.561240532
3542.12	2.562990532
3547.47	2.561765532
3552.82	2.557740532
3558.15	2.561415532
3563.53	2.563340532
3568.9	2.561240532
3574.23	2.564215532
3579.6	2.560365532
3584.95	2.561415532
3590.28	2.560715532
3595.67	2.553540532
3601.02	2.553540532
3606.37	2.561940532
3611.72	2.558615532
3617.08	2.573140532
3620.35	2.556515532
3620.43	2.611465532
3620.48	2.636140532
3620.52	2.709815532
3620.55	2.703165532
3620.58	2.753915532
3620.62	2.798365532
3620.65	2.829690532
3620.68	2.850690532
3620.72	2.884465532
3620.75	2.910890532
3620.78	2.926640532
3620.82	2.963565532
3620.85	2.982815532
3620.9	2.998915532
3620.93	3.054390532
3620.97	3.053340532
3621	3.073990532
3621.03	3.104090532
3621.07	3.114415532
3621.1	3.124565532
3621.13	3.145740532
3621.18	3.167090532
3621.22	3.188265532
3621.25	3.190015532
3621.28	3.216440532
3621.32	3.237090532
3621.37	3.242165532
3621.4	3.254590532
3621.43	3.278565532
3621.48	3.306565532
3621.52	3.317940532
3621.55	3.320390532
3621.57	3.339640532
3621.6	3.335440532
3621.63	3.352765532
3621.67	3.357840532
3621.7	3.372365532
3621.73	3.373415532
3621.77	3.393365532
3621.8	3.400715532
3621.85	3.417515532
3621.9	3.421890532
3621.95	3.430815532
3622	3.455140532
3622.07	3.461090532
3622.12	3.492240532
3622.2	3.513415532
3622.27	3.515865532
3622.35	3.523915532
3622.43	3.557165532
3622.53	3.574315532
3622.63	3.590765532
3622.73	3.602840532
3622.85	3.600915532
3622.98	3.635215532
3623.12	3.672840532
3623.27	3.672665532
3623.42	3.699440532
3623.58	3.709065532
3623.77	3.726915532
3623.97	3.743715532
3624.18	3.750365532
3624.4	3.786240532
3624.65	3.801640532
3624.92	3.807940532
3625.22	3.836290532
3625.52	3.861490532
3625.87	3.876715532
3626.22	3.909090532
3626.62	3.914340532
3627.03	3.953365532
3627.5	3.965090532
3628.03	3.979965532
3628.58	3.980665532
3629.13	4.010765532
3629.75	4.012515532
3630.43	4.015840532
3631.15	4.038590532
3631.93	4.044890532
3632.77	4.046990532
3633.68	4.065365532
3634.67	4.073065532
3635.73	4.076390532
3636.88	4.086540532
3638.13	4.090215532
3639.48	4.097390532
3640.93	4.113840532
3642.48	4.133790532
3644.18	4.131865532
3646	4.127490532
3647.98	4.135715532
3650.12	4.143940532
3652.38	4.145690532
3654.88	4.151990532
3657.57	4.170190532
3660.47	4.167390532
3663.58	4.171240532
3666.97	4.172115532
3670.6	4.174390532
3674.53	4.182790532
3678.8	4.175440532
3683.35	4.187340532
3688.33	4.193115532
3693.7	4.201340532
3699.05	4.207115532
3704.4	4.218140532
3709.77	4.215340532
3715.08	4.226715532
3720.48	4.230215532
3725.82	4.231790532
3731.18	4.235990532
3736.53	4.234590532
3741.9	4.240540532
3747.22	4.254365532
3752.6	4.246140532
3757.95	4.262415532
3763.3	4.262065532
3768.67	4.242815532
3774.02	4.270815532
3779.35	4.271165532
3784.73	4.262940532
3790.1	4.284290532
3795.43	4.285165532
3800.82	4.287790532
3806.15	4.288140532
3811.48	4.286740532
3816.87	4.289015532
3822.22	4.286740532
3827.58	4.287090532
3832.92	4.293215532
3838.3	4.290065532
3843.62	4.293565532
3849.02	4.291465532
3854.35	4.289890532
3859.7	4.301790532
3865.05	4.303715532
3870.42	4.309315532
3875.73	4.306865532
3881.13	4.313340532
3886.47	4.309140532
3891.83	4.314565532
3897.18	4.305815532
3902.55	4.319815532
3907.87	4.313690532
3913.27	4.315790532
3918.6	4.316840532
3923.95	4.317715532
3929.33	4.321740532
3934.7	4.311240532
3940	4.324015532
3945.4	4.321915532
3950.75	4.321740532
3956.08	4.319990532
3961.45	4.324540532
3966.82	4.327165532
3972.13	4.329440532
3977.52	4.329440532
3982.87	4.331190532
3988.22	4.331540532
3993.57	4.334165532
3998.93	4.330665532
4004.25	4.329265532
4009.63	4.336790532
4015	4.334515532
4020.35	4.332415532
4025.7	4.337140532
4031.07	4.331365532
4036.38	4.335915532
4041.77	4.329965532
4047.12	4.331890532
4052.48	4.331365532
4057.83	4.338015532
4063.18	4.337840532
4068.52	4.333640532
4073.9	4.333290532
4079.25	4.336265532
4084.6	4.335215532
4089.95	4.336090532
4095.32	4.341165532
4100.63	4.333290532
4106.02	4.335740532
4111.38	4.343440532
4116.73	4.348165532
4122.1	4.337490532
4127.43	4.344140532
4132.77	4.348165532
4138.15	4.344140532
4143.52	4.348515532
4148.87	4.345890532
4154.22	4.355515532
4159.57	4.364965532
4164.9	4.361815532
4170.28	4.361465532
4175.63	4.363740532
4181.02	4.363215532
4186.35	4.363040532
4191.7	4.365315532
4197.03	4.361990532
4202.42	4.366190532
4207.77	4.367065532
4213.13	4.364090532
4218.48	4.364440532
4223.85	4.365140532
4229.17	4.365840532
4234.55	4.367765532
4239.9	4.366365532
4245.27	4.368115532
4250.6	4.368115532
4255.97	4.368465532
4261.28	4.367415532
4266.68	4.366365532
4272.03	4.365315532
4277.38	4.366890532
4282.73	4.365665532
4288.08	4.367590532
4293.43	4.373715532
4298.82	4.367240532
4304.17	4.366190532
4309.52	4.367415532
4314.9	4.364965532
4320.22	4.378965532
4325.55	4.383515532
4330.95	4.369340532
4336.28	4.370390532
4341.63	4.369515532
4347	4.383340532
4352.37	4.371790532
4357.68	4.384215532
4363.07	4.372315532
4368.42	4.385615532
4373.77	4.385615532
4379.13	4.379490532
4384.48	4.375990532
4389.8	4.391215532
4395.2	4.384390532
4400.53	4.388415532
4405.88	4.387540532
4411.25	4.384215532
4416.6	4.392265532
4421.93	4.385615532
4427.32	4.386490532
4432.68	4.386315532
4438.03	4.385965532
4443.38	4.389115532
4448.73	4.388415532
4454.07	4.396115532
4459.45	4.389290532
4464.82	4.387540532
4470.15	4.386840532
4475.52	4.389465532
4480.87	4.387365532
4486.2	4.400315532
4491.6	4.389990532
4496.93	4.389115532
4502.28	4.392440532
4507.63	4.389990532
4513	4.395240532
4518.32	4.394190532
4523.72	4.393665532
4529.05	4.402065532
4534.43	4.391040532
4539.77	4.392965532
4545.13	4.400840532
4550.47	4.400140532
4555.85	4.399965532
4561.18	4.403990532
4566.55	4.411165532
4571.9	4.398040532
4577.25	4.406440532
4582.58	4.409765532
4587.98	4.397690532
4593.35	4.397165532
4598.68	4.410465532
4604.05	4.398390532
4609.38	4.403640532
4614.73	4.403115532
4620.12	4.404515532
4625.47	4.404865532
4630.82	4.399265532
4636.18	4.413440532
4641.52	4.407840532
4646.85	4.413440532
4652.23	4.412915532
4657.58	4.410465532
4662.93	4.414665532
4668.3	4.414315532
4673.65	4.413615532
4678.98	4.415015532
4684.37	4.414140532
4689.72	4.416240532
4695.08	4.421140532
4700.42	4.425340532
4705.78	4.421490532
4711.1	4.418515532
4716.5	4.420090532
4721.85	4.417115532
4727.2	4.423240532
4732.55	4.420090532
4737.9	4.423415532
4743.23	4.419740532
4748.62	4.419215532
4753.97	4.419740532
4759.33	4.422890532
4764.68	4.426040532
4770.03	4.428665532
4775.37	4.434090532
4780.77	4.419215532
4786.12	4.424465532
4791.45	4.432865532
4796.83	4.420790532
4802.17	4.420090532
4807.5	4.420440532
4812.88	4.418865532
4818.23	4.433390532
4823.6	4.428140532
4828.95	4.434615532
4834.3	4.436015532
4839.63	4.425690532
4845.05	4.428140532
4850.38	4.429890532
4855.73	4.434615532
4861.08	4.434790532
4866.43	4.435665532
4871.77	4.430240532
4877.15	4.433215532
4882.52	4.438290532
4887.87	4.436715532
4893.22	4.436540532
4898.57	4.437590532
4903.9	4.436540532
4909.27	4.436540532
4914.63	4.436365532
4919.98	4.435490532
4925.33	4.435840532
4930.7	4.436015532
4936.02	4.438640532
4941.42	4.437065532
4946.75	4.438465532
4952.12	4.437765532
4957.47	4.436190532
4962.83	4.435840532
4968.15	4.440215532
4973.55	4.437940532
4978.88	4.437590532
4984.25	4.438290532
4989.6	4.438990532
4994.97	4.438990532
5000.28	4.436365532
5005.67	4.438115532
5011.02	4.439690532
5016.38	4.439515532
5021.75	4.436540532
5027.08	4.438465532
5032.42	4.438990532
5037.8	4.438465532
5043.17	4.439690532
5048.52	4.439865532
5053.88	4.445115532
5059.22	4.440915532
5060.43	4.448090532
5060.5	4.468215532
5060.53	4.487115532
5060.57	4.565690532
5060.6	4.611365532
5060.62	4.666140532
5060.63	4.725115532
5060.67	4.755565532
5060.7	4.826090532
5060.72	4.861440532
5060.73	4.905015532
5060.77	4.937390532
5060.78	4.977290532
5060.82	5.012115532
5060.83	5.026115532
5060.87	5.060940532
5060.88	5.077215532
5060.9	5.103815532
5060.93	5.125865532
5060.95	5.155615532
5060.98	5.180465532
5061	5.191665532
5061.03	5.209865532
5061.05	5.221590532
5061.08	5.239965532
5061.1	5.272865532
5061.13	5.281265532
5061.17	5.296490532
5061.18	5.306290532
5061.22	5.323965532
5061.23	5.333765532
5061.25	5.344615532
5061.28	5.370165532
5061.3	5.372265532
5061.33	5.389065532
5061.35	5.404115532
5061.37	5.413740532
5061.4	5.433165532
5061.43	5.444190532
5061.45	5.444540532
5061.47	5.459590532
5061.5	5.458540532
5061.52	5.462565532
5061.55	5.488640532
5061.57	5.496690532
5061.58	5.500365532
5061.62	5.517340532
5061.65	5.523115532
5061.67	5.527490532
5061.7	5.547090532
5061.75	5.549365532
5061.78	5.579465532
5061.82	5.600815532
5061.87	5.602565532
5061.92	5.614465532
5061.97	5.624965532
5062.02	5.643515532
5062.08	5.669940532
5062.13	5.678690532
5062.22	5.693215532
5062.28	5.714915532
5062.37	5.723315532
5062.45	5.747990532
5062.55	5.765490532
5062.63	5.785265532
5062.75	5.801540532
5062.87	5.814140532
5062.98	5.844240532
5063.13	5.863315532
5063.27	5.873290532
5063.43	5.911265532
5063.6	5.926315532
5063.78	5.951515532
5063.98	5.967615532
5064.18	5.988790532
5064.42	6.010140532
5064.67	6.039715532
5064.93	6.064040532
5065.22	6.091165532
5065.53	6.104465532
5065.9	6.144015532
5066.23	6.169565532
5066.63	6.194940532
5067.05	6.218915532
5067.52	6.243065532
5068.05	6.271240532
5068.57	6.286290532
5069.13	6.304315532
5069.75	6.342815532
5070.43	6.368190532
5071.15	6.389890532
5071.93	6.415615532
5072.8	6.434165532
5073.72	6.455515532
5074.7	6.484740532
5075.75	6.509415532
5076.9	6.520265532
5078.13	6.539165532
5079.48	6.562440532
5080.93	6.588165532
5082.5	6.599890532
5084.18	6.625965532
5086	6.642415532
5087.98	6.645390532
5090.1	6.666215532
5092.38	6.682490532
5094.9	6.683365532
5097.58	6.694390532
5100.47	6.702790532
5103.6	6.710315532
5106.97	6.726065532
5110.62	6.727115532
5114.55	6.730090532
5118.78	6.733065532
5123.37	6.727640532
5128.35	6.743215532
5133.75	6.753540532
5139.05	6.743565532
5144.43	6.750390532
5149.77	6.763340532
5155.1	6.750390532
5160.48	6.761765532
5165.83	6.758265532
5171.18	6.761765532
5176.53	6.763515532
5181.9	6.767365532
5187.23	6.767190532
5192.6	6.765790532
5197.97	6.762990532
5203.33	6.765965532
5208.67	6.772965532
5214.03	6.772090532
5219.37	6.773840532
5224.75	6.771915532
5230.1	6.773665532
5235.45	6.762640532
5240.8	6.770165532
5246.17	6.775415532
5251.5	6.779265532
5256.88	6.771215532
5262.22	6.776290532
5267.58	6.778040532
5272.93	6.776290532
5278.28	6.776465532
5283.63	6.773665532
5289.02	6.778390532
5294.37	6.779265532
5299.72	6.781015532
5305.08	6.785565532
5310.42	6.777690532
5315.77	6.787315532
5321.13	6.782940532
5326.48	6.782765532
5331.83	6.788540532
5337.18	6.783290532
5342.55	6.786440532
5347.88	6.783990532
5353.27	6.789590532
5358.63	6.778390532
5363.98	6.781365532
5369.32	6.785740532
5374.7	6.782065532
5380.02	6.782240532
5385.4	6.781190532
5390.75	6.782590532
5396.12	6.786965532
5401.45	6.783990532
5406.82	6.781890532
5412.13	6.788715532
5417.53	6.778040532
5422.87	6.783815532
5428.22	6.783815532
5433.58	6.780665532
5438.93	6.777165532
5444.27	6.789590532
5449.65	6.784340532
5455	6.787665532
5460.35	6.781540532
5465.73	6.785040532
5471.07	6.786615532
5476.4	6.792740532
5481.78	6.789415532
5487.15	6.781190532
5492.48	6.780490532
5497.85	6.787315532
5503.18	6.786090532
5508.53	6.781715532
5513.92	6.790465532
5519.27	6.785040532
5524.63	6.786090532
5529.97	6.785565532
5535.33	6.793265532
5540.65	6.785215532
5546.03	6.786790532
5551.38	6.782765532
5556.75	6.787665532
5562.1	6.784865532
5567.47	6.787140532
5572.78	6.788190532
5578.18	6.785040532
5583.52	6.792215532
5588.87	6.787840532
5594.23	6.788015532
5599.6	6.789590532
5604.92	6.781015532
5610.3	6.788365532
5615.65	6.790290532
5621.15	6.786615532
5626.37	6.788015532
5631.73	6.786790532
5637.05	6.793440532
5642.45	6.791690532
5647.78	6.791340532
5653.17	6.790640532
5658.5	6.790465532
5663.87	6.786965532
5669.18	6.793615532
5674.57	6.791865532
5679.92	6.791865532
5685.28	6.789940532
5690.67	6.789940532
5696	6.792565532
5701.32	6.791340532
5706.72	6.791165532
5712.07	6.796765532
5717.42	6.794315532
5722.77	6.792390532
5728.13	6.791340532
5733.45	6.802190532
5738.83	6.790815532
5744.18	6.798690532
5749.53	6.792215532
5754.88	6.796940532
5760.23	6.802540532
5765.58	6.799740532
5770.97	6.794840532
5776.32	6.796940532
5781.65	6.792390532
5787.02	6.792915532
5792.37	6.802540532
5797.7	6.795190532
5803.1	6.792040532
5808.45	6.797990532
5813.8	6.796065532
5819.15	6.797640532
5824.5	6.796415532
5829.83	6.802715532
5835.22	6.805690532
5840.57	6.803590532
5845.92	6.807265532
5851.28	6.799565532
5856.65	6.802715532
5861.97	6.798340532
5867.37	6.802715532
5872.7	6.805515532
5878.07	6.806740532
5883.4	6.796240532
5888.78	6.802540532
5894.1	6.816190532
5899.48	6.805865532
5904.83	6.805865532
5910.2	6.807790532
5915.55	6.807090532
5920.9	6.797990532
5926.23	6.809190532
5931.62	6.808490532
5936.97	6.799565532
5942.32	6.807615532
5947.68	6.805865532
5953.03	6.803065532
5958.37	6.805515532
5963.75	6.804290532
5969.1	6.809190532
5974.47	6.812340532
5979.82	6.814965532
5985.15	6.817065532
5990.5	6.817940532
5995.88	6.811640532
6001.22	6.812515532
6006.57	6.817940532
6011.93	6.815315532
6017.28	6.814790532
6022.62	6.809890532
6028.02	6.815140532
6033.35	6.804990532
6038.72	6.810240532
6044.07	6.813390532
6049.42	6.811290532
6050.5	6.818290532
6050.58	6.810065532
6050.62	6.842090532
6050.65	6.852590532
6050.67	6.921715532
6050.7	7.007465532
6050.75	7.082190532
6050.77	7.119115532
6050.8	7.159015532
6050.83	7.197515532
6050.87	7.231815532
6050.9	7.260690532
6050.93	7.287115532
6050.97	7.302165532
6051	7.320890532
6051.03	7.328415532
6051.05	7.356590532
6051.1	7.362190532
6051.12	7.383190532
6051.15	7.385640532
6051.18	7.401390532
6051.2	7.409965532
6051.23	7.423965532
6051.25	7.427290532
6051.28	7.431840532
6051.3	7.439190532
6051.33	7.446190532
6051.35	7.462290532
6051.38	7.455290532
6051.4	7.467365532
6051.43	7.475065532
6051.45	7.477690532
6051.48	7.479790532
6051.5	7.488890532
6051.53	7.500790532
6051.55	7.489065532
6051.58	7.511115532
6051.6	7.515840532
6051.62	7.519165532
6051.65	7.531765532
6051.67	7.535440532
6051.7	7.545765532
6051.72	7.547340532
6051.75	7.537190532
6051.78	7.550490532
6051.82	7.558365532
6051.87	7.570790532
6051.9	7.577965532
6051.95	7.579015532
6051.98	7.589515532
6052.03	7.609115532
6052.1	7.608065532
6052.15	7.614540532
6052.22	7.624165532
6052.28	7.625040532
6052.35	7.628715532
6052.43	7.657240532
6052.52	7.656540532
6052.62	7.674740532
6052.72	7.686640532
6052.82	7.699065532
6052.93	7.703265532
6053.07	7.725490532
6053.2	7.732140532
6053.35	7.742815532
6053.5	7.751565532
6053.67	7.767490532
6053.85	7.781840532
6054.05	7.794265532
6054.27	7.805115532
6054.5	7.825590532
6054.75	7.832240532
6055.02	7.853590532
6055.3	7.868815532
6055.62	7.881240532
6055.95	7.899440532
6056.32	7.902590532
6056.7	7.934965532
6057.13	7.943190532
6057.6	7.968915532
6058.12	7.981340532
6058.65	7.996040532
6059.23	8.014765532
6059.85	8.034190532
6060.52	8.050990532
6061.25	8.060790532
6062.02	8.082840532
6062.87	8.094040532
6063.77	8.113815532
6064.77	8.132715532
6065.83	8.143740532
6066.98	8.161765532
6068.23	8.184865532
6069.57	8.193265532
6071.02	8.216715532
6072.58	8.235090532
6074.27	8.250315532
6076.08	8.260815532
6078.07	8.280590532
6080.2	8.296515532
6082.47	8.313140532
6084.97	8.325040532
6087.65	8.333090532
6090.55	8.347090532
6093.68	8.363715532
6097.05	8.372465532
6100.7	8.384540532
6104.62	8.401865532
6108.88	8.416215532
6113.45	8.421115532
6118.45	8.431965532
6123.78	8.440190532
6129.15	8.444390532
6134.48	8.455765532
6139.87	8.462415532
6145.18	8.462765532
6150.57	8.465215532
6155.93	8.464865532
6161.28	8.467315532
6166.62	8.473965532
6171.98	8.489890532
6177.32	8.489890532
6182.68	8.479040532
6188.07	8.490240532
6193.4	8.478865532
6198.77	8.494615532
6204.12	8.483940532
6209.45	8.497415532
6214.82	8.486915532
6220.18	8.496190532
6225.53	8.503540532
6230.9	8.497415532
6236.23	8.497940532
6241.58	8.497415532
6246.95	8.499340532
6252.32	8.504765532
6257.67	8.499515532
6263.02	8.498465532
6268.38	8.498640532
6273.7	8.501265532
6279.1	8.504065532
6284.45	8.505465532
6289.8	8.501790532
6295.15	8.499690532
6300.52	8.500390532
6305.83	8.513515532
6311.22	8.503015532
6316.57	8.501440532
6321.95	8.513165532
6327.27	8.504240532
6332.63	8.507215532
6337.97	8.507915532
6343.33	8.504940532
6348.7	8.502315532
6354.05	8.513165532
6359.4	8.507740532
6364.77	8.504065532
6375.47	8.505815532
6380.83	8.512465532
6386.18	8.509665532
6391.55	8.513515532
6396.88	8.509315532
6402.23	8.510365532
6407.6	8.511240532
6412.97	8.515615532
6418.32	8.507915532
6423.67	8.514565532
6429.02	8.507390532
6434.35	8.518765532
6439.73	8.517365532
6445.08	8.514040532
6450.45	8.521040532
6455.82	8.509315532
6461.17	8.516665532
6466.48	8.526465532
6471.88	8.509840532
6477.22	8.506865532
6482.58	8.516315532
6487.93	8.512815532
6493.3	8.513865532
6498.62	8.513690532
6504	8.522615532
6509.35	8.510715532
6514.7	8.513865532
6520.05	8.508265532
6525.42	8.507215532
6530.75	8.516315532
6536.12	8.517890532
6541.5	8.514040532
6546.83	8.514390532
6552.2	8.514740532
6557.55	8.508440532
6562.88	8.523315532
6568.25	8.514040532
6573.63	8.522440532
6578.97	8.511940532
6584.33	8.518240532
6589.68	8.518065532
6595.02	8.516840532
6600.38	8.517365532
6605.75	8.519640532
6611.12	8.521565532
6616.45	8.512815532
6621.82	8.521390532
6627.13	8.519290532
6632.53	8.517540532
6637.88	8.519290532
6643.23	8.518940532
6648.58	8.518240532
6653.95	8.521215532
6659.27	8.520865532
6664.67	8.518240532
6670	8.520515532
6675.37	8.511590532
6680.72	8.514215532
6686.08	8.518590532
6691.42	8.523665532
6696.8	8.518240532
6702.15	8.522615532
6707.52	8.518065532
6712.87	8.524540532
6718.22	8.525240532
6723.55	8.522265532
6728.92	8.523315532
6734.3	8.520690532
6739.65	8.524190532
6745	8.520690532
6750.37	8.517190532
6755.67	8.514390532
6761.07	8.517190532
6766.42	8.518240532
6770.58	8.525590532
6770.63	8.541865532
6770.67	8.530490532
6770.68	8.524190532
6770.7	8.542915532
6770.73	8.545890532
6770.75	8.559540532
6770.77	8.564615532
6770.8	8.577565532
6770.82	8.595940532
6770.85	8.599790532
6770.87	8.602240532
6770.88	8.605390532
6770.92	8.625340532
6770.93	8.634090532
6770.97	8.634090532
6770.98	8.650190532
6771.02	8.658940532
6771.03	8.651415532
6771.07	8.659815532
6771.08	8.667515532
6771.12	8.672940532
6771.13	8.675040532
6771.17	8.674165532
6771.18	8.680290532
6771.2	8.689040532
6771.23	8.691665532
6771.25	8.696390532
6771.28	8.703740532
6771.3	8.704790532
6771.32	8.706890532
6771.35	8.708640532
6771.37	8.721590532
6771.4	8.722640532
6771.42	8.720890532
6771.45	8.723340532
6771.47	8.728240532
6771.5	8.738740532
6771.52	8.738565532
6771.55	8.752040532
6771.57	8.739265532
6771.58	8.745040532
6771.62	8.749765532
6771.63	8.755890532
6771.67	8.756940532
6771.7	8.751690532
6771.72	8.756940532
6771.73	8.753265532
6771.77	8.762715532
6771.8	8.765165532
6771.83	8.768490532
6771.87	8.776015532
6771.9	8.778465532
6771.93	8.789490532
6771.97	8.777940532
6772.02	8.776540532
6772.07	8.795440532
6772.12	8.791415532
6772.17	8.794040532
6772.23	8.792815532
6772.28	8.804890532
6772.35	8.811190532
6772.43	8.826065532
6772.52	8.819065532
6772.6	8.825190532
6772.68	8.829565532
6772.78	8.830265532
6772.9	8.851265532
6773.02	8.851965532
6773.13	8.855640532
6773.27	8.861765532
6773.42	8.868940532
6773.57	8.870165532
6773.75	8.880490532
6773.93	8.889590532
6774.12	8.897815532
6774.33	8.900265532
6774.57	8.908840532
6774.82	8.914440532
6775.08	8.913565532
6775.37	8.917240532
6775.68	8.919340532
6776.02	8.939465532
6776.38	8.949615532
6776.77	8.953115532
6777.2	8.951540532
6777.65	8.968690532
6778.17	8.979190532
6778.7	8.983215532
6779.28	8.985490532
6779.9	8.988640532
6780.58	9.004215532
6781.3	9.015940532
6782.1	9.015765532
6782.95	9.021890532
6783.87	9.038865532
6784.83	9.048840532
6785.88	9.051465532
6787.05	9.057065532
6788.28	9.057240532
6789.62	9.077540532
6791.07	9.088390532
6792.65	9.090315532
6794.35	9.100990532
6796.17	9.116040532
6798.15	9.121815532
6800.25	9.125140532
6802.53	9.142290532
6805.05	9.149815532
6807.72	9.153665532
6810.6	9.167140532
6813.75	9.168365532
6817.1	9.179040532
6820.75	9.187615532
6824.72	9.196365532
6828.95	9.203015532
6833.52	9.214040532
6838.5	9.225240532
6843.87	9.236615532
6849.2	9.248340532
6854.57	9.255515532
6859.92	9.254990532
6865.25	9.263915532
6870.62	9.264965532
6876	9.272140532
6881.33	9.279490532
6886.68	9.290340532
6892.07	9.283515532
6897.38	9.290515532
6902.75	9.294540532
6908.1	9.298565532
6913.47	9.299615532
6918.82	9.301715532
6924.2	9.301015532
6929.5	9.314315532
6934.92	9.312565532
6940.23	9.319215532
6945.6	9.317640532
6950.95	9.318865532
6956.32	9.322190532
6961.65	9.322540532
6967.02	9.326565532
6972.37	9.324290532
6977.72	9.327965532
6983.08	9.328665532
6988.45	9.330065532
6993.77	9.330065532
6999.17	9.329890532
7004.52	9.340215532
7009.87	9.333040532
7015.22	9.334965532
7020.58	9.343365532
7025.92	9.349490532
7031.28	9.349665532
7036.65	9.347040532
7041.98	9.350365532
7047.35	9.349840532
7052.7	9.350190532
7058.03	9.351940532
7063.42	9.357715532
7068.77	9.359465532
7074.13	9.352115532
7079.48	9.356665532
7084.85	9.357365532
7090.17	9.363140532
7095.57	9.359115532
7100.9	9.358240532
7106.27	9.358590532
7111.62	9.364015532
7116.98	9.363315532
7122.3	9.352815532
7127.68	9.366290532
7133.03	9.360340532
7138.38	9.364890532
7143.73	9.364190532
7149.1	9.364365532
7154.43	9.368915532
7159.8	9.364890532
7165.18	9.369090532
7170.52	9.366640532
7175.88	9.363665532
7181.23	9.365940532
7186.57	9.368390532
7191.93	9.362265532
7197.3	9.369265532
7202.65	9.364190532
7208	9.363315532
7213.35	9.367865532
7218.68	9.368915532
7224.07	9.368040532
7229.42	9.367865532
7234.77	9.369440532
7240.13	9.369090532
7245.5	9.371890532
7250.82	9.369965532
7256.2	9.369965532
7261.55	9.365765532
7266.92	9.370840532
7272.25	9.370665532
7277.62	9.370490532
7282.95	9.370490532
7288.33	9.371365532
7293.68	9.374690532
7299.03	9.365415532
7304.38	9.370665532
7309.75	9.376790532
7315.08	9.369790532
7320.47	9.371715532
7325.82	9.376265532
7331.18	9.373115532
7336.55	9.370665532
7341.9	9.369965532
7347.22	9.370490532
7352.58	9.377840532
7357.95	9.369090532
7363.28	9.370840532
7368.65	9.370840532
7374	9.376090532
7379.33	9.371365532
7384.72	9.372590532
7390.08	9.372065532
7395.43	9.371015532
7400.78	9.377840532
7406.15	9.376615532
7411.47	9.368740532
7416.85	9.366990532
7422.2	9.368215532
7427.57	9.372065532
7432.92	9.369265532
7438.27	9.375565532
7443.6	9.379240532
7448.98	9.368565532
7454.33	9.388690532
7459.7	9.378015532
7465.07	9.372240532
7470.42	9.378190532
7475.73	9.379765532
7481.1	9.381515532
7486.47	9.382040532
7491.82	9.377490532
7497.18	9.377840532
7502.55	9.379065532
7507.87	9.383265532
7513.23	9.384140532
7518.62	9.382040532
7523.95	9.379765532
7529.32	9.386415532
7534.65	9.379240532
7540	9.371365532
7545.37	9.378715532
7550.72	9.372065532
7556.07	9.391840532
7561.45	9.392015532
7566.78	9.379065532
7572.12	9.387290532
7577.5	9.390790532
7582.85	9.377840532
7588.22	9.389565532
7593.57	9.385015532
7598.93	9.372415532
7604.25	9.380115532
7609.63	9.389215532
7614.98	9.388690532
7620.35	9.386765532
7625.7	9.394115532
7631.05	9.385890532
7636.38	9.387115532
7641.75	9.371365532
7647.12	9.386590532
7652.47	9.374690532
7657.85	9.387465532
7663.2	9.387290532
7668.52	9.388690532
7673.88	9.392890532
7679.25	9.393765532
7684.6	9.388690532
7689.97	9.395865532
7695.32	9.395515532
7700.65	9.394815532
7706.02	9.393415532
7711.38	9.379415532
7716.72	9.386590532
7722.1	9.393240532
7727.43	9.388690532
7730.65	9.395865532
7730.72	9.395865532
7730.75	9.381340532
7730.78	9.390440532
7730.82	9.389390532
7730.85	9.391140532
7730.88	9.406715532
7730.92	9.434715532
7730.95	9.438915532
7730.97	9.437165532
7731.02	9.453790532
7731.05	9.452390532
7731.07	9.448015532
7731.1	9.459565532
7731.15	9.466740532
7731.18	9.465690532
7731.2	9.471640532
7731.25	9.465515532
7731.28	9.475490532
7731.32	9.478990532
7731.35	9.491065532
7731.38	9.497890532
7731.42	9.500515532
7731.45	9.501215532
7731.48	9.513465532
7731.52	9.510840532
7731.53	9.512240532
7731.57	9.527815532
7731.58	9.527290532
7731.62	9.524665532
7731.63	9.528865532
7731.65	9.524140532
7731.68	9.530440532
7731.7	9.532190532
7731.72	9.522040532
7731.75	9.533765532
7731.78	9.537440532
7731.8	9.539365532
7731.82	9.530090532
7731.85	9.539190532
7731.88	9.541990532
7731.92	9.540590532
7731.95	9.542865532
7731.98	9.543040532
7732.02	9.544440532
7732.07	9.533765532
7732.1	9.545140532
7732.15	9.547065532
7732.2	9.549165532
7732.25	9.547240532
7732.32	9.549865532
7732.38	9.566490532
7732.45	9.548640532
7732.52	9.564215532
7732.6	9.570165532
7732.68	9.555815532
7732.78	9.574365532
7732.88	9.580140532
7732.98	9.580490532
7733.1	9.581015532
7733.22	9.581190532
7733.35	9.592740532
7733.5	9.590815532
7733.67	9.587490532
7733.83	9.596590532
7734.02	9.607615532
7734.22	9.623365532
7734.42	9.628440532
7734.65	9.631065532
7734.9	9.632290532
7735.17	9.640690532
7735.47	9.641040532
7735.77	9.647515532
7736.12	9.649615532
7736.47	9.658890532
7736.87	9.652415532
7737.28	9.667815532
7737.75	9.673765532
7738.27	9.682165532
7738.8	9.688640532
7739.38	9.690565532
7740	9.702640532
7740.68	9.714715532
7741.42	9.723465532
7742.18	9.723465532
7743.02	9.732915532
7743.93	9.730990532
7744.92	9.746915532
7745.98	9.754090532
7747.13	9.757065532
7748.38	9.759690532
7749.73	9.775265532
7751.18	9.787515532
7752.73	9.789965532
7754.43	9.797665532
7756.27	9.798890532
7758.22	9.820240532
7760.35	9.830740532
7762.62	9.845615532
7765.12	9.845090532
7767.8	9.854365532
7770.72	9.862765532
7777.2	9.882365532
7780.85	9.894090532
7784.78	9.906165532
7789.03	9.927690532
7798.58	9.936965532
7803.93	9.953765532
7814.67	9.985265532
7820.02	9.998390532
7830.72	10.03986553
7846.78	10.06979053
7852.15	10.07259053
7862.85	10.08256553
7868.2	10.11056553
7911.05	10.16219053
7916.4	10.17619053
7959.23	10.22344053
7969.95	10.24024053
7986	10.24041553
8002.1	10.28399053
8007.43	10.27804053
8012.8	10.27629053
8018.12	10.27646553
8023.52	10.28836553
8028.87	10.28749053
8044.92	10.30184053
8050.25	10.30481553
8055.62	10.30779053
8061	10.31199053
8066.33	10.31391553
8071.7	10.31356553
8077.07	10.32581553
8082.38	10.32809053
8087.77	10.32756553
8093.12	10.33841553
8109.2	10.33894053
8114.52	10.34051553
8119.9	10.35434053
8125.25	10.35714053
8130.62	10.36904053
8135.98	10.35434053
8141.32	10.34769053
8152.03	10.37009053
8157.38	10.37096553
8162.75	10.38164053
8168.08	10.37481553
8173.45	10.38916553
8178.77	10.38636553
8184.15	10.37971553
8189.52	10.39144053
8194.87	10.39214053
8200.22	10.39371553
8205.58	10.40351553
8210.9	10.39949053
8216.3	10.40316553
8221.65	10.40736553
8227	10.42346553
8232.35	10.42171553
8237.7	10.42469053
8243.03	10.42941553
8248.42	10.42434053
8253.78	10.43571553
8259.12	10.43484053
8264.48	10.42889053
8269.83	10.44114053
8275.17	10.45199053
8280.55	10.43606553
8285.9	10.43361553
8291.27	10.44446553
8296.62	10.45549053
8301.98	10.45671553
8307.3	10.46144053
8312.68	10.46371553
8318.02	10.46336553
8323.4	10.46476553
8328.75	10.46721553
8334.1	10.46721553
8339.43	10.46756553
8344.82	10.46196553
8350.15	10.46336553
8355.53	10.46931553
8360.88	10.47211553
8366.23	10.47946553
8371.57	10.47894053
8376.93	10.47964053
8382.3	10.47684053
8387.63	10.48454053
8393.02	10.48471553
8398.37	10.48804053
8403.7	10.49329053
8409.07	10.49381553
8414.43	10.49836553
8419.77	10.50239053
8425.13	10.49941553
8430.52	10.49591553
8435.82	10.49381553
8441.2	10.49854053
8446.55	10.50046553
8451.9	10.50029053
8457.27	10.50589053
8462.62	10.50659053
8467.95	10.50904053
8473.33	10.50186553
8478.68	10.51166553
8484.05	10.50711553
8489.4	10.51604053
8494.75	10.51149053
8500.08	10.51026553
8505.47	10.51621553
8510.8	10.52461553
8516.18	10.52111553
8521.53	10.52426553
8526.88	10.52479053
8532.22	10.52006553
8537.58	10.53004053
8542.93	10.52986553
8548.3	10.53529053
8553.65	10.53021553
8559.02	10.53511553
8564.35	10.53004053
8569.72	10.53879053
8575.07	10.54036553
8580.42	10.54211553
8585.8	10.53546553
8591.13	10.53826553
8596.47	10.53074053
8601.85	10.54071553
8607.22	10.53774053
8612.57	10.54386553
8617.93	10.54351553
8623.27	10.54719053
8628.6	10.54841553
8633.98	10.55174053
8639.33	10.55226553
8644.7	10.54911553
8650.05	10.55226553
8655.4	10.55559053
8660.73	10.55209053
8666.12	10.55786553
8671.47	10.55716553
8676.83	10.55209053
8682.18	10.55821553
8687.53	10.56189053
8692.87	10.55541553
8698.23	10.56346553
8703.6	10.56189053
8708.95	10.56539053
8714.32	10.56871553
8719.67	10.56591553
8725	10.57256553
8730.37	10.57361553
8735.73	10.57151553
8741.17	10.56906553
8746.45	10.57956553
8751.8	10.57519053
8757.13	10.57834053
8762.5	10.57974053
8767.88	10.58009053
8773.22	10.57729053
8778.58	10.57151553
8783.93	10.57414053
8789.27	10.56994053
8794.63	10.57011553
8800	10.57536553
8805.35	10.57519053
8810.72	10.58324053
8816.07	10.59654053
8821.4	10.59514053
8826.78	10.58831553
8832.12	10.58306553
8837.48	10.59654053
8842.83	10.59531553
8848.2	10.59776553
8853.52	10.60844053
8858.9	10.60074053
8864.25	10.60651553
8869.6	10.59951553
8874.98	10.60319053
8880.32	10.60004053
8885.65	10.60231553
8891.03	10.60109053
8896.4	10.60634053
8901.73	10.60669053
8907.1	10.60511553
8912.45	10.61089053
8917.78	10.60284053
8923.15	10.60774053
8928.52	10.61124053
8933.87	10.60441553
8939.23	10.60144053
8944.57	10.60424053
8949.92	10.60039053
8955.28	10.60581553
8960.63	10.60879053
8966	10.60651553
8971.37	10.60511553
8976.72	10.61386553
8982.03	10.60511553
8987.43	10.60704053
8992.77	10.61929053
8998.13	10.60354053
9003.5	10.60389053
9008.85	10.61859053
9014.17	10.62016553
9019.55	10.61456553
9024.9	10.61334053
9030.27	10.60739053
9035.62	10.61439053
9040.98	10.61911553
9046.3	10.62051553
9051.68	10.62104053
9057.03	10.62821553
9062.38	10.62629053
9067.75	10.62506553
9073.1	10.62594053
9078.45	10.62366553
9083.82	10.62191553
9089.18	10.62804053
9094.52	10.62786553
9099.88	10.62559053
9105.23	10.63066553
9110.58	10.63031553
9115.95	10.63329053
9121.32	10.63136553
9126.65	10.63714053
9132.02	10.63609053
9137.37	10.63364053
9142.7	10.63049053
9148.08	10.63311553
9153.43	10.63609053
9158.8	10.63591553
9164.17	10.63679053
9169.5	10.63819053
9174.83	10.63941553
9180.22	10.63521553
9185.57	10.64046553
9190.93	10.63591553
9196.28	10.63469053
9201.63	10.63591553
9206.97	10.64361553
9212.33	10.63854053
9217.7	10.64256553
9223.05	10.63784053
9228.4	10.64239053
9233.77	10.64274053
9239.1	10.64099053
9244.48	10.64291553
9249.83	10.63959053
9255.2	10.63731553
9260.55	10.63784053
9265.9	10.64326553
9271.23	10.64309053
9276.62	10.63994053
9281.98	10.64309053
9287.32	10.64589053
9292.68	10.64361553
9298.03	10.64991553
9303.37	10.63749053
9308.75	10.65009053
9314.1	10.64869053
9319.47	10.64239053
9324.82	10.64379053
9330.17	10.65096553
9335.48	10.65079053
9340.87	10.64851553
9346.23	10.64956553
9351.6	10.65446553
9356.95	10.64939053
9362.3	10.65551553
9367.63	10.65009053
9373.02	10.64676553
9378.35	10.64974053
9383.7	10.64939053
9389.07	10.65621553
9394.42	10.65691553
9399.75	10.65919053
9405.13	10.65131553
9410.5	10.65201553
9415.83	10.65569053
9421.2	10.65096553
9426.55	10.65306553
9431.88	10.65289053
9437.25	10.65516553
9442.63	10.65761553
9447.97	10.66199053
9453.33	10.65569053
9458.68	10.65446553
9464.02	10.65341553
9469.43	10.65656553
9474.75	10.65446553
9480.12	10.65691553
9485.47	10.65341553
9490.82	10.65289053
9496.15	10.66164053
9501.53	10.65376553
9506.88	10.66059053
9512.25	10.65761553
9517.6	10.65481553
9522.95	10.65639053
9528.27	10.66006553
9533.7	10.66216553
9539	10.66094053
9544.37	10.66059053
9549.72	10.65954053
9555.08	10.66199053
9560.42	10.66951553
9560.72	10.65656553
