HEADER	
'time'	'total volume'
UNITS	
's'	'cm^3'
0.1	0
0.1724626	0
0.2291799	0
0.2972406	0
0.3789134	0
0.4769208	0
0.5945297	0
0.7356603	0
0.9050171	0
1.108245	0
1.352119	0
1.644768	0
1.995946	0
2.41736	0
2.923057	0
3.529893	0
4.258096	0
5.131941	0
6.180554	0
7.438889	0
8.948892	0
10.7609	0
12.9353	0
15.54459	0
18.67573	0
22.4331	0
26.94195	0
32.35256	0
38.8453	0
46.63658	0
55.98613	0
67.20558	0
80.66893	0
96.82494	0
116.2122	0
139.4768	0
167.3944	0
200.8955	0
241.0969	0
289.3385	0
347.2284	0
416.6963	0
500.0578	0
600.0917	0
720.1323	0
864.181	0
1037.039	0
1244.47	0
1493.386	0
1792.085	0
2150.525	0
2580.652	0
3096.805	0
3716.188	0
4459.448	0
5351.36	0
6421.654	0
7706.008	0
9247.232	0
10916.89	0
12920.48	0
15324.79	0
18000	0
18000.1	0
18000.22	0.000310566
18000.24	0.000357988
18000.26	0.000414226
18000.29	0.000480766
18000.32	0.000559289
18000.36	0.00065167
18000.4	0.000759985
18000.46	0.000886509
18000.53	0.001033636
18000.6	0.001203766
18000.7	0.001399078
18000.81	0.001621045
18000.95	0.001870585
18001.12	0.00215021
18001.32	0.002466124
18001.55	0.002827294
18001.84	0.003239688
18002.18	0.003705425
18002.59	0.004230005
18003.08	0.004822373
18003.67	0.005492939
18004.38	0.006251118
18005.24	0.007101149
18006.26	0.008042692
18007.48	0.009089335
18008.95	0.01026511
18010.72	0.01157846
18012.84	0.013039
18015.38	0.01466596
18018.43	0.01648167
18022.09	0.01849603
18026.48	0.02070606
18031.76	0.023142
18038.08	0.02584228
18045.67	0.0288053
18054.78	0.03203612
18065.71	0.03555349
18078.83	0.03935795
18094.57	0.04344253
18113.46	0.04787106
18136.12	0.05270811
18163.32	0.05794644
18195.96	0.06355811
18233.75	0.0693258
18279.1	0.07547578
18333.51	0.08210175
18397.23	0.0890408
18473.7	0.0963777
18565.46	0.1040987
18670.72	0.1119692
18797.03	0.1203086
18948.61	0.1290197
19123.53	0.1378021
19333.44	0.1470214
19585.34	0.1565693
19887.61	0.1663667
20250.34	0.1764055
20685.61	0.1865593
21207.94	0.1967082
21834.73	0.2068061
22586.88	0.216701
23489.46	0.2262184
24572.55	0.2352832
25872.27	0.2437768
27431.93	0.2515377
29303.52	0.2584575
31549.43	0.2644921
34244.52	0.2696054
36000	0.2722487
36000.1	0.2722488
36000.22	0.2786864
36000.23	0.279021
36000.23	0.279421
36000.24	0.2798992
36000.25	0.2804705
36000.27	0.2811527
36000.28	0.2819667
36000.3	0.282938
36000.32	0.2840973
36000.35	0.2854806
36000.38	0.2870065
36000.41	0.2885181
36000.44	0.2900346
36000.47	0.2916289
36000.51	0.2933573
36000.54	0.2952311
36000.59	0.2973069
36000.63	0.2996572
36000.69	0.302274
36000.75	0.3052084
36000.82	0.3086028
36000.89	0.311812
36000.95	0.3149146
36001.02	0.3179614
36001.08	0.3209749
36001.15	0.3240507
36001.21	0.3272405
36001.29	0.3305626
36001.36	0.3340878
36001.45	0.3378513
36001.53	0.341836
36001.63	0.3461927
36001.74	0.3510284
36001.86	0.3563058
36001.99	0.362101
36002.12	0.3678243
36002.25	0.3732737
36002.37	0.3785583
36002.49	0.3837345
36002.61	0.3889525
36002.74	0.394286
36002.87	0.3997628
36003	0.4054746
36003.15	0.4114526
36003.3	0.4176995
36003.46	0.4244445
36003.64	0.4317792
36003.84	0.4396002
36004.04	0.4475362
36004.22	0.4550178
36004.41	0.4622264
36004.59	0.4692366
36004.76	0.4762049
36004.95	0.4833356
36005.14	0.4906504
36005.34	0.4982325
36005.55	0.5061956
36005.77	0.5145244
36006	0.523402
36006.26	0.5329412
36006.51	0.5422182
36006.75	0.5510014
36006.99	0.5594834
36007.21	0.5677534
36007.44	0.5759057
36007.68	0.5842569
36007.92	0.5929008
36008.17	0.6018789
36008.44	0.6113316
36008.73	0.6212819
36009.03	0.631783
36009.34	0.6421276
36009.63	0.6520048
36009.91	0.6615169
36010.18	0.670829
36010.46	0.6799679
36010.73	0.6891466
36011.02	0.6986912
36011.33	0.7086159
36011.64	0.7190094
36011.99	0.7300525
36012.35	0.7417067
36012.69	0.7526576
36013.03	0.76323
36013.35	0.7734397
36013.67	0.7835143
36013.99	0.7934743
36014.31	0.8034093
36014.65	0.8137689
36015	0.8246467
36015.38	0.8360321
36015.78	0.8481384
36016.17	0.8599458
36016.55	0.8711847
36016.92	0.8822293
36017.29	0.8929379
36017.65	0.9035794
36018.02	0.9142109
36018.38	0.9248259
36018.77	0.9359131
36019.18	0.9476854
36019.62	0.9600858
36020.08	0.9730574
36020.5	0.9848216
36020.9	0.9961902
36021.32	1.007607
36021.72	1.018773
36022.13	1.029928
36022.54	1.041191
36022.96	1.052489
36023.4	1.064288
36023.87	1.07689
36024.37	1.090305
36024.84	1.102776
36025.28	1.114382
36025.71	1.125571
36026.15	1.137075
36026.6	1.14856
36027.05	1.160077
36027.5	1.171833
36027.97	1.183721
36028.46	1.196047
36028.98	1.209236
36029.5	1.222314
36029.99	1.234391
36030.46	1.245995
36030.9	1.256993
36031.36	1.268126
36031.83	1.279685
36032.31	1.291312
36032.8	1.303213
36033.31	1.315486
36033.84	1.328009
36034.4	1.341304
36034.96	1.354635
36035.48	1.366795
36035.98	1.378395
36036.46	1.389697
36036.93	1.400567
36037.42	1.411825
36037.93	1.423605
36038.45	1.435533
36038.99	1.447855
36039.56	1.460684
36040.15	1.473901
36040.76	1.487608
36041.33	1.500186
36041.86	1.511906
36042.37	1.52323
36042.88	1.534433
36043.38	1.545282
36043.89	1.556547
36044.45	1.568555
36045.02	1.580832
36045.61	1.593495
36046.23	1.606764
36046.88	1.620568
36047.5	1.633654
36048.07	1.645797
36048.62	1.657331
36049.16	1.668415
36049.69	1.679522
36050.22	1.690438
36050.75	1.70141
36051.33	1.713298
36051.94	1.725817
36052.58	1.738718
36053.24	1.752164
36053.94	1.766249
36054.59	1.779243
36055.19	1.791194
36055.77	1.802653
36056.33	1.813701
36056.88	1.824558
36057.44	1.835581
36057.99	1.84644
36058.57	1.857624
36059.2	1.869892
36059.87	1.882848
36060.57	1.896338
36061.31	1.910435
36062.02	1.92395
36062.66	1.936108
36063.27	1.94748
36063.85	1.958517
36064.43	1.969287
36065	1.979918
36065.58	1.990803
36066.17	2.001631
36066.77	2.012703
36067.43	2.024916
36068.15	2.038019
36068.9	2.051754
36069.7	2.066148
36070.43	2.079458
36071.11	2.091542
36071.74	2.102907
36072.36	2.113967
36072.97	2.124793
36073.58	2.135517
36074.2	2.146552
36074.83	2.157556
36075.47	2.168811
36076.18	2.181273
36076.96	2.194742
36077.78	2.208947
36078.64	2.223727
36079.4	2.236737
36080.1	2.248747
36080.78	2.260166
36081.44	2.271342
36082.08	2.28228
36082.74	2.293255
36083.41	2.304592
36084.09	2.315834
36084.79	2.327591
36085.59	2.340693
36086.44	2.354788
36087.35	2.36971
36088.21	2.383753
36088.99	2.396348
36089.72	2.408239
36090.43	2.419728
36091.13	2.431009
36091.82	2.442093
36092.54	2.453484
36093.27	2.465122
36094	2.476727
36094.8	2.489395
36095.69	2.503408
36096.65	2.518364
36097.61	2.533262
36098.45	2.546365
36099.24	2.558611
36100.01	2.570416
36100.77	2.58201
36101.51	2.593348
36102.26	2.604815
36103.05	2.616752
36103.83	2.62862
36104.66	2.641141
36105.6	2.655196
36106.61	2.670308
36107.65	2.685661
36108.56	2.699104
36109.4	2.71156
36110.22	2.723612
36111.03	2.735485
36111.83	2.747093
36112.63	2.758737
36113.47	2.770929
36114.32	2.783145
36115.21	2.795847
36116.21	2.810164
36117.3	2.825644
36118.38	2.841024
36119.34	2.854524
36120.23	2.867071
36121.11	2.879295
36121.97	2.891422
36122.83	2.903277
36123.69	2.91519
36124.59	2.927706
36125.51	2.940257
36126.47	2.953403
36127.56	2.968301
36128.74	2.984352
36129.86	2.999371
36130.85	3.012661
36131.78	3.02522
36132.71	3.037601
36133.64	3.049964
36134.55	3.06204
36135.48	3.074355
36136.46	3.087273
36137.45	3.100171
36138.52	3.114108
36139.73	3.12993
36141	3.146253
36142.11	3.160552
36143.12	3.173544
36144.11	3.186111
36145.1	3.198718
36146.09	3.211265
36147.06	3.223625
36148.09	3.23655
36149.15	3.249818
36150.23	3.263303
36151.46	3.278594
36152.83	3.295528
36154.06	3.310692
36155.15	3.324159
36156.2	3.336946
36157.24	3.34966
36158.31	3.362556
36159.36	3.375248
36160.44	3.38822
36161.57	3.401827
36162.71	3.415422
36163.96	3.430305
36165.4	3.447369
36166.73	3.463084
36167.92	3.476965
36169.03	3.489967
36170.13	3.502786
36171.26	3.515879
36172.39	3.528942
36173.53	3.54213
36174.74	3.556028
36175.96	3.569957
36177.26	3.584784
36178.79	3.602007
36180.2	3.617943
36181.45	3.632037
36182.63	3.645194
36183.79	3.658144
36184.99	3.671407
36186.2	3.684777
36187.43	3.698307
36188.73	3.712592
36190.04	3.726911
36191.43	3.74202
36193.06	3.759648
36194.53	3.775474
36195.84	3.789529
36197.07	3.802773
36198.31	3.815886
36199.58	3.829366
36200.87	3.843006
36202.19	3.857
36203.61	3.871806
36205.02	3.886525
36206.53	3.902288
36208.24	3.91997
36209.74	3.935391
36211.09	3.94926
36212.4	3.962563
36213.71	3.975903
36215.06	3.989657
36216.44	4.0036
36217.9	4.018242
36219.43	4.033618
36220.96	4.048799
36222.66	4.065699
36224.36	4.082456
36225.86	4.097255
36227.26	4.110951
36228.63	4.124352
36230.04	4.138029
36231.49	4.152072
36232.98	4.166491
36234.6	4.18201
36236.25	4.197809
36237.93	4.21379
36239.85	4.23197
36241.51	4.247642
36243.02	4.261774
36244.47	4.275399
36245.94	4.289096
36247.46	4.303229
36249.03	4.317656
36250.7	4.333081
36252.5	4.349533
36254.26	4.365653
36256.23	4.383487
36258.04	4.399864
36259.66	4.41442
36261.21	4.428283
36262.75	4.44209
36264.35	4.456336
36266	4.47088
36267.74	4.486242
36269.66	4.503069
36271.57	4.519773
36273.59	4.537324
36275.54	4.554195
36277.26	4.569052
36278.9	4.58311
36280.54	4.597091
36282.23	4.611514
36283.97	4.626259
36285.8	4.641722
36287.84	4.658877
36289.91	4.676212
36292.04	4.693934
36294.1	4.710972
36295.91	4.725917
36297.64	4.740119
36299.38	4.754318
36301.18	4.769013
36303.04	4.784034
36304.99	4.799817
36307.19	4.817466
36309.42	4.835338
36311.71	4.853582
36313.84	4.870373
36315.72	4.8852
36317.54	4.899525
36319.39	4.914019
36321.33	4.929099
36323.31	4.944466
36325.44	4.960882
36327.84	4.979292
36330.23	4.997561
36332.73	5.016564
36334.85	5.032652
36336.8	5.047309
36338.73	5.061823
36340.74	5.076794
36342.83	5.092346
36344.98	5.108229
36347.36	5.125818
36349.99	5.145062
36352.55	5.163708
36354.98	5.181383
36357.1	5.196653
36359.13	5.211296
36361.21	5.226175
36363.4	5.241799
36365.66	5.257804
36368.04	5.274672
36370.77	5.29384
36373.56	5.313334
36376.3	5.332338
36378.63	5.348441
36380.78	5.363292
36382.96	5.378213
36385.25	5.393873
36387.65	5.410173
36390.13	5.426937
36392.93	5.44578
36395.97	5.466131
36398.93	5.485799
36401.46	5.50257
36403.74	5.517642
36406.04	5.532682
36408.45	5.548455
36411.01	5.565077
36413.63	5.582078
36416.56	5.600932
36419.84	5.621863
36422.97	5.641798
36425.67	5.6589
36428.09	5.674155
36430.52	5.689361
36433.08	5.705375
36435.82	5.72237
36438.63	5.739773
36441.77	5.75905
36445.28	5.780531
36448.54	5.80032
36451.36	5.817366
36453.91	5.832737
36456.49	5.848176
36459.24	5.8646
36462.18	5.882049
36465.23	5.900001
36468.65	5.920119
36472.34	5.941632
36475.69	5.961055
36478.59	5.977746
36481.28	5.993228
36484.05	6.009021
36487.04	6.02606
36490.22	6.044034
36493.55	6.062784
36497.38	6.084151
36501.09	6.104765
36504.49	6.123569
36507.44	6.139823
36510.31	6.155497
36513.32	6.171872
36516.61	6.189706
36520.05	6.208268
36523.79	6.228284
36527.98	6.250545
36531.73	6.270412
36535.1	6.288138
36538.16	6.304172
36541.25	6.320259
36544.6	6.337616
36548.24	6.356333
36552.04	6.375799
36556.37	6.39785
36560.42	6.418343
36564.2	6.437353
36567.55	6.454106
36570.81	6.470305
36574.23	6.48727
36578.02	6.505899
36582.01	6.52543
36586.39	6.546728
36590.81	6.568064
36594.89	6.587678
36598.59	6.60532
36602.07	6.621851
36605.64	6.638704
36609.56	6.657151
36613.79	6.676906
36618.32	6.697884
36623.15	6.720128
36627.48	6.739987
36631.5	6.75827
36635.24	6.775222
36639.03	6.79225
36643.14	6.810679
36647.64	6.830695
36652.41	6.851773
36657.61	6.874549
36662.19	6.894536
36666.48	6.913122
36670.51	6.930467
36674.56	6.947839
36678.95	6.966514
36683.77	6.986904
36688.87	7.008345
36694.32	7.031086
36699.15	7.051094
36703.68	7.069741
36708	7.087423
36712.37	7.105237
36717.12	7.12442
36722.32	7.145328
36727.84	7.167324
36733.46	7.189557
36738.52	7.209471
36743.27	7.228032
36747.9	7.246046
36752.66	7.264416
36757.87	7.284366
36763.53	7.305931
36769.56	7.328716
36775.3	7.350221
36780.58	7.369888
36785.55	7.38831
36790.56	7.40674
36795.8	7.425883
36801.59	7.446889
36807.8	7.469217
36814.52	7.49321
36820.37	7.513928
36825.8	7.533076
36831.1	7.551606
36836.59	7.570683
36842.5	7.591061
36849.03	7.613411
36855.89	7.636677
36862.5	7.658934
36868.5	7.678989
36874.13	7.697667
36879.92	7.716769
36886.05	7.736854
36892.85	7.758931
36900.16	7.782452
36907.73	7.806609
36914.32	7.82746
36920.39	7.84656
36926.47	7.865558
36932.99	7.885766
36940.12	7.907677
36947.98	7.931618
36956.16	7.956272
36963.38	7.977879
36969.99	7.997513
36976.4	8.016435
36983.36	8.03679
36990.96	8.058851
36999.43	8.08321
37008.25	8.108307
37016.11	8.130467
37023.29	8.150548
37030.11	8.169513
37037.56	8.190045
37045.81	8.212572
37055.02	8.237469
37064.64	8.263211
37073.09	8.285618
37080.81	8.305925
37088.15	8.32506
37096.24	8.34598
37105.34	8.369304
37115.48	8.395018
37125.75	8.420768
37134.77	8.443168
37143.01	8.463446
37150.98	8.482905
37159.93	8.504554
37170.16	8.529052
37181.48	8.555832
37192.01	8.5805
37201.62	8.602758
37210.35	8.622823
37219.16	8.64289
37229.3	8.66574
37241.02	8.691846
37253.69	8.719702
37264.53	8.743289
37274.67	8.765135
37283.99	8.785026
37294.07	8.806324
37305.99	8.831206
37319.66	8.859372
37332.11	8.884733
37343.57	8.907805
37354.11	8.928802
37364.5	8.949302
37376.43	8.972564
37390.74	9.000098
37405.45	9.028003
37418.13	9.051785
37430.23	9.074203
37441.42	9.094727
37453.71	9.11701
37468.46	9.143383
37485.79	9.173859
37499.89	9.198341
37513.49	9.221669
37525.94	9.242768
37539.06	9.26475
37554.63	9.290469
37572.54	9.319568
37588.46	9.345057
37603.57	9.368929
37617.64	9.390882
37631.79	9.412678
37648.32	9.437758
37668.14	9.467329
37686.15	9.493754
37702.94	9.518025
37718.92	9.540811
37734.51	9.562746
37752.6	9.587792
37774.3	9.61729
37794.46	9.644209
37813.21	9.668844
37831.35	9.69231
37848.84	9.714602
37869.14	9.740029
37893.5	9.769924
37915.78	9.79676
37936.98	9.821836
37957.57	9.845777
37977.61	9.868682
38001.05	9.894971
38029.18	9.925801
38053.69	9.952121
38078.11	9.977822
38101.49	10.00195
38125.15	10.02591
38153.28	10.05376
38183.5	10.08295
38210.91	10.10886
38239.58	10.13535
38266.49	10.15967
38295.38	10.18518
38330.05	10.21498
38362.42	10.2421
38394.7	10.26848
38428.49	10.29537
38460.63	10.32031
38497.4	10.34803
38537.69	10.37749
38574.32	10.40352
38614.82	10.43144
38654.42	10.45793
38695.97	10.48485
38745.01	10.51546
38788.79	10.54191
38835.68	10.56927
38886.72	10.59795
38936.51	10.62491
38994.44	10.65496
39049.1	10.68219
39104.58	10.70872
39170.38	10.73876
39234.01	10.7665
39306.93	10.79666
39377.91	10.82454
39448.1	10.85075
39532.33	10.88043
39618.99	10.90918
39716.65	10.93945
39814.19	10.96766
39911.72	10.99398
40028.76	11.02316
40155.23	11.05217
40298.93	11.08213
40448.42	11.11027
40605.62	11.13681
40794.27	11.16495
41007.67	11.19281
41256.81	11.2207
41549.25	11.24787
41892.15	11.27342
42303.62	11.29719
42797.39	11.31868
43389.91	11.33736
44100.94	11.35275
44954.17	11.36456
45978.04	11.37292
47206.7	11.37832
48681.08	11.38148
50450.34	11.38314
52573.46	11.38393
54000	11.38419
54000.1	11.38419
54000.22	11.38683
54000.22	11.38686
54000.22	11.3869
54000.23	11.38695
54000.23	11.38701
54000.23	11.38708
54000.24	11.38717
54000.24	11.38727
54000.25	11.3874
54000.25	11.38754
54000.26	11.38772
54000.27	11.38793
54000.28	11.38819
54000.3	11.3885
54000.31	11.38886
54000.33	11.3893
54000.36	11.38983
54000.39	11.39047
54000.42	11.39123
54000.46	11.39214
54000.51	11.39324
54000.57	11.39455
54000.64	11.39613
54000.73	11.39802
54000.83	11.40028
54000.96	11.403
54001.11	11.40626
54001.29	11.41016
54001.5	11.41484
54001.76	11.42045
54002.07	11.42716
54002.44	11.43519
54002.89	11.4448
54003.42	11.45629
54004.06	11.47002
54004.83	11.48641
54005.76	11.50596
54006.87	11.52925
54008.2	11.55695
54009.79	11.58985
54011.71	11.62886
54014.01	11.67499
54016.77	11.7294
54020.08	11.7934
54023.99	11.86722
54027.96	11.9405
54031.88	12.01135
54035.86	12.08168
54039.68	12.1479
54043.56	12.21387
54047.39	12.27771
54050.99	12.33663
54054.47	12.39288
54057.82	12.44598
54061.08	12.49706
54064.17	12.54483
54067.35	12.59332
54070.34	12.63833
54073.07	12.67887
54075.85	12.71986
54078.72	12.76165
54081.48	12.80134
54083.91	12.83601
54086.05	12.8663
54088.1	12.89517
54090.53	12.92898
54093.16	12.96521
54095.78	13.00102
54097.85	13.02916
54099.9	13.05666
54102	13.0848
54103.93	13.11038
54105.86	13.13574
54107.88	13.16227
54109.99	13.18961
54112.35	13.22009
54114.7	13.25016
54116.69	13.27547
54118.58	13.29928
54120.32	13.32116
54121.96	13.34164
54123.73	13.36361
54125.47	13.38511
54127.31	13.4076
54129.29	13.43171
54131.39	13.45714
54133.68	13.48471
54135.76	13.5096
54137.67	13.53228
54139.49	13.55366
54141.15	13.57322
54142.8	13.59251
54144.39	13.61096
54145.92	13.62864
54147.57	13.64768
54149.37	13.66828
54151.27	13.68987
54153.33	13.71315
54155.49	13.7374
54157.79	13.76293
54159.74	13.78457
54161.52	13.80424
54163.26	13.82333
54164.94	13.8417
54166.53	13.85894
54168.14	13.87632
54169.7	13.89306
54171.23	13.90943
54172.97	13.92797
54174.9	13.94846
54176.95	13.96996
54179.18	13.99325
54181.52	14.01753
54183.85	14.04156
54185.75	14.06103
54187.49	14.07882
54189.2	14.09615
54190.9	14.11337
54192.52	14.12967
54194.14	14.14582
54195.77	14.16209
54197.33	14.17751
54199.08	14.19478
54201.17	14.21521
54203.36	14.2366
54205.72	14.25933
54208.25	14.28365
54210.62	14.3063
54212.72	14.32617
54214.53	14.34323
54216.25	14.35944
54217.98	14.37556
54219.72	14.39173
54221.38	14.40714
54223.06	14.42262
54224.77	14.43824
54226.4	14.45313
54228.27	14.47007
54230.5	14.49019
54232.86	14.51129
54235.4	14.53382
54238.14	14.55795
54240.62	14.57971
54242.81	14.59881
54244.72	14.61533
54246.56	14.6312
54248.42	14.64709
54250.28	14.66302
54252.07	14.6782
54253.9	14.69361
54255.74	14.70904
54257.5	14.7238
54259.58	14.74101
54262.06	14.76145
54264.67	14.7828
54267.48	14.80565
54270.45	14.82958
54273.08	14.85062
54275.39	14.86897
54277.43	14.88511
54279.42	14.90081
54281.46	14.91669
54283.49	14.93251
54285.45	14.94764
54287.47	14.96319
54289.47	14.97848
54291.42	14.99335
54293.77	15.01106
54296.58	15.03215
54299.53	15.05405
54302.72	15.07756
54305.82	15.10023
54308.64	15.12064
54311.08	15.13824
54313.3	15.15415
54315.49	15.16981
54317.76	15.18584
54320	15.2016
54322.18	15.21686
54324.45	15.23268
54326.65	15.24786
54328.87	15.2631
54331.53	15.28125
54334.73	15.30284
54338.12	15.32551
54341.79	15.34984
54345.08	15.37149
54348.12	15.39128
54350.72	15.40817
54353.18	15.42397
54355.65	15.43977
54358.21	15.45605
54360.71	15.47179
54363.19	15.48739
54365.79	15.50353
54368.23	15.51863
54370.86	15.53476
54374.02	15.55395
54377.8	15.57673
54381.78	15.60043
54385.82	15.62423
54389.39	15.64511
54392.65	15.66403
54395.49	15.68037
54398.26	15.6962
54401.11	15.71237
54404.05	15.72891
54406.87	15.74469
54409.8	15.76091
54412.76	15.77719
54415.56	15.79244
54418.89	15.81048
54422.9	15.8319
54427.45	15.85597
54432.25	15.88101
54436.48	15.90288
54440.44	15.92314
54443.9	15.94072
54447.11	15.95685
54450.33	15.97296
54453.73	15.98978
54457.11	16.00638
54460.44	16.02258
54463.98	16.03964
54467.32	16.05561
54470.75	16.07184
54474.87	16.09111
54479.81	16.11393
54485.36	16.13919
54490.66	16.16304
54495.36	16.18396
54499.77	16.20335
54503.61	16.22009
54507.37	16.23638
54511.28	16.25312
54515.4	16.27057
54519.38	16.28724
54523.52	16.30442
54527.8	16.32197
54531.73	16.33793
54536.31	16.35629
54541.8	16.37802
54548.4	16.40366
54555.28	16.42999
54561.01	16.45164
54566.48	16.47201
54571.3	16.48981
54575.87	16.50647
54580.55	16.52335
54585.57	16.54126
54590.59	16.55896
54595.59	16.57634
54601.03	16.59497
54606.08	16.61206
54611.28	16.62943
54617.53	16.64995
54625.02	16.67413
54633.87	16.70208
54641.27	16.72509
54648.15	16.74613
54654.55	16.76546
54660.33	16.78268
54666.21	16.79998
54672.5	16.81821
54679.17	16.83724
54685.6	16.85529
54692.59	16.87457
54699.72	16.89393
54706.2	16.91121
54713.98	16.93155
54723.31	16.95543
54734.51	16.98337
54744.71	17.00828
54753.83	17.03011
54762.71	17.05099
54770.55	17.06911
54778.49	17.08717
54786.94	17.10604
54796.27	17.12644
54805.53	17.14626
54815.03	17.16613
54825.74	17.18801
54835.32	17.20712
54845.65	17.22722
54858.04	17.25068
54872.92	17.27797
54888.83	17.30624
54902.47	17.32982
54915.97	17.35255
54928.34	17.37292
54940.22	17.39203
54953.22	17.4124
54967.8	17.43455
54983.64	17.45785
54998.84	17.47952
55016.4	17.5036
55035.18	17.52839
55051.5	17.54915
55071.08	17.57308
55094.58	17.60056
55122.77	17.63195
55149.36	17.66022
55174.99	17.6863
55201.95	17.71257
55225.7	17.73486
55251.61	17.75816
55282.22	17.78426
55318.79	17.81355
55359.47	17.84405
55399.51	17.87214
55447.57	17.90328
55505.24	17.93755
55558.21	17.96658
55621.78	17.99823
55695.94	18.03191
55784.93	18.06848
55891.73	18.10774
56019.88	18.14931
56173.66	18.19259
56358.19	18.23709
56579.64	18.28257
56845.37	18.32865
57164.25	18.37458
57546.91	18.41987
58006.09	18.46419
58557.12	18.50724
59218.34	18.54881
60011.82	18.58868
60963.99	18.62667
62106.59	18.66262
63477.72	18.6964
65123.06	18.72792
67097.48	18.75722
69466.78	18.78439
72000	18.80732
72000.1	18.80733
72000.22	18.80843
72000.22	18.80843
72000.22	18.80845
72000.22	18.80846
72000.23	18.80847
72000.23	18.80849
72000.23	18.80851
72000.23	18.80854
72000.24	18.80857
72000.24	18.80861
72000.24	18.80865
72000.25	18.8087
72000.26	18.80877
72000.27	18.80884
72000.28	18.80894
72000.29	18.80905
72000.3	18.80918
72000.32	18.80934
72000.34	18.80953
72000.37	18.80976
72000.4	18.81003
72000.43	18.81036
72000.47	18.81075
72000.53	18.81123
72000.59	18.81179
72000.66	18.81247
72000.75	18.81328
72000.86	18.81426
72000.99	18.81542
72001.14	18.81682
72001.33	18.81849
72001.55	18.82048
72001.82	18.82286
72002.14	18.82571
72002.53	18.8291
72002.99	18.83314
72003.54	18.83794
72004.21	18.84365
72005.01	18.85042
72005.96	18.85844
72007.11	18.86793
72008.49	18.87913
72010.15	18.89233
72012.14	18.90784
72014.52	18.92605
72017.38	18.94734
72020.81	18.97219
72024.61	18.99888
72027.35	19.01771
72029.99	19.03554
72032.56	19.0525
72035.11	19.06902
72037.8	19.08615
72041.02	19.10632
72043.57	19.12198
72045.96	19.13653
72048.01	19.14887
72050.18	19.16168
72052.4	19.17464
72054.5	19.18676
72056.59	19.19866
72058.64	19.21017
72060.67	19.22142
72062.82	19.23318
72065.02	19.24498
72067.25	19.25673
72069.56	19.2687
72071.82	19.28025
72074.11	19.29169
72076.56	19.30375
72079.5	19.31798
72082.98	19.33454
72085.73	19.3474
72088.01	19.35797
72090.23	19.36815
72092.52	19.37849
72094.91	19.38916
72097.21	19.39932
72099.57	19.40959
72102.07	19.42034
72104.36	19.43005
72106.8	19.44022
72109.5	19.4513
72112.14	19.46194
72114.79	19.47248
72117.47	19.48295
72120.11	19.49306
72122.92	19.50365
72125.91	19.51464
72128.94	19.52557
72132.15	19.5368
72135.43	19.54804
72138.66	19.55884
72142.25	19.57057
72146.56	19.58434
72150.98	19.59813
72154.74	19.60966
72158.34	19.62054
72161.66	19.63039
72164.77	19.63949
72168.04	19.64893
72171.59	19.65895
72175.31	19.66925
72178.89	19.67899
72182.81	19.68942
72186.86	19.69998
72190.57	19.70944
72194.89	19.72017
72199.61	19.73157
72204.19	19.74231
72208.9	19.75308
72213.67	19.76368
72218.47	19.77401
72223.82	19.78513
72229.57	19.79661
72235.53	19.80804
72242.05	19.81995
72248.86	19.83184
72255.74	19.84329
72263.58	19.85579
72272.99	19.87016
72281.94	19.88331
72290.04	19.89481
72298.26	19.90607
72305.99	19.91637
72313.26	19.92574
72321.4	19.93585
72330.65	19.94683
72340.91	19.95848
72350.82	19.96921
72361.93	19.98062
72374.8	19.99315
72386.33	20.00376
72399.99	20.01547
72416.39	20.02843
72434.54	20.04162
72453.7	20.05439
72475.46	20.06762
72499.1	20.08063
72526	20.09378
72558.28	20.10754
72597.02	20.12176
72643.51	20.13623
72699.29	20.15078
72766.23	20.16529
72846.55	20.17976
72942.95	20.19427
73058.61	20.20888
73197.42	20.22366
73363.98	20.23861
73563.86	20.25375
73803.71	20.26906
74091.53	20.28453
74436.92	20.30014
74851.39	20.31596
75348.75	20.33202
75945.57	20.3484
76661.77	20.36519
77521.21	20.38242
78552.53	20.40013
79790.11	20.4183
81275.22	20.43682
83057.34	20.45548
85195.89	20.47398
87762.15	20.49198
90000	20.5052
90000.1	20.5052
90000.22	20.50679
90000.22	20.5068
90000.22	20.5068
90000.22	20.50681
90000.22	20.50681
90000.22	20.50682
90000.22	20.50683
90000.22	20.50684
90000.22	20.50686
90000.23	20.50687
90000.23	20.50689
90000.23	20.50692
90000.23	20.50695
90000.23	20.50698
90000.24	20.50702
90000.24	20.50707
90000.25	20.50713
90000.25	20.50721
90000.26	20.50729
90000.27	20.5074
90000.27	20.50752
90000.29	20.50767
90000.3	20.50785
90000.32	20.50806
90000.34	20.50832
90000.36	20.50863
90000.39	20.50899
90000.42	20.50944
90000.46	20.50997
90000.51	20.5106
90000.57	20.51136
90000.64	20.51226
90000.72	20.51335
90000.82	20.51464
90000.94	20.51619
90001.08	20.51803
90001.26	20.52023
90001.47	20.52285
90001.72	20.52597
90002.02	20.52968
90002.37	20.53408
90002.8	20.53925
90003.31	20.54537
90003.93	20.55258
90004.66	20.56108
90005.55	20.57105
90006.52	20.58171
90007.48	20.59207
90008.46	20.60226
90009.47	20.6126
90010.65	20.62449
90012.07	20.63857
90013.03	20.64801
90013.91	20.65655
90014.75	20.66461
90015.54	20.67212
90016.29	20.67931
90017.03	20.68619
90017.75	20.69291
90018.49	20.69967
90019.22	20.70637
90019.96	20.71303
90020.71	20.71969
90021.45	20.72617
90022.18	20.73257
90022.93	20.73896
90023.67	20.74527
90024.43	20.75155
90025.19	20.75783
90025.97	20.76412
90026.75	20.77039
90027.56	20.77668
90028.39	20.78308
90029.24	20.78947
90030.11	20.79585
90031.01	20.80232
90031.95	20.80892
90032.92	20.81559
90033.93	20.82226
90034.98	20.82902
90036.08	20.83582
90037.21	20.84257
90038.39	20.84937
90039.7	20.85684
90041.28	20.86566
90042.54	20.87257
90043.67	20.87873
90044.75	20.8846
90045.77	20.89005
90046.77	20.89538
90047.79	20.90074
90048.85	20.9062
90049.89	20.91154
90050.93	20.91679
90052	20.92217
90053.04	20.92731
90054.1	20.93245
90055.23	20.93787
90056.36	20.94322
90057.5	20.9485
90058.64	20.95376
90059.79	20.95893
90060.97	20.96419
90062.22	20.9696
90063.49	20.97502
90064.81	20.9805
90066.16	20.98601
90067.51	20.99137
90068.9	20.99678
90070.35	21.00226
90071.84	21.00773
90073.39	21.01327
90075.02	21.01888
90076.73	21.02459
90078.5	21.03029
90080.38	21.03606
90082.42	21.04207
90084.57	21.0481
90086.84	21.05417
90089.32	21.0604
90092.05	21.06681
90095.03	21.07335
90098.26	21.07986
90101.9	21.08664
90106.26	21.09441
90109.58	21.10011
90112.54	21.10505
90115.54	21.10991
90118.43	21.11447
90121.16	21.11867
90124.15	21.12309
90127.44	21.12777
90131	21.13264
90134.46	21.13717
90138.23	21.14187
90142.37	21.14682
90146.19	21.15117
90150.63	21.1559
90155.95	21.16119
90161.39	21.16624
90167.14	21.17121
90173.39	21.17625
90180	21.18116
90187.57	21.18625
90196.65	21.19171
90207.56	21.19747
90220.64	21.20342
90236.34	21.20946
90255.18	21.21556
90277.79	21.22168
90304.92	21.22771
90337.47	21.23363
90376.54	21.23947
90423.42	21.24527
90479.68	21.25108
90547.18	21.25695
90628.19	21.2629
90725.4	21.26895
90842.06	21.27511
90982.04	21.28137
91150.02	21.28771
91351.59	21.29413
91593.48	21.3006
91883.75	21.30712
92232.08	21.3137
92650.06	21.32042
93151.65	21.32739
93753.55	21.33472
94475.83	21.34249
95342.57	21.35076
96382.66	21.35956
97630.76	21.36886
99128.49	21.3786
100925.8	21.38871
103082.5	21.39909
105670.5	21.40962
108000	21.41787
