HEADER		
'time'		'total volume'
UNITS		
's'	'cm^3'	
0.1	0.005555555	
0.1036973	0.005760961	
0.1076675	0.00598153	
0.1119603	0.006220016	
0.1166382	0.0064799	
0.1217769	0.006765385	
0.1274598	0.007081101	
0.1337967	0.007433151	
0.1409136	0.007828535	
0.1489586	0.008275477	
0.1581279	0.008784885	
0.1674594	0.009303297	
0.1765083	0.009806017	
0.1853636	0.01029798	
0.1940868	0.0107826	
0.2027265	0.01126259	
0.2113251	0.01174028	
0.2199214	0.01221785	
0.2285535	0.01269741	
0.2372575	0.01318097	
0.2460747	0.01367081	
0.2550477	0.01416932	
0.2642255	0.01467919	
0.2736678	0.01520377	
0.2834369	0.01574649	
0.2936097	0.01631165	
0.3042775	0.0169043	
0.3155457	0.01753032	
0.3275297	0.01819609	
0.3403827	0.01891015	
0.3542731	0.01968184	
0.3694042	0.02052245	
0.3860345	0.02144636	
0.4044446	0.02246914	
0.424998	0.023611	
0.4468171	0.02482317	
0.4674925	0.02597181	
0.4873371	0.02707428	
0.5065611	0.02814228	
0.5253175	0.0291843	
0.5437204	0.03020669	
0.5618604	0.03121447	
0.5798139	0.03221188	
0.5976489	0.03320271	
0.6154293	0.03419051	
0.6332162	0.03517868	
0.6510777	0.03617098	
0.669083	0.03717127	
0.6873111	0.03818395	
0.7058515	0.03921397	
0.7247974	0.04026652	
0.7442706	0.04134837	
0.764398	0.04246655	
0.7853311	0.0436295	
0.8072542	0.04484745	
0.8303881	0.04613267	
0.8549705	0.04749836	
0.8813085	0.04896158	
0.9097667	0.05054259	
0.940754	0.05226411	
0.9748146	0.05415636	
1.012555	0.05625304	
1.05471	0.05859497	
1.099325	0.06107359	
1.141516	0.06341753	
1.181961	0.06566447	
1.221094	0.06783858	
1.259236	0.06995755	
1.296627	0.07203485	
1.333459	0.07408105	
1.369888	0.07610489	
1.406057	0.0781143	
1.442102	0.08011674	
1.478146	0.08211923	
1.514329	0.08412937	
1.55079	0.08615499	
1.587689	0.08820492	
1.625207	0.09028927	
1.663535	0.09241862	
1.702922	0.09460676	
1.743628	0.09686819	
1.785961	0.09922005	
1.830297	0.1016832	
1.877085	0.1042825	
1.92681	0.107045	
1.980094	0.1100052	
2.037684	0.1132047	
2.100414	0.1166896	
2.169395	0.1205219	
2.245885	0.1247714	
2.317871	0.1287706	
2.385833	0.1325462	
2.450854	0.1361585	
2.513664	0.139648	
2.574768	0.1430426	
2.634554	0.1463641	
2.693347	0.1496304	
2.751428	0.1528571	
2.809053	0.1560585	
2.866458	0.1592477	
2.92388	0.1624378	
2.981566	0.1656425	
3.03977	0.1688761	
3.098792	0.1721551	
3.158932	0.1754962	
3.220562	0.1789201	
3.284109	0.1824505	
3.350037	0.1861131	
3.418929	0.1899405	
3.491488	0.1939715	
3.568498	0.1982499	
3.650887	0.202827	
3.739857	0.2077698	
3.836715	0.2131508	
3.933674	0.2185374	
4.023221	0.2235123	
4.107501	0.2281945	
4.187829	0.2326572	
4.265109	0.2369505	
4.340036	0.2411131	
4.413163	0.2451757	
4.484932	0.2491629	
4.555715	0.2530953	
4.625848	0.2569916	
4.695652	0.2608695	
4.765464	0.264748	
4.835618	0.2686454	
4.906491	0.2725828	
4.97848	0.2765822	
5.052019	0.2806677	
5.127652	0.2848696	
5.205939	0.2892188	
5.287575	0.2937541	
5.373395	0.2985219	
5.46439	0.3035772	
5.561634	0.3089797	
5.666571	0.3148095	
5.778062	0.3210034	
5.879341	0.32663	
5.973399	0.3318555	
6.062172	0.3367873	
6.146964	0.341498	
6.228673	0.3460374	
6.307972	0.3504428	
6.385412	0.3547451	
6.461468	0.3589704	
6.536572	0.3631428	
6.6111	0.3672833	
6.685433	0.3714129	
6.759937	0.375552	
6.835001	0.3797223	
6.911072	0.3839484	
6.988596	0.3882553	
7.068156	0.3926753	
7.150371	0.3972428	
7.235954	0.4019974	
7.325787	0.4069881	
7.420936	0.4122742	
7.522577	0.4179209	
7.632191	0.4240106	
7.748229	0.4304571	
7.853376	0.4362987	
7.950865	0.4417147	
8.042714	0.4468174	
8.130322	0.4516845	
8.214674	0.4563708	
8.296488	0.460916	
8.376332	0.4653518	
8.454697	0.4697054	
8.532034	0.4740018	
8.608748	0.4782638	
8.685249	0.4825138	
8.761929	0.4867738	
8.839199	0.4910666	
8.917524	0.4954179	
8.997371	0.4998539	
9.07935	0.5044083	
9.164116	0.5091175	
9.252425	0.5140236	
9.345218	0.5191787	
9.443637	0.5246465	
9.548952	0.5304973	
9.66276	0.53682	
9.779215	0.5432897	
9.885083	0.5491713	
9.983455	0.5546364	
10.07627	0.5597928	
10.16489	0.5647161	
10.25029	0.5694606	
10.3332	0.5740664	
10.41416	0.5785646	
10.49369	0.5829826	
10.57222	0.5873454	
10.65017	0.5916761	
10.72797	0.5959982	
10.80602	0.6003342	
10.88476	0.6047086	
10.96467	0.6091481	
11.04624	0.6136799	
11.13012	0.61834	
11.21699	0.6231662	
11.30767	0.6282039	
11.40316	0.6335086	
11.50468	0.6391488	
11.61359	0.6451996	
11.73167	0.6517595	
11.84655	0.6581415	
11.9516	0.663978	
12.04961	0.6694226	
12.14234	0.6745746	
12.23108	0.6795046	
12.31676	0.6842642	
12.40005	0.6888917	
12.48151	0.6934174	
12.56163	0.6978684	
12.64085	0.7022693	
12.71958	0.7066435	
12.79827	0.7110151	
12.87733	0.715407	
12.95722	0.7198453	
13.03843	0.7243572	
13.12151	0.7289725	
13.20712	0.733729	
13.29599	0.7386662	
13.389	0.7438335	
13.48724	0.7492911	
13.59202	0.755112	
13.70479	0.7613772	
13.82755	0.7681974	
13.93973	0.7744292	
14.04307	0.7801704	
14.13995	0.7855529	
14.23198	0.7906656	
14.32031	0.7955728	
14.40579	0.8003218	
14.48907	0.8049485	
14.57068	0.8094819	
14.65108	0.8139486	
14.73071	0.8183726	
14.81	0.8227778	
14.88939	0.8271884	
14.96931	0.8316282	
15.05025	0.836125	
15.13271	0.8407061	
15.21729	0.8454051	
15.3047	0.8502612	
15.3957	0.8553167	
15.49127	0.8606259	
15.59259	0.8662549	
15.70106	0.8722809	
15.81831	0.8787948	
15.93881	0.8854896	
16.04806	0.8915586	
16.14942	0.8971898	
16.24493	0.9024961	
16.33602	0.9075564	
16.42372	0.9124288	
16.50881	0.9171563	
16.5919	0.9217722	
16.67348	0.9263044	
16.75402	0.9307787	
16.83394	0.9352188	
16.91369	0.9396492	
16.99369	0.9440939	
17.07441	0.9485784	
17.15636	0.9531311	
17.24005	0.9577807	
17.32616	0.9625645	
17.41541	0.9675225	
17.50864	0.972702	
17.60691	0.9781618	
17.71154	0.9839745	
17.82399	0.9902215	
17.94615	0.997008	
18.06212	1.003451	
18.16838	1.009354	
18.26764	1.014869	
18.36165	1.020092	
18.45167	1.025093	
18.53863	1.029924	
18.62323	1.034624	
18.70602	1.039223	
18.78749	1.043749	
18.8681	1.048227	
18.94826	1.052681	
19.02843	1.057135	
19.10904	1.061613	
19.19058	1.066143	
19.27357	1.070754	
19.35858	1.075477	
19.44634	1.080352	
19.53758	1.085421	
19.63326	1.090737	
19.73456	1.096364	
19.84287	1.102382	
19.9598	1.108877	
20.08363	1.115757	
20.19531	1.121962	
20.29861	1.127701	
20.39574	1.133096	
20.48819	1.138233	
20.57708	1.143171	
20.66323	1.147957	
20.74727	1.152626	
20.82972	1.157206	
20.91105	1.161725	
20.9917	1.166205	
21.07211	1.170673	
21.15272	1.175151	
21.23398	1.179665	
21.31642	1.184246	
21.40056	1.18892	
21.48705	1.193725	
21.57663	1.198702	
21.67014	1.203896	
21.76861	1.209367	
21.87337	1.215187	
21.98588	1.221438	
22.108	1.228222	
22.22608	1.234782	
22.33394	1.240775	
22.43453	1.246363	
22.52967	1.251648	
22.62065	1.256703	
22.70847	1.261581	
22.79384	1.266324	
22.87734	1.270963	
22.95947	1.275526	
23.04068	1.280038	
23.12141	1.284522	
23.2021	1.289005	
23.28318	1.29351	
23.36517	1.298065	
23.44858	1.302699	
23.53397	1.307443	
23.62207	1.312337	
23.71364	1.317424	
23.80962	1.322756	
23.91116	1.328398	
24.0197	1.334428	
24.13683	1.340935	
24.26233	1.347907	
24.37525	1.35418	
24.47956	1.359975	
24.57754	1.365419	
24.67075	1.370597	
24.7603	1.375572	
24.84706	1.380392	
24.93166	1.385092	
25.01464	1.389702	
25.09647	1.394248	
25.17759	1.398755	
25.25845	1.403247	
25.33949	1.407749	
25.42116	1.412287	
25.504	1.416889	
25.58852	1.421585	
25.6754	1.426411	
25.76536	1.431409	
25.85925	1.436625	
25.95811	1.442117	
26.06326	1.447959	
26.17621	1.454234	
26.29879	1.461044	
26.41776	1.467653	
26.52635	1.473686	
26.62757	1.479309	
26.72326	1.484625	
26.81475	1.489708	
26.90303	1.494613	
26.98884	1.49938	
27.07276	1.504042	
27.15529	1.508627	
27.23689	1.51316	
27.31799	1.517666	
27.39906	1.52217	
27.48051	1.526695	
27.56287	1.53127	
27.64665	1.535925	
27.73242	1.54069	
27.82092	1.545607	
27.9129	1.550717	
28.00933	1.556074	
28.11136	1.561742	
28.22044	1.567802	
28.33819	1.574344	
28.46417	1.581342	
28.57751	1.587639	
28.68221	1.593456	
28.78056	1.59892	
28.87412	1.604117	
28.964	1.609111	
29.05108	1.613949	
29.136	1.618666	
29.21929	1.623294	
29.30144	1.627857	
29.38288	1.632382	
29.46405	1.636892	
29.54542	1.641412	
29.62743	1.645968	
29.71062	1.65059	
29.79551	1.655306	
29.88278	1.660155	
29.97318	1.665177	
30.06755	1.670419	
30.16695	1.675941	
30.27271	1.681817	
30.38636	1.688131	
30.50979	1.694988	
30.62882	1.701601	
30.73754	1.707641	
30.83892	1.713273	
30.93479	1.718599	
31.02648	1.723693	
31.11497	1.728609	
31.20099	1.733388	
31.28514	1.738063	
31.36792	1.742662	
31.44977	1.747209	
31.53115	1.75173	
31.61249	1.756249	
31.69425	1.760792	
31.77693	1.765385	
31.86107	1.770059	
31.94723	1.774846	
32.03617	1.779787	
32.12866	1.784925	
32.22565	1.790314	
32.32834	1.796019	
32.4382	1.802122	
32.55687	1.808715	
32.68253	1.815696	
32.79575	1.821986	
32.90042	1.827801	
32.99881	1.833267	
33.09244	1.838469	
33.18244	1.843469	
33.26965	1.848314	
33.35472	1.85304	
33.43819	1.857677	
33.52054	1.862252	
33.60219	1.866788	
33.68361	1.871311	
33.76524	1.875846	
33.84754	1.880419	
33.93106	1.885059	
34.01632	1.889796	
34.10401	1.894667	
34.19489	1.899716	
34.28982	1.90499	
34.38988	1.910548	
34.49642	1.916467	
34.61099	1.922833	
34.73554	1.929752	
34.85407	1.936337	
34.96251	1.942361	
35.06373	1.947985	
35.15953	1.953307	
35.25121	1.958401	
35.33973	1.963318	
35.42583	1.968102	
35.51009	1.972782	
35.59299	1.977388	
35.67502	1.981945	
35.75659	1.986477	
35.83816	1.991009	
35.92018	1.995566	
36.00317	2.000176	
36.08766	2.00487	
36.17424	2.00968	
36.26366	2.014648	
36.35671	2.019817	
36.45438	2.025243	
36.55788	2.030993	
36.6687	2.03715	
36.78853	2.043807	
36.91333	2.050741	
37.02604	2.057002	
37.13039	2.062799	
37.22858	2.068254	
37.3221	2.07345	
37.41205	2.078447	
37.49927	2.083293	
37.58439	2.088021	
37.66794	2.092663	
37.7504	2.097244	
37.83221	2.101789	
37.91381	2.106323	
37.99566	2.11087	
38.07824	2.115458	
38.16208	2.120115	
38.24772	2.124873	
38.33586	2.12977	
38.42727	2.134848	
38.52283	2.140157	
38.62365	2.145758	
38.73111	2.151728	
38.8468	2.158155	
38.97271	2.16515	
39.09034	2.171685	
39.1982	2.177678	
39.29903	2.183279	
39.39458	2.188588	
39.4861	2.193672	
39.57453	2.198585	
39.66059	2.203366	
39.74486	2.208048	
39.82784	2.212657	
39.90996	2.21722	
39.99168	2.22176	
40.07345	2.226303	
40.15572	2.230873	
40.23901	2.2355	
40.32386	2.240214	
40.41089	2.245049	
40.50084	2.250047	
40.59453	2.255252	
40.69297	2.260721	
40.79742	2.266523	
40.90938	2.272743	
41.03061	2.279478	
41.15413	2.28634	
41.26602	2.292557	
41.36983	2.298324	
41.46765	2.303758	
41.56091	2.308939	
41.6507	2.313927	
41.73782	2.318767	
41.8229	2.323494	
41.90646	2.328136	
41.98898	2.332721	
42.07089	2.337272	
42.15266	2.341814	
42.23471	2.346373	
42.31756	2.350975	
42.40172	2.355651	
42.48776	2.360431	
42.5764	2.365356	
42.66841	2.370467	
42.76469	2.375816	
42.86639	2.381466	
42.97493	2.387496	
43.09192	2.393995	
43.21946	2.401081	
43.33585	2.407547	
43.44289	2.413493	
43.54314	2.419063	
43.63827	2.424348	
43.7295	2.429417	
43.81774	2.434319	
43.90369	2.439094	
43.98791	2.443773	
44.07089	2.448382	
44.15307	2.452948	
44.23491	2.457495	
44.31686	2.462047	
44.39937	2.466631	
44.48298	2.471276	
44.56822	2.476012	
44.65574	2.480874	
44.7463	2.485905	
44.84073	2.491151	
44.94007	2.49667	
45.04563	2.502535	
45.15895	2.50883	
45.28185	2.515658	
45.40371	2.522428	
45.51452	2.528584	
45.61758	2.53431	
45.71485	2.539714	
45.80773	2.544874	
45.89724	2.549847	
45.98418	2.554676	
46.06915	2.559397	
46.15267	2.564037	
46.2352	2.568622	
46.31719	2.573177	
46.39909	2.577727	
46.48136	2.582297	
46.56447	2.586915	
46.64899	2.591611	
46.73549	2.596416	
46.82469	2.601371	
46.91738	2.606521	
47.01451	2.611917	
47.11725	2.617625	
47.22707	2.623726	
47.34562	2.630312	
47.47367	2.637426	
47.58862	2.643812	
47.69467	2.649704	
47.79421	2.655234	
47.88883	2.66049	
47.97968	2.665538	
48.06766	2.670426	
48.15344	2.675191	
48.23755	2.679864	
48.3205	2.684472	
48.40272	2.68904	
48.48466	2.693592	
48.56677	2.698154	
48.64953	2.702751	
48.73347	2.707415	
48.81913	2.712174	
48.90719	2.717066	
48.99842	2.722134	
49.09367	2.727426	
49.19403	2.733001	
49.30085	2.738936	
49.4157	2.745317	
49.54051	2.752251	
49.66047	2.758915	
49.77001	2.765001	
49.87217	2.770676	
49.96878	2.776043	
50.06118	2.781176	
50.15034	2.78613	
50.23703	2.790946	
50.32184	2.795658	
50.40528	2.800293	
50.4878	2.804878	
50.56985	2.809436	
50.65188	2.813993	
50.73435	2.818575	
50.81777	2.823209	
50.90268	2.827926	
50.98967	2.832759	
51.07951	2.83775	
51.17298	2.842943	
51.27108	2.848393	
51.37502	2.854168	
51.48633	2.860351	
51.6067	2.867039	
51.7325	2.874027	
51.84599	2.880333	
51.95103	2.886168	
52.04983	2.891657	
52.1439	2.896883	
52.23437	2.901909	
52.32206	2.906781	
52.40764	2.911535	
52.49164	2.916202	
52.57453	2.920807	
52.65677	2.925376	
52.7388	2.929933	
52.82108	2.934504	
52.90408	2.939115	
52.98835	2.943797	
53.07444	2.94858	
53.16305	2.953503	
53.25496	2.958609	
53.35106	2.963947	
53.45247	2.969581	
53.56059	2.975588	
53.67704	2.982058	
53.80384	2.989102	
53.92189	2.99566	
54.03014	3.001674	
54.13136	3.007297	
54.22728	3.012626	
54.31916	3.017731	
54.40796	3.022664	
54.49438	3.027465	
54.57901	3.032167	
54.66235	3.036797	
54.74485	3.04138	
54.82696	3.045942	
54.90912	3.050506	
54.9918	3.0551	
55.07553	3.059751	
55.16084	3.064491	
55.24837	3.069353	
55.33887	3.074382	
55.43318	3.079621	
55.53231	3.085128	
55.63755	3.090975	
55.75044	3.097246	
55.87277	3.104042	
55.99624	3.110902	
56.10822	3.117123	
56.21217	3.122898	
56.31018	3.128343	
56.40367	3.133537	
56.4937	3.138538	
56.58107	3.143393	
56.66643	3.148135	
56.75029	3.152794	
56.83313	3.157396	
56.91538	3.161965	
56.9975	3.166527	
57.07994	3.171108	
57.1632	3.175733	
57.24783	3.180435	
57.33438	3.185243	
57.42359	3.190199	
57.51624	3.195347	
57.61327	3.200737	
57.71584	3.206435	
57.8254	3.212522	
57.94361	3.219089	
58.07262	3.226257	
58.18864	3.232702	
58.29549	3.238638	
58.39568	3.244204	
58.49085	3.249491	
58.58216	3.254564	
58.67054	3.259474	
58.75666	3.264259	
58.84109	3.268949	
58.92431	3.273572	
59.00677	3.278154	
59.08893	3.282718	
59.17124	3.287291	
59.25416	3.291897	
59.33823	3.296568	
59.42399	3.301333	
59.51212	3.306229	
59.60339	3.311299	
59.69863	3.31659	
59.79894	3.322163	
59.90566	3.328092	
60.02036	3.334464	
60.14494	3.341385	
60.26589	3.348105	
60.37617	3.354232	
60.47892	3.35994	
60.57602	3.365334	
60.66883	3.37049	
60.75836	3.375464	
60.84537	3.380298	
60.93046	3.385025	
61.01415	3.389675	
61.09691	3.394272	
61.17917	3.398842	
61.26139	3.40341	
61.34402	3.408001	
61.42758	3.412643	
61.51262	3.417367	
61.59971	3.422206	
61.68962	3.427201	
61.78315	3.432397	
61.88127	3.437848	
61.98521	3.443622	
62.09647	3.449804	
62.21677	3.456487	
62.34342	3.463523	
62.45755	3.469864	
62.56308	3.475726	
62.6623	3.481239	
62.75673	3.486485	
62.8475	3.491528	
62.93547	3.496415	
63.0213	3.501183	
63.10553	3.505863	
63.18864	3.51048	
63.27108	3.51506	
63.35329	3.519627	
63.43574	3.524208	
63.5189	3.528827	
63.60331	3.533517	
63.68954	3.538307	
63.77827	3.543237	
63.87029	3.548349	
63.96649	3.553693	
64.06798	3.559332	
64.17619	3.565343	
64.29271	3.571817	
64.41957	3.578865	
64.53815	3.585452	
64.64682	3.59149	
64.74839	3.597132	
64.84462	3.602478	
64.93677	3.607598	
65.0258	3.612544	
65.11244	3.617358	
65.19728	3.622071	
65.28081	3.626712	
65.3635	3.631305	
65.44577	3.635876	
65.5281	3.64045	
65.61094	3.645052	
65.69482	3.649712	
65.78028	3.65446	
65.86795	3.65933	
65.9586	3.664366	
66.05304	3.669613	
66.15232	3.675128	
66.2577	3.680983	
66.37075	3.687264	
66.49325	3.694069	
66.61713	3.700951	
66.72942	3.707189	
66.83364	3.71298	
66.93189	3.718438	
67.02559	3.723644	
67.11582	3.728656	
67.20338	3.733521	
67.28891	3.738273	
67.37294	3.742941	
67.45594	3.747552	
67.53835	3.752131	
67.62064	3.756702	
67.70324	3.761291	
67.78666	3.765925	
67.87144	3.770635	
67.95816	3.775453	
68.04753	3.780418	
68.14037	3.785576	
68.23758	3.790977	
68.34036	3.796686	
68.45016	3.802786	
68.56863	3.809368	
68.69796	3.816553	
68.81416	3.823009	
68.92119	3.828955	
69.02155	3.83453	
69.11687	3.839826	
69.20833	3.844907	
69.29685	3.849825	
69.38312	3.854617	
69.46769	3.859316	
69.55106	3.863947	
69.63367	3.868537	
69.71598	3.873109	
69.79844	3.877691	
69.88151	3.882306	
69.96575	3.886986	
70.05169	3.89176	
70.14	3.896667	
70.23147	3.901748	
70.32695	3.907052	
70.42752	3.91264	
70.53453	3.918585	
70.64958	3.924976	
70.77457	3.93192	
70.89555	3.938641	
71.00589	3.944771	
71.10871	3.950484	
71.20591	3.955884	
71.29882	3.961045	
71.38845	3.966024	
71.47556	3.970864	
71.56077	3.975598	
71.64459	3.980254	
71.72747	3.984859	
71.80986	3.989437	
71.89223	3.994012	
71.97502	3.998612	
72.05875	4.003263	
72.14396	4.007997	
72.23125	4.012847	
72.32139	4.017855	
72.41517	4.023065	
72.51359	4.028532	
72.61787	4.034326	
72.72953	4.040529	
72.85031	4.047239	
72.97682	4.054267	
73.09089	4.060605	
73.19641	4.066467	
73.29566	4.071981	
73.39014	4.07723	
73.48097	4.082276	
73.56902	4.087167	
73.65494	4.091941	
73.73926	4.096625	
73.82248	4.101249	
73.90504	4.105835	
73.98738	4.11041	
74.06998	4.114998	
74.15329	4.119627	
74.23789	4.124327	
74.32431	4.129128	
74.41327	4.13407	
74.50556	4.139197	
74.60206	4.144559	
74.70392	4.150218	
74.81255	4.156253	
74.92958	4.162754	
75.05707	4.169837	
75.17541	4.176411	
75.28395	4.182441	
75.38545	4.18808	
75.48165	4.193425	
75.57381	4.198544	
75.66287	4.203492	
75.74956	4.208309	
75.83447	4.213026	
75.91808	4.217671	
76.00087	4.22227	
76.08326	4.226848	
76.16573	4.231429	
76.24873	4.23604	
76.33278	4.24071	
76.41845	4.245469	
76.50636	4.250353	
76.5973	4.255405	
76.69207	4.26067	
76.79174	4.266207	
76.8976	4.272089	
77.01122	4.278401	
77.13441	4.285245	
77.25784	4.292102	
77.36987	4.298326	
77.47394	4.304107	
77.57209	4.30956	
77.66574	4.314763	
77.75595	4.319775	
77.84353	4.32464	
77.9291	4.329394	
78.01319	4.334066	
78.09627	4.338681	
78.17878	4.343265	
78.26119	4.347843	
78.34393	4.35244	
78.42752	4.357084	
78.51251	4.361806	
78.59946	4.366636	
78.68913	4.371618	
78.78229	4.376794	
78.87991	4.382217	
78.98317	4.387953	
79.09355	4.394086	
79.21273	4.400707	
79.34183	4.407879	
79.45763	4.414313	
79.56441	4.420245	
79.6646	4.425811	
79.75982	4.431101	
79.85123	4.436179	
79.93974	4.441096	
80.02601	4.445889	
80.11062	4.45059	
80.19404	4.455224	
80.27674	4.459818	
80.35915	4.464397	
80.44174	4.468985	
80.52498	4.47361	
80.60941	4.4783	
80.69558	4.483087	
80.78417	4.488009	
80.87597	4.493109	
80.97184	4.498435	
81.07288	4.504049	
81.18047	4.510026	
81.29621	4.516456	
81.42207	4.523448	
81.54243	4.530134	
81.65238	4.536243	
81.75493	4.54194	
81.85195	4.54733	
81.94475	4.552486	
82.03431	4.557461	
82.1214	4.562299	
82.20661	4.567033	
82.29045	4.571692	
82.3734	4.5763	
82.45588	4.580882	
82.53837	4.585464	
82.6213	4.590072	
82.70522	4.594734	
82.79066	4.599481	
82.87823	4.604346	
82.9687	4.609372	
83.06288	4.614604	
83.16178	4.620099	
83.26666	4.625925	
83.37905	4.632169	
83.50071	4.638928	
83.62639	4.64591	
83.73994	4.652218	
83.84512	4.658062	
83.94412	4.663562	
84.03844	4.668802	
84.12917	4.673842	
84.21716	4.678731	
84.30305	4.683502	
84.38739	4.688188	
84.47064	4.692813	
84.55327	4.697403	
84.63572	4.701984	
84.71844	4.70658	
84.80193	4.711218	
84.88674	4.715929	
84.97342	4.720745	
85.06269	4.725705	
85.15536	4.730853	
85.25232	4.73624	
85.35475	4.74193	
85.46407	4.748003	
85.58194	4.754552	
85.71047	4.761692	
85.82803	4.768224	
85.93605	4.774225	
86.0372	4.779844	
86.13314	4.785174	
86.22513	4.790284	
86.31407	4.795226	
86.4007	4.800039	
86.48558	4.804754	
86.56921	4.8094	
86.65204	4.814002	
86.73452	4.818584	
86.8171	4.823172	
86.90026	4.827792	
86.98453	4.832474	
87.07046	4.837247	
87.1587	4.842149	
87.25002	4.847223	
87.34528	4.852515	
87.44555	4.858085	
87.55213	4.864007	
87.66664	4.870369	
87.79093	4.877274	
87.91333	4.884073	
88.02468	4.89026	
88.12828	4.896015	
88.2261	4.90145	
88.31952	4.906639	
88.40956	4.911642	
88.49704	4.916502	
88.58255	4.921252	
88.66662	4.925923	
88.74972	4.93054	
88.83229	4.935127	
88.9148	4.939711	
88.99769	4.944316	
89.08147	4.94897	
89.1667	4.953705	
89.25396	4.958553	
89.34401	4.963556	
89.43764	4.968758	
89.53583	4.974213	
89.6398	4.979988	
89.75105	4.986169	
89.87129	4.992849	
89.99917	4.999953	
90.11419	5.006344	
90.22043	5.012246	
90.32025	5.017791	
90.4152	5.023066	
90.50642	5.028134	
90.59479	5.033044	
90.68099	5.037833	
90.76556	5.042531	
90.84899	5.047166	
90.93173	5.051762	
91.01422	5.056345	
91.09693	5.06094	
91.18034	5.065574	
91.26498	5.070276	
91.35142	5.075079	
91.44036	5.080019	
91.53258	5.085143	
91.62896	5.090497	
91.73064	5.096146	
91.83901	5.102167	
91.95571	5.10865	
92.08275	5.115708	
92.20206	5.122336	
92.31131	5.128406	
92.41337	5.134076	
92.51003	5.139446	
92.60257	5.144587	
92.69195	5.149552	
92.77892	5.154384	
92.86406	5.159114	
92.94788	5.163771	
93.03084	5.16838	
93.11339	5.172965	
93.19598	5.177554	
93.27907	5.18217	
93.36319	5.186844	
93.4489	5.191605	
93.53681	5.196489	
93.6277	5.201539	
93.7224	5.2068	
93.82194	5.21233	
93.92761	5.2182	
94.04097	5.224498	
94.16383	5.231323	
94.28821	5.238233	
94.40091	5.244495	
94.5055	5.250305	
94.60408	5.255782	
94.69809	5.261005	
94.7886	5.266033	
94.87643	5.270912	
94.96223	5.275679	
95.04651	5.280361	
95.12976	5.284986	
95.21243	5.289579	
95.29496	5.294164	
95.37781	5.298767	
95.46149	5.303416	
95.54653	5.30814	
95.63352	5.312973	
95.72319	5.317955	
95.81634	5.323129	
95.9139	5.328549	
96.01705	5.33428	
96.12728	5.340404	
96.24627	5.347014	
96.3762	5.354233	
96.49259	5.360699	
96.59982	5.366656	
96.70039	5.372243	
96.79591	5.37755	
96.88759	5.382643	
96.97632	5.387573	
97.06279	5.392377	
97.14758	5.397087	
97.23117	5.401731	
97.31401	5.406333	
97.39655	5.410919	
97.47926	5.415514	
97.56259	5.420144	
97.6471	5.424839	
97.73334	5.42963	
97.82199	5.434554	
97.91382	5.439656	
98.0097	5.444983	
98.11074	5.450596	
98.21829	5.456571	
98.33398	5.462998	
98.45974	5.469985	
98.58064	5.476702	
98.691	5.482833	
98.79389	5.488549	
98.89118	5.493954	
98.98421	5.499123	
99.07398	5.50411	
99.16125	5.508958	
99.24663	5.513701	
99.33063	5.518368	
99.41371	5.522984	
99.49632	5.527573	
99.57892	5.532162	
99.66197	5.536776	
99.74597	5.541443	
99.8315	5.546194	
99.91914	5.551063	
100.0097	5.556093	
100.1039	5.561328	
100.2028	5.566824	
100.3077	5.572652	
100.4201	5.578897	
100.5418	5.585655	
100.6679	5.592663	
100.7818	5.598991	
100.8873	5.604849	
100.9865	5.610363	
101.0811	5.615614	
101.172	5.620664	
101.2601	5.625561	
101.3462	5.630342	
101.4306	5.635034	
101.514	5.639667	
101.5968	5.644264	
101.6793	5.648851	
101.7622	5.653453	
101.8458	5.658097	
101.9307	5.662814	
102.0174	5.667635	
102.1068	5.6726	
102.1996	5.677752	
102.2966	5.683144	
102.3991	5.688839	
102.5085	5.694917	
102.6265	5.701471	
102.7551	5.708617	
102.8729	5.715163	
102.9812	5.721177	
103.0825	5.726807	
103.1786	5.732146	
103.2708	5.737265	
103.3599	5.742214	
103.4466	5.747034	
103.5316	5.751757	
103.6154	5.756409	
103.6983	5.761017	
103.7809	5.765606	
103.8636	5.7702	
103.9469	5.774826	
104.0312	5.779513	
104.1173	5.784293	
104.2056	5.789201	
104.2971	5.794281	
104.3924	5.799579	
104.4928	5.805156	
104.5995	5.811085	
104.7142	5.817455	
104.8387	5.82437	
104.9612	5.83118	
105.0728	5.837375	
105.1765	5.843138	
105.2744	5.84858	
105.368	5.853776	
105.4581	5.858785	
105.5457	5.863651	
105.6313	5.868407	
105.7155	5.873084	
105.7987	5.877706	
105.8814	5.8823	
105.964	5.886889	
106.047	5.8915	
106.1309	5.896161	
106.2163	5.900903	
106.3036	5.905757	
106.3938	5.910767	
106.4876	5.915976	
106.5859	5.92144	
106.6901	5.927226	
106.8015	5.933418	
106.922	5.940111	
107.05	5.947219	
107.1651	5.953614	
107.2714	5.959521	
107.3713	5.965071	
107.4663	5.97035	
107.5576	5.975423	
107.6461	5.980338	
107.7324	5.985131	
107.817	5.989835	
107.9006	5.994475	
107.9834	5.999077	
108.066	6.003665	
108.1488	6.008266	
108.2323	6.012906	
108.3171	6.017615	
108.4037	6.022425	
108.4927	6.027374	
108.5851	6.032506	
108.6817	6.03787	
108.7836	6.043531	
108.8922	6.049565	
109.0092	6.056064	
109.1365	6.063141	
109.2558	6.069767	
109.3651	6.075837	
109.4672	6.081508	
109.5639	6.086881	
109.6564	6.092024	
109.7459	6.096993	
109.8329	6.101828	
109.9181	6.106562	
110.002	6.111224	
110.0851	6.115837	
110.1677	6.120428	
110.2504	6.125022	
110.3336	6.129645	
110.4179	6.134325	
110.5037	6.139094	
110.5918	6.143987	
110.6828	6.149046	
110.7777	6.154319	
110.8775	6.159862	
110.9835	6.165748	
111.0972	6.172064	
111.2204	6.178912	
111.3446	6.185813	
111.4573	6.19207	
111.5618	6.197879	
111.6604	6.203355	
111.7544	6.208578	
111.845	6.213608	
111.9328	6.21849	
112.0187	6.22326	
112.103	6.227946	
112.1864	6.232575	
112.2691	6.237172	
112.3517	6.241762	
112.4347	6.246372	
112.5185	6.251027	
112.6037	6.255759	
112.6908	6.260601	
112.7807	6.265593	
112.874	6.270779	
112.9719	6.276213	
113.0753	6.281961	
113.1859	6.288105	
113.3053	6.294739	
113.435	6.301943	
113.5512	6.3084	
113.6584	6.314353	
113.7589	6.319937	
113.8544	6.325243	
113.9461	6.330336	
114.0348	6.335267	
114.1213	6.340074	
114.2062	6.344787	
114.2898	6.349434	
114.3727	6.35404	
114.4554	6.358631	
114.5382	6.363231	
114.6216	6.367867	
114.7063	6.37257	
114.7927	6.37737	
114.8815	6.382305	
114.9735	6.387418	
115.0697	6.392759	
115.171	6.398389	
115.2789	6.404384	
115.395	6.410835	
115.5213	6.417851	
115.6419	6.424551	
115.7521	6.430672	
115.8549	6.436382	
115.9521	6.441784	
116.0451	6.44695	
116.1349	6.451937	
116.2222	6.456786	
116.3076	6.461531	
116.3916	6.4662	
116.4748	6.470819	
116.5574	6.475413	
116.6401	6.480007	
116.7233	6.484627	
116.8074	6.489301	
116.8931	6.494062	
116.9809	6.498941	
117.0717	6.503983	
117.1662	6.509233	
117.2655	6.514747	
117.3707	6.520596	
117.4836	6.526867	
117.6058	6.533657	
117.7315	6.54064	
117.8452	6.546952	
117.9504	6.552801	
118.0496	6.558309	
118.144	6.563556	
118.2349	6.568604	
118.323	6.573501	
118.4091	6.578282	
118.4936	6.582976	
118.577	6.587612	
118.6598	6.592212	
118.7425	6.596804	
118.8254	6.601412	
118.9091	6.606063	
118.9942	6.610788	
119.0812	6.615619	
119.1707	6.620596	
119.2638	6.625763	
119.3611	6.631173	
119.464	6.636889	
119.5739	6.642993	
119.6924	6.649577	
119.8217	6.656762	
119.9391	6.663284	
120.0471	6.669281	
120.1482	6.6749	
120.2442	6.680233	
120.3362	6.685346	
120.4253	6.690293	
120.512	6.695112	
120.597	6.699834	
120.6808	6.704489	
120.7638	6.7091	
120.8465	6.713692	
120.9293	6.718292	
121.0127	6.722925	
121.0972	6.727621	
121.1834	6.732411	
121.272	6.737332	
121.3637	6.742427	
121.4594	6.747745	
121.5602	6.753345	
121.6674	6.759302	
121.7827	6.765706	
121.9079	6.772663	
122.0299	6.779437	
122.141	6.78561	
122.2444	6.791358	
122.3422	6.796788	
122.4356	6.801977	
122.5257	6.806982	
122.6132	6.811845	
122.6988	6.8166	
122.783	6.821277	
122.8662	6.825902	
122.949	6.830498	
123.0317	6.835093	
123.1148	6.83971	
123.1988	6.844379	
123.2844	6.849131	
123.372	6.853998	
123.4624	6.859024	
123.5565	6.864252	
123.6553	6.869739	
123.76	6.875553	
123.872	6.881779	
123.9933	6.888514	
124.1204	6.895579	
124.235	6.901946	
124.341	6.907834	
124.4407	6.913371	
124.5356	6.918642	
124.6268	6.923708	
124.7152	6.928619	
124.8014	6.933411	
124.8861	6.938114	
124.9696	6.942755	
125.0525	6.947359	
125.1351	6.951952	
125.2181	6.956559	
125.3017	6.961206	
125.3867	6.965925	
125.4734	6.970746	
125.5628	6.975709	
125.6555	6.980859	
125.7524	6.986245	
125.8548	6.991931	
125.964	6.997998	
126.0817	7.004536	
126.2099	7.011662	
126.3285	7.018249	
126.4373	7.024293	
126.539	7.029946	
126.6355	7.035306	
126.7279	7.04044	
126.8173	7.045403	
126.9042	7.050234	
126.9894	7.054966	
127.0733	7.059628	
127.1564	7.064243	
127.2391	7.068837	
127.3219	7.073437	
127.4052	7.078066	
127.4896	7.082756	
127.5757	7.087537	
127.664	7.092444	
127.7554	7.097522	
127.8507	7.102817	
127.951	7.108387	
128.0575	7.114307	
128.172	7.120665	
128.2962	7.127563	
128.4195	7.134414	
128.5315	7.140638	
128.6356	7.146424	
128.7339	7.151884	
128.8277	7.157096	
128.9181	7.162117	
129.0059	7.166994	
129.0917	7.17176	
129.176	7.176445	
129.2594	7.181075	
129.3421	7.185674	
129.4249	7.190269	
129.5079	7.194885	
129.5919	7.199549	
129.6773	7.204292	
129.7647	7.209148	
129.8548	7.214157	
129.9486	7.219365	
130.0469	7.224825	
130.1509	7.230606	
130.2622	7.23679	
130.3825	7.243473	
130.5111	7.250618	
130.6267	7.257039	
130.7334	7.262966	
130.8336	7.268532	
130.9289	7.273825	
131.0204	7.27891	
131.109	7.283834	
131.1955	7.288636	
131.2803	7.293347	
131.3639	7.297995	
131.4469	7.302603	
131.5296	7.307197	
131.6125	7.311802	
131.696	7.316446	
131.7809	7.321159	
131.8675	7.325971	
131.9566	7.330921	
132.049	7.336054	
132.1455	7.341418	
132.2474	7.347077	
132.356	7.353108	
132.4729	7.359603	
132.6002	7.366674	
132.7199	7.373326	
132.8295	7.379414	
132.9318	7.3851	
133.0287	7.390485	
133.1215	7.39564	
133.2111	7.400618	
133.2983	7.405461	
133.3837	7.410202	
133.4677	7.41487	
133.5508	7.41949	
133.6336	7.424086	
133.7163	7.428685	
133.7996	7.433312	
133.8839	7.437996	
133.9698	7.442769	
134.058	7.447664	
134.1491	7.452725	
134.244	7.457999	
134.3438	7.463543	
134.4497	7.469428	
134.5634	7.475744	
134.6866	7.482589	
134.8112	7.489512	
134.9242	7.495786	
135.0289	7.501607	
135.1277	7.507094	
135.2219	7.512327	
135.3126	7.517365	
135.4006	7.522255	
135.4866	7.527031	
135.571	7.531723	
135.6545	7.536358	
135.7373	7.540961	
135.82	7.545556	
135.9031	7.55017	
135.9869	7.554829	
136.0722	7.559566	
136.1594	7.564411	
136.2493	7.569406	
136.3427	7.574596	
136.4406	7.580033	
136.5441	7.585783	
136.6547	7.591929	
136.7742	7.598565	
136.9042	7.605786	
137.0206	7.612256	
137.1279	7.618219	
137.2286	7.623812	
137.3243	7.629126	
137.4161	7.634226	
137.5049	7.639163	
137.5916	7.643976	
137.6765	7.648694	
137.7603	7.653347	
137.8433	7.657958	
137.926	7.662554	
138.0089	7.667159	
138.0924	7.6718	
138.1771	7.676507	
138.2636	7.681311	
138.3525	7.68625	
138.4446	7.691368	
138.5409	7.696714	
138.6423	7.702349	
138.7503	7.708349	
138.8665	7.714806	
138.9929	7.721829	
139.1137	7.728538	
139.224	7.734667	
139.3269	7.740383	
139.4243	7.745791	
139.5173	7.750963	
139.6072	7.755955	
139.6946	7.760809	
139.7801	7.765559	
139.8642	7.770233	
139.9474	7.774857	
140.0302	7.779455	
140.113	7.784054	
140.1962	7.788679	
140.2805	7.793358	
140.3662	7.798123	
140.4542	7.803008	
140.545	7.808056	
140.6396	7.813312	
140.739	7.818833	
140.8444	7.824689	
140.9574	7.830968	
141.0798	7.837768	
141.2056	7.844756	
141.3193	7.851072	
141.4247	7.856926	
141.5239	7.862437	
141.6184	7.867689	
141.7094	7.872741	
141.7976	7.877642	
141.8837	7.882427	
141.9683	7.887126	
142.0518	7.891765	
142.1347	7.89637	
142.2174	7.900967	
142.3004	7.905579	
142.3842	7.910235	
142.4694	7.914966	
142.5565	7.919803	
142.6462	7.924786	
142.7393	7.92996	
142.8368	7.935377	
142.9399	7.941102	
143.0499	7.947217	
143.1687	7.953814	
143.2983	7.961014	
143.4156	7.967535	
143.5236	7.973533	
143.6248	7.979154	
143.7208	7.984489	
143.8129	7.989605	
143.902	7.994554	
143.9888	7.999377	
144.0739	8.004103	
144.1577	8.00876	
144.2408	8.013375	
144.3235	8.017972	
144.4064	8.022577	
144.4899	8.027215	
144.5745	8.031917	
144.6608	8.036713	
144.7495	8.041641	
144.8414	8.046744	
144.9373	8.052071	
145.0383	8.057682	
145.1457	8.063652	
145.2613	8.070071	
145.3868	8.077046	
145.5087	8.083814	
145.6197	8.089984	
145.7232	8.09573	
145.8209	8.101161	
145.9143	8.106351	
146.0044	8.111357	
146.092	8.116222	
146.1777	8.12098	
146.2619	8.12566	
146.3452	8.130288	
146.428	8.134889	
146.5108	8.139488	
146.594	8.14411	
146.6781	8.148785	
146.7638	8.153544	
146.8515	8.158418	
146.9422	8.163452	
147.0364	8.168691	
147.1354	8.174189	
147.2403	8.180017	
147.3527	8.186261	
147.4743	8.193017	
147.6013	8.200069	
147.7157	8.206429	
147.8217	8.212314	
147.9213	8.217849	
148.0161	8.223119	
148.1074	8.228186	
148.1958	8.233098	
148.2821	8.237891	
148.3667	8.242596	
148.4503	8.247241	
148.5333	8.251849	
148.616	8.256446	
148.699	8.261057	
148.7828	8.26571	
148.8678	8.270435	
148.9548	8.275264	
149.0443	8.280236	
149.1371	8.285395	
149.2343	8.290794	
149.3369	8.296494	
149.4464	8.302578	
149.5645	8.309138	
149.6932	8.31629	
149.8116	8.322863	
149.9202	8.328899	
150.0219	8.334547	
150.1183	8.339903	
150.2107	8.345036	
150.3	8.349998	
150.387	8.35483	
150.4722	8.359564	
150.5561	8.364227	
150.6392	8.368846	
150.722	8.373444	
150.8049	8.378048	
150.8883	8.382683	
150.9728	8.387379	
151.059	8.392168	
151.1475	8.397085	
151.2391	8.402174	
151.3347	8.407481	
151.4352	8.413068	
151.5421	8.419007	
151.657	8.425388	
151.7817	8.432316	
151.9046	8.439145	
152.0164	8.445356	
152.1204	8.451134	
152.2186	8.456588	
152.3123	8.461796	
152.4027	8.466816	
152.4905	8.471692	
152.5763	8.476459	
152.6606	8.481145	
152.744	8.485777	
152.8269	8.49038	
152.9096	8.494979	
152.9928	8.4996	
153.0769	8.50427	
153.1624	8.509021	
153.25	8.513886	
153.3403	8.518907	
153.4343	8.524128	
153.5329	8.529605	
153.6373	8.535405	
153.749	8.541613	
153.8699	8.548326	
153.998	8.555444	
154.1133	8.561847	
154.2198	8.567763	
154.3198	8.573322	
154.415	8.578611	
154.5065	8.583692	
154.5951	8.588615	
154.6815	8.593417	
154.7663	8.598129	
154.85	8.602778	
154.933	8.607389	
155.0158	8.611986	
155.0988	8.616597	
155.1825	8.621247	
155.2674	8.625966	
155.3542	8.630787	
155.4435	8.635748	
155.5361	8.640894	
155.6329	8.646274	
155.7351	8.651952	
155.8441	8.658006	
155.9615	8.664529	
156.0894	8.671635	
156.2087	8.678261	
156.318	8.684333	
156.4202	8.690008	
156.5169	8.695385	
156.6096	8.700534	
156.6992	8.705509	
156.7863	8.710351	
156.8717	8.715092	
156.9557	8.719761	
157.0389	8.724382	
157.1217	8.728982	
157.2046	8.733586	
157.2879	8.738218	
157.3724	8.74291	
157.4584	8.747691	
157.5468	8.752597	
157.6381	8.757672	
157.7333	8.762962	
157.8335	8.768526	
157.9399	8.774436	
158.0541	8.780781	
158.1779	8.787663	
158.302	8.794553	
158.4145	8.800804	
158.519	8.806611	
158.6176	8.812088	
158.7117	8.817314	
158.8023	8.822347	
158.8902	8.827234	
158.9762	8.832009	
159.0606	8.836701	
159.1441	8.841337	
159.227	8.845942	
159.3098	8.850542	
159.3929	8.85516	
159.4769	8.859827	
159.5623	8.864572	
159.6497	8.869428	
159.7399	8.874436	
159.8336	8.879642	
159.9318	8.885098	
160.0357	8.890872	
160.1469	8.897047	
160.267	8.903719	
160.3962	8.9109	
160.5122	8.917346	
160.6193	8.923292	
160.7197	8.928873	
160.8152	8.934179	
160.9069	8.939274	
160.9957	8.944207	
161.0823	8.949018	
161.1673	8.953736	
161.251	8.958389	
161.3341	8.963003	
161.4168	8.967601	
161.4998	8.972211	
161.5835	8.976858	
161.6683	8.981573	
161.755	8.986387	
161.8441	8.991338	
161.9365	8.996471	
162.033	9.001834	
162.1348	9.00749	
162.2433	9.013518	
162.3601	9.020008	
162.4873	9.027071	
162.6074	9.033746	
162.7174	9.039852	
162.82	9.045553	
162.9171	9.05095	
163.0101	9.056114	
163.0998	9.061101	
163.1871	9.065952	
163.2726	9.0707	
163.3567	9.075373	
163.44	9.079999	
163.5228	9.0846	
163.6057	9.089203	
163.689	9.093833	
163.7734	9.09852	
163.8593	9.103295	
163.9475	9.108192	
164.0386	9.113254	
164.1335	9.118528	
164.2333	9.124072	
164.3392	9.129956	
164.4528	9.136268	
164.576	9.14311	
164.701	9.150055	
164.8142	9.156344	
164.9192	9.162178	
165.0182	9.167676	
165.1125	9.172918	
165.2034	9.177964	
165.2915	9.18286	
165.3776	9.187642	
165.4621	9.19234	
165.5457	9.19698	
165.6286	9.201588	
165.7114	9.206187	
165.7945	9.210805	
165.8784	9.215468	
165.9637	9.220208	
166.051	9.225056	
166.141	9.230053	
166.2344	9.235245	
166.3323	9.240683	
166.4358	9.246434	
166.5465	9.252581	
166.6659	9.259217	
166.7962	9.266455	
166.9129	9.272939	
167.0204	9.278912	
167.1213	9.284514	
167.217	9.289835	
167.309	9.294942	
167.3979	9.299885	
167.4847	9.304703	
167.5697	9.309426	
167.6535	9.314084	
167.7366	9.3187	
167.8194	9.323299	
167.9024	9.327909	
167.986	9.332553	
168.0708	9.337264	
168.1573	9.342072	
168.2463	9.347015	
168.3385	9.352136	
168.4347	9.357485	
168.5362	9.363123	
168.6443	9.369127	
168.7606	9.375588	
168.8871	9.382615	
169.008	9.389335	
169.1185	9.395471	
169.2215	9.401194	
169.319	9.406608	
169.4122	9.411786	
169.5021	9.416783	
169.5896	9.421642	
169.6751	9.426396	
169.7594	9.431075	
169.8427	9.435703	
169.9255	9.440306	
170.0084	9.444909	
170.0917	9.449537	
170.176	9.454221	
170.2618	9.45899	
170.3498	9.463879	
170.4408	9.468931	
170.5355	9.474191	
170.6349	9.479717	
170.7404	9.485579	
170.8536	9.491864	
170.9761	9.498671	
171.102	9.505665	
171.2158	9.511987	
171.3212	9.517845	
171.4205	9.523361	
171.5151	9.528617	
171.6061	9.533674	
171.6944	9.538578	
171.7806	9.543367	
171.8653	9.54807	
171.9489	9.552714	
172.0318	9.557323	
172.1146	9.561923	
172.1977	9.56654	
172.2816	9.5712	
172.3668	9.575935	
172.454	9.580777	
172.5438	9.585765	
172.637	9.590945	
172.7346	9.596368	
172.8378	9.6021	
172.948	9.608223	
173.0669	9.614829	
173.1967	9.622041	
173.3142	9.628563	
173.4222	9.634564	
173.5234	9.640187	
173.6195	9.645524	
173.7116	9.650644	
173.8007	9.655596	
173.8876	9.660421	
173.9727	9.665151	
174.0566	9.669812	
174.1398	9.674431	
174.2226	9.679031	
174.3055	9.68364	
174.3891	9.688283	
174.4738	9.692989	
174.5602	9.697791	
174.6491	9.702725	
174.741	9.707835	
174.837	9.713169	
174.9382	9.718788	
175.0458	9.724768	
175.1616	9.731199	
175.2874	9.738188	
175.4092	9.744954	
175.5202	9.751122	
175.6237	9.756869	
175.7214	9.762301	
175.8149	9.767492	
175.905	9.7725	
175.9926	9.777367	
176.0783	9.782128	
176.1626	9.786811	
176.246	9.791442	
176.3289	9.796047	
176.4117	9.800649	
176.495	9.805276	
176.5792	9.809956	
176.665	9.81472	
176.7528	9.819601	
176.8436	9.824642	
176.938	9.829889	
177.0372	9.835397	
177.1423	9.841236	
177.2549	9.847493	
177.3768	9.854266	
177.5036	9.86131	
177.618	9.867666	
177.7239	9.873548	
177.8235	9.879083	
177.9184	9.884353	
178.0096	9.889421	
178.098	9.894334	
178.1843	9.89913	
178.2691	9.903837	
178.3527	9.908485	
178.4357	9.913096	
178.5186	9.917696	
178.6016	9.922312	
178.6855	9.92697	
178.7706	9.931701	
178.8577	9.936535	
178.9473	9.941515	
179.0403	9.946683	
179.1377	9.952091	
179.2405	9.957804	
179.3503	9.963903	
179.4686	9.970479	
179.5978	9.977653	
179.7159	9.984217	
179.8244	9.990246	
179.926	9.99589	
180.0224	10.00124	
180.1148	10.00638	
180.2041	10.01134	
180.2911	10.01617	
180.3763	10.02091	
180.4603	10.02557	
180.5435	10.03019	
180.6263	10.0348	
180.7093	10.0394	
180.7928	10.04404	
180.8774	10.04875	
180.9638	10.05354	
181.0524	10.05847	
181.1442	10.06356	
181.2399	10.06888	
181.3407	10.07448	
181.4479	10.08044	
181.5631	10.08684	
181.6883	10.09379	
181.8109	10.1006	
181.9225	10.10681	
182.0264	10.11258	
182.1245	10.11803	
182.2182	10.12323	
182.3085	10.12825	
182.3963	10.13313	
182.4821	10.13789	
182.5665	10.14258	
182.6499	10.14722	
182.7328	10.15182	
182.8157	10.15643	
182.8989	10.16105	
182.9831	10.16573	
183.0687	10.17049	
183.1565	10.17536	
183.247	10.18039	
183.3412	10.18562	
183.44	10.19111	
183.5447	10.19693	
183.6568	10.20316	
183.7781	10.20989	
183.9059	10.21699	
184.0209	10.22338	
184.1272	10.22929	
184.2272	10.23484	
184.3223	10.24013	
184.4137	10.24521	
184.5023	10.25013	
184.5888	10.25493	
184.6736	10.25964	
184.7573	10.26429	
184.8403	10.26891	
184.9232	10.27351	
185.0062	10.27812	
185.09	10.28278	
185.1751	10.2875	
185.262	10.29233	
185.3515	10.2973	
185.4443	10.30246	
185.5414	10.30785	
185.6439	10.31355	
185.7532	10.31962	
185.8711	10.32617	
185.9995	10.3333	
186.1184	10.33991	
186.2275	10.34597	
186.3294	10.35163	
186.4261	10.35701	
186.5187	10.36215	
186.6082	10.36712	
186.6954	10.37196	
186.7807	10.3767	
186.8648	10.38137	
186.948	10.386	
187.0308	10.3906	
187.1138	10.39521	
187.1973	10.39985	
187.2818	10.40454	
187.368	10.40933	
187.4565	10.41425	
187.5481	10.41934	
187.6436	10.42464	
187.744	10.43022	
187.8508	10.43615	
187.9655	10.44253	
188.0899	10.44944	
188.2134	10.4563	
188.3256	10.46253	
188.4299	10.46833	
188.5284	10.4738	
188.6223	10.47902	
188.7129	10.48405	
188.8008	10.48893	
188.8867	10.4937	
188.9712	10.4984	
189.0546	10.50304	
189.1376	10.50764	
189.2204	10.51225	
189.3037	10.51687	
189.3878	10.52154	
189.4733	10.52629	
189.5609	10.53116	
189.6513	10.53618	
189.7452	10.5414	
189.8437	10.54687	
189.9481	10.55267	
190.0597	10.55887	
190.1804	10.56557	
190.309	10.57272	
190.4246	10.57915	
190.5314	10.58508	
190.6317	10.59065	
190.7271	10.59595	
190.8187	10.60104	
190.9074	10.60597	
190.994	10.61078	
191.0789	10.61549	
191.1627	10.62015	
191.2458	10.62476	
191.3286	10.62937	
191.4117	10.63398	
191.4954	10.63863	
191.5804	10.64335	
191.6672	10.64818	
191.7565	10.65314	
191.8492	10.65829	
191.946	10.66366	
192.0482	10.66934	
192.1571	10.67539	
192.2744	10.68191	
192.4022	10.68901	
192.5219	10.69566	
192.6314	10.70174	
192.7338	10.70743	
192.8307	10.71282	
192.9236	10.71798	
193.0133	10.72296	
193.1005	10.72781	
193.186	10.73255	
193.2701	10.73723	
193.3534	10.74185	
193.4362	10.74646	
193.5192	10.75106	
193.6026	10.7557	
193.6871	10.76039	
193.7732	10.76518	
193.8615	10.77008	
193.9529	10.77516	
194.0481	10.78045	
194.1483	10.78602	
194.2547	10.79192	
194.3688	10.79827	
194.4927	10.80515	
194.617	10.81206	
194.7298	10.81832	
194.8345	10.82414	
194.9332	10.82962	
195.0274	10.83486	
195.1181	10.8399	
195.2062	10.84479	
195.2922	10.84957	
195.3768	10.85427	
195.4603	10.85891	
195.5433	10.86352	
195.6261	10.86812	
195.7094	10.87274	
195.7934	10.87741	
195.8789	10.88216	
195.9663	10.88702	
196.0565	10.89203	
196.1502	10.89724	
196.2485	10.90269	
196.3524	10.90847	
196.4636	10.91465	
196.5837	10.92132	
196.7004	10.9278	
196.8061	10.93367	
196.9042	10.93912	
196.9966	10.94425	
197.0847	10.94915	
197.1694	10.95385	
197.2515	10.95842	
197.3317	10.96287	
197.4105	10.96725	
197.4883	10.97157	
197.5656	10.97586	
197.6427	10.98015	
197.7202	10.98446	
197.7986	10.98881	
197.8783	10.99324	
197.96	10.99777	
198.0443	11.00246	
198.1321	11.00734	
198.2243	11.01246	
198.3222	11.0179	
198.4198	11.02332	
198.5066	11.02814	
198.5858	11.03254	
198.6594	11.03663	
198.7288	11.04049	
198.7951	11.04417	
198.8588	11.04771	
198.9206	11.05114	
198.981	11.0545	
199.0403	11.05779	
199.0989	11.06105	
199.1573	11.06429	
199.2158	11.06754	
199.2748	11.07082	
199.3348	11.07415	
199.3961	11.07756	
199.4595	11.08108	
199.5254	11.08474	
199.5921	11.08845	
199.65	11.09167	
199.7018	11.09454	
199.7493	11.09718	
199.7936	11.09965	
199.8355	11.10197	
199.8754	11.10419	
199.9139	11.10633	
199.9512	11.1084	
199.9877	11.11043	
200.0237	11.11243	
200.0595	11.11441	
200.0952	11.1164	
200.1312	11.1184	
200.1678	11.12043	
200.2053	11.12252	
200.2442	11.12468	
200.2841	11.12689	
200.3183	11.12879	
200.3486	11.13048	
200.3763	11.13201	
200.4019	11.13344	
200.426	11.13478	
200.449	11.13605	
200.471	11.13728	
200.4924	11.13847	
200.5133	11.13963	
200.5338	11.14077	
200.5542	11.1419	
200.5747	11.14304	
200.5953	11.14418	
200.6163	11.14535	
200.6379	11.14655	
200.6604	11.1478	
200.684	11.14911	
200.7073	11.1504	
200.7275	11.15152	
200.7458	11.15253	
200.7626	11.15346	
200.7783	11.15432	
200.7932	11.15514	
200.8075	11.15592	
200.8213	11.15667	
200.8347	11.15739	
200.8479	11.15809	
200.861	11.15878	
200.874	11.15945	
200.8871	11.16012	
200.9004	11.16078	
200.914	11.16144	
200.9281	11.1621	
200.9427	11.16277	
200.9582	11.16345	
200.9748	11.16415	
200.9928	11.16487	
201.0128	11.16563	
201.0353	11.16644	
201.0612	11.16731	
201.0918	11.16827	
201.1286	11.16934	
201.1727	11.17054	
201.2256	11.17187	
201.2891	11.17337	
201.3653	11.17505	
201.4568	11.17694	
201.5665	11.17907	
201.6982	11.18148	
201.8562	11.18421	
202.0458	11.18729	
202.2733	11.19076	
202.5464	11.19467	
202.8741	11.19907	
203.2672	11.20403	
203.7391	11.20962	
204.3053	11.2159	
204.9847	11.22298	
205.8	11.23096	
206.7784	11.23997	
207.9525	11.25016	
209.3613	11.26171	
211.052	11.27484	
213.0808	11.28982	
215.5153	11.30694	
218.4367	11.32653	
221.9425	11.34898	
226.1493	11.37467	
231.1976	11.40403	
237.2555	11.43751	
244.525	11.47561	
253.2484	11.51881	
263.7164	11.5676	
276.2781	11.62244	
291.3521	11.68369	
309.4409	11.75157	
331.1474	11.82611	
357.1953	11.90721	
388.4528	11.99471	
425.9617	12.08834	
470.9724	12.18765	
524.9853	12.29189	
589.8008	12.4002	
667.5793	12.51179	
760.9136	12.62588	
872.9147	12.74154	
1007.316	12.85766	
1168.598	12.97339	
1362.136	13.08801	
1594.381	13.20098	
1873.076	13.31171	
2207.509	13.41972	
2608.83	13.52429	
3090.414	13.62497	
3668.316	13.7216	
3960	13.76547	
