-- RS    PRES    FVF      VISC
PVTO
0.0001172981375 7.6945615106e-02 1.006079553 0.6527287266
           10.86155649 1.00560026 0.6527287266
           21.64616737 1.00512252 0.6527287266
           32.43077825 1.004646352 0.6527287266
           43.21538912 1.004171733 0.6527287266
           54   1.003698179 0.6527287266 /
0.01686701715 1.0132500000e+00 1.006051888 0.6527287266
           11.6106 1.005581026 0.6527287266
           22.20795 1.005111675 0.6527287266
           32.8053 1.004643839 0.6527287266
           43.40265 1.004177503 0.6527287266
           54   1.003712176 0.6527287266 /
0.05822752458 3.3283421053e+00 1.005983454 0.6527577961
           13.46267368 1.005533452 0.6527577961
           23.59700526 1.00508483 0.6527577961
           33.73133684 1.004637589 0.6527577961
           43.86566842 1.004191725 0.6527577961
           54   1.003746738 0.6527577961 /
0.09951068516 5.6434342105e+00 1.005915029 0.6527869322
           15.31474737 1.005485857 0.6527869322
           24.98606053 1.005057947 0.6527869322
           34.65737368 1.004631291 0.6527869322
           44.32868684 1.004205884 0.6527869322
           54   1.003781235 0.6527869322 /
0.1407169622 7.9585263158e+00 1.005846612 0.6528161351
           17.16682105 1.005438243 0.6528161351
           26.37511579 1.005031019 0.6528161351
           35.58341053 1.004624933 0.6528161351
           44.79170526 1.004219979 0.6528161351
           54   1.003815668 0.6528161351 /
0.1818468076 1.0273618421e+01 1.005778204 0.6528454047
           19.01889474 1.005390619 0.6528454047
           27.76417105 1.005004063 0.6528454047
           36.50944737 1.00461853 0.6528454047
           45.25472368 1.00423401 0.6528454047
           54   1.003850038 0.6528454047 /
0.2229006625 1.2588710526e+01 1.005709805 0.6528747411
           20.87096842 1.005342976 0.6528747411
           29.15322632 1.004977062 0.6528747411
           37.43548421 1.004612072 0.6528747411
           45.71774211 1.004247979 0.6528747411
           54   1.003884344 0.6528747411 /
0.2638789576 1.4903802632e+01 1.005641415 0.6529041443
           22.72304211 1.005295314 0.6529041443
           30.54228158 1.004950027 0.6529041443
           38.36152105 1.004605559 0.6529041443
           46.18076053 1.004261886 0.6529041443
           54   1.003918586 0.6529041443 /
0.3047821136 1.7218894737e+01 1.005573035 0.6529336144
           24.57511579 1.005247633 0.6529336144
           31.93133684 1.004922956 0.6529336144
           39.28755789 1.004599002 0.6529336144
           46.64377895 1.004275731 0.6529336144
           54   1.003952766 0.6529336144 /
0.345610542 1.9533986842e+01 1.005504664 0.6529631513
           26.42718947 1.005199934 0.6529631513
           33.32039211 1.004895842 0.6529631513
           40.21359474 1.004592385 0.6529631513
           47.10679737 1.004289514 0.6529631513
           54   1.003986884 0.6529631513 /
0.386364645 2.1849078947e+01 1.005436304 0.6529927553
           28.27926316 1.005152227 0.6529927553
           34.70944737 1.004868701 0.6529927553
           41.13963158 1.004585726 0.6529927553
           47.56981579 1.004303236 0.6529927553
           54   1.004020939 0.6529927553 /
0.4270448163 2.4164171053e+01 1.005367954 0.6530224262
           30.13133684 1.005104502 0.6530224262
           36.09850263 1.004841517 0.6530224262
           42.06566842 1.004579011 0.6530224262
           48.03283421 1.004316897 0.6530224262
           54   1.004054933 0.6530224262 /
0.4676514413 2.6479263158e+01 1.005299615 0.6530521641
           31.98341053 1.005056759 0.6530521641
           37.48755789 1.004814301 0.6530521641
           42.99170526 1.004572246 0.6530521641
           48.49585263 1.004330497 0.6530521641
           54   1.004088865 0.6530521641 /
0.5081848977 2.8794355263e+01 1.005231287 0.6530819691
           33.83548421 1.005008999 0.6530819691
           38.87661316 1.004787049 0.6530819691
           43.91774211 1.004565436 0.6530819691
           48.95887105 1.004344037 0.6530819691
           54   1.004122736 0.6530819691 /
0.5486455556 3.1109447368e+01 1.005162969 0.6531118412
           35.68755789 1.004961223 0.6531118412
           40.26566842 1.004759756 0.6531118412
           44.84377895 1.004558569 0.6531118412
           49.42188947 1.004357517 0.6531118412
           54   1.004156546 0.6531118412 /
0.5890337779 3.3424539474e+01 1.005094663 0.6531417804
           37.53963158 1.004913439 0.6531417804
           41.65472368 1.004732439 0.6531417804
           45.76981579 1.004551644 0.6531417804
           49.88490789 1.004370938 0.6531417804
           54   1.004190296 0.6531417804 /
0.6293499208 3.5739631579e+01 1.005026368 0.6531717868
           39.39170526 1.004865639 0.6531717868
           43.04377895 1.004705079 0.6531717868
           46.69585263 1.004544663 0.6531717868
           50.34792632 1.004384298 0.6531717868
           54   1.004223985 0.6531717868 /
0.6695943339 3.8054723684e+01 1.004958085 0.6532018605
           41.24377895 1.004817823 0.6532018605
           44.43283421 1.004677688 0.6532018605
           47.62188947 1.004537625 0.6532018605
           50.81094474 1.0043976 0.6532018605
           54   1.004257615 0.6532018605 /
0.7097673607 4.0369815790e+01 1.004889814 0.6532320014
           43.09585263 1.00476999 0.6532320014
           45.82188947 1.004650246 0.6532320014
           48.54792632 1.00453053 0.6532320014
           51.27396316 1.004410843 0.6532320014
           54   1.004291185 0.6532320014 /
0.7498693387 4.2684907895e+01 1.004821554 0.6532622096
           44.94792632 1.004722143 0.6532622096
           47.21094474 1.004622752 0.6532622096
           49.47396316 1.00452338 0.6532622096
           51.73698158 1.004424027 0.6532622096
           54   1.004324695 0.6532622096 /
0.7899005999 4.5000000000e+01 1.004753307 0.6532924851
           46.8 1.00467425 0.6532924851
           48.6 1.004595205 0.6532924851
           50.4 1.004516173 0.6532924851
           52.2 1.004437154 0.6532924851
           54   1.004358146 0.6532924851 /
