-- RS    PRES    FVF      VISC
PVTO
1.097334045e-05 3.3972851671e+00 1.00328856 1.425498612
           20.95782813 1.002445664 1.425498612
           38.5183711 1.001604182 1.425498612
           56.07891407 1.000764112 1.425498612
           73.63945703 0.9999255182 1.425498612
           91.2 0.9990893155 1.425498612 /
0.0001416617459 7.0000000000e+01 1.00128012 1.425498612
           74.24 1.001077857 1.425498612
           78.48 1.000875831 1.425498612
           82.72 1.000673901 1.425498612
           86.96 1.000472053 1.425498612
           91.2 1.000270286 1.425498612 /
0.0001418612925 7.0101694915e+01 1.001277069 1.425487138
           74.32135593 1.001075783 1.425487138
           78.54101695 1.000874728 1.425487138
           82.76067797 1.000673768 1.425487138
           86.98033898 1.000472888 1.425487138
           91.2 1.00027209 1.425487138 /
0.0001420608218 7.0203389831e+01 1.001274018 1.425475665
           74.40271186 1.001073708 1.425475665
           78.6020339 1.000873625 1.425475665
           82.80135593 1.000673634 1.425475665
           87.00067797 1.000473724 1.425475665
           91.2 1.000273893 1.425475665 /
0.0001422603338 7.0305084746e+01 1.001270967 1.425464194
           74.4840678 1.001071633 1.425464194
           78.66305085 1.000872521 1.425464194
           82.8420339 1.0006735 1.425464194
           87.02101695 1.000474559 1.425464194
           91.2 1.000275696 1.425464194 /
0.0001424598284 7.0406779661e+01 1.001267916 1.425452724
           74.56542373 1.001069557 1.425452724
           78.7240678 1.000871418 1.425452724
           82.88271186 1.000673366 1.425452724
           87.04135593 1.000475393 1.425452724
           91.2 1.000277499 1.425452724 /
0.0001426593056 7.0508474576e+01 1.001264866 1.425441255
           74.64677966 1.001067482 1.425441255
           78.78508475 1.000870314 1.425441255
           82.92338983 1.000673232 1.425441255
           87.06169492 1.000476228 1.425441255
           91.2 1.000279302 1.425441255 /
0.0001428587656 7.0610169492e+01 1.001261815 1.425429787
           74.72813559 1.001065407 1.425429787
           78.84610169 1.00086921 1.425429787
           82.9640678 1.000673098 1.425429787
           87.0820339 1.000477063 1.425429787
           91.2 1.000281104 1.425429787 /
0.0001430582082 7.0711864407e+01 1.001258764 1.425418321
           74.80949153 1.001063332 1.425418321
           78.90711864 1.000868106 1.425418321
           83.00474576 1.000672964 1.425418321
           87.10237288 1.000477897 1.425418321
           91.2 1.000282907 1.425418321 /
0.0001432576335 7.0813559322e+01 1.001255713 1.425406856
           74.89084746 1.001061257 1.425406856
           78.96813559 1.000867002 1.425406856
           83.04542373 1.000672829 1.425406856
           87.12271186 1.000478731 1.425406856
           91.2 1.000284709 1.425406856 /
0.0001434570415 7.0915254237e+01 1.001252662 1.425395392
           74.97220339 1.001059181 1.425395392
           79.02915254 1.000865898 1.425395392
           83.08610169 1.000672694 1.425395392
           87.14305085 1.000479566 1.425395392
           91.2 1.000286511 1.425395392 /
0.0001436564322 7.1016949153e+01 1.001249611 1.425383929
           75.05355932 1.001057106 1.425383929
           79.09016949 1.000864794 1.425383929
           83.12677966 1.00067256 1.425383929
           87.16338983 1.0004804 1.425383929
           91.2 1.000288313 1.425383929 /
0.0001438558055 7.1118644068e+01 1.00124656 1.425372468
           75.13491525 1.00105503 1.425372468
           79.15118644 1.000863689 1.425372468
           83.16745763 1.000672425 1.425372468
           87.18372881 1.000481233 1.425372468
           91.2 1.000290115 1.425372468 /
0.0001440551616 7.1220338983e+01 1.001243509 1.425361008
           75.21627119 1.001052955 1.425361008
           79.21220339 1.000862584 1.425361008
           83.20813559 1.00067229 1.425361008
           87.2040678 1.000482067 1.425361008
           91.2 1.000291917 1.425361008 /
0.0001442545003 7.1322033898e+01 1.001240458 1.425349549
           75.29762712 1.001050879 1.425349549
           79.27322034 1.00086148 1.425349549
           83.24881356 1.000672154 1.425349549
           87.22440678 1.0004829 1.425349549
           91.2 1.000293718 1.425349549 /
0.0001444538218 7.1423728814e+01 1.001237407 1.425338091
           75.37898305 1.001048803 1.425338091
           79.33423729 1.000860375 1.425338091
           83.28949153 1.000672019 1.425338091
           87.24474576 1.000483734 1.425338091
           91.2 1.00029552 1.425338091 /
0.0001446531259 7.1525423729e+01 1.001234356 1.425326635
           75.46033898 1.001046728 1.425326635
           79.39525424 1.00085927 1.425326635
           83.33016949 1.000671883 1.425326635
           87.26508475 1.000484567 1.425326635
           91.2 1.000297321 1.425326635 /
0.0001448524128 7.1627118644e+01 1.001231305 1.425315179
           75.54169492 1.001044652 1.425315179
           79.45627119 1.000858165 1.425315179
           83.37084746 1.000671748 1.425315179
           87.28542373 1.0004854 1.425315179
           91.2 1.000299122 1.425315179 /
0.0001450516824 7.1728813559e+01 1.001228254 1.425303725
           75.62305085 1.001042576 1.425303725
           79.51728814 1.000857059 1.425303725
           83.41152542 1.000671612 1.425303725
           87.30576271 1.000486233 1.425303725
           91.2 1.000300923 1.425303725 /
0.0001452509347 7.1830508475e+01 1.001225203 1.425292273
           75.70440678 1.0010405 1.425292273
           79.57830508 1.000855954 1.425292273
           83.45220339 1.000671476 1.425292273
           87.32610169 1.000487066 1.425292273
           91.2 1.000302724 1.425292273 /
0.0001454501697 7.1932203390e+01 1.001222152 1.425280821
           75.78576271 1.001038424 1.425280821
           79.63932203 1.000854848 1.425280821
           83.49288136 1.00067134 1.425280821
           87.34644068 1.000487898 1.425280821
           91.2 1.000304524 1.425280821 /
0.0001456493874 7.2033898305e+01 1.001219101 1.425269371
           75.86711864 1.001036348 1.425269371
           79.70033898 1.000853742 1.425269371
           83.53355932 1.000671203 1.425269371
           87.36677966 1.000488731 1.425269371
           91.2 1.000306325 1.425269371 /
0.0001458485879 7.2135593220e+01 1.00121605 1.425257922
           75.94847458 1.001034272 1.425257922
           79.76135593 1.000852637 1.425257922
           83.57423729 1.000671067 1.425257922
           87.38711864 1.000489563 1.425257922
           91.2 1.000308125 1.425257922 /
0.0001460477711 7.2237288136e+01 1.001212999 1.425246474
           76.02983051 1.001032196 1.425246474
           79.82237288 1.000851531 1.425246474
           83.61491525 1.00067093 1.425246474
           87.40745763 1.000490395 1.425246474
           91.2 1.000309925 1.425246474 /
0.000146246937 7.2338983051e+01 1.001209948 1.425235028
           76.11118644 1.00103012 1.425235028
           79.88338983 1.000850424 1.425235028
           83.65559322 1.000670793 1.425235028
           87.42779661 1.000491227 1.425235028
           91.2 1.000311725 1.425235028 /
0.0001464460856 7.2440677966e+01 1.001206897 1.425223582
           76.19254237 1.001028043 1.425223582
           79.94440678 1.000849318 1.425223582
           83.69627119 1.000670657 1.425223582
           87.44813559 1.000492059 1.425223582
           91.2 1.000313525 1.425223582 /
0.000146645217 7.2542372881e+01 1.001203846 1.425212138
           76.27389831 1.001025967 1.425212138
           80.00542373 1.000848212 1.425212138
           83.73694915 1.000670519 1.425212138
           87.46847458 1.000492891 1.425212138
           91.2 1.000315325 1.425212138 /
0.0001468443312 7.2644067797e+01 1.001200795 1.425200695
           76.35525424 1.00102389 1.425200695
           80.06644068 1.000847105 1.425200695
           83.77762712 1.000670382 1.425200695
           87.48881356 1.000493722 1.425200695
           91.2 1.000317124 1.425200695 /
0.000147043428 7.2745762712e+01 1.001197744 1.425189254
           76.43661017 1.001021814 1.425189254
           80.12745763 1.000845998 1.425189254
           83.81830508 1.000670245 1.425189254
           87.50915254 1.000494553 1.425189254
           91.2 1.000318924 1.425189254 /
0.0001472425077 7.2847457627e+01 1.001194693 1.425177813
           76.5179661 1.001019737 1.425177813
           80.18847458 1.000844891 1.425177813
           83.85898305 1.000670107 1.425177813
           87.52949153 1.000495385 1.425177813
           91.2 1.000320723 1.425177813 /
0.00014744157 7.2949152542e+01 1.001191642 1.425166374
           76.59932203 1.00101766 1.425166374
           80.24949153 1.000843784 1.425166374
           83.89966102 1.00066997 1.425166374
           87.54983051 1.000496216 1.425166374
           91.2 1.000322522 1.425166374 /
0.0001476406152 7.3050847458e+01 1.001188591 1.425154937
           76.68067797 1.001015583 1.425154937
           80.31050847 1.000842677 1.425154937
           83.94033898 1.000669832 1.425154937
           87.57016949 1.000497046 1.425154937
           91.2 1.000324321 1.425154937 /
0.0001478396431 7.3152542373e+01 1.00118554 1.4251435
           76.7620339 1.001013505 1.4251435
           80.37152542 1.00084157 1.4251435
           83.98101695 1.000669694 1.4251435
           87.59050847 1.000497877 1.4251435
           91.2 1.000326119 1.4251435 /
0.0001480386537 7.3254237288e+01 1.001182489 1.425132064
           76.84338983 1.001011428 1.425132064
           80.43254237 1.000840463 1.425132064
           84.02169492 1.000669556 1.425132064
           87.61084746 1.000498708 1.425132064
           91.2 1.000327918 1.425132064 /
0.0001482376472 7.3355932203e+01 1.001179438 1.42512063
           76.92474576 1.00100935 1.42512063
           80.49355932 1.000839355 1.42512063
           84.06237288 1.000669418 1.42512063
           87.63118644 1.000499538 1.42512063
           91.2 1.000329716 1.42512063 /
0.0001484366234 7.3457627119e+01 1.001176387 1.425109197
           77.00610169 1.001007273 1.425109197
           80.55457627 1.000838247 1.425109197
           84.10305085 1.000669279 1.425109197
           87.65152542 1.000500368 1.425109197
           91.2 1.000331515 1.425109197 /
0.0001486355823 7.3559322034e+01 1.001173336 1.425097766
           77.08745763 1.001005195 1.425097766
           80.61559322 1.00083714 1.425097766
           84.14372881 1.000669141 1.425097766
           87.67186441 1.000501199 1.425097766
           91.2 1.000333313 1.425097766 /
0.0001488345241 7.3661016949e+01 1.001170285 1.425086335
           77.16881356 1.001003117 1.425086335
           80.67661017 1.000836032 1.425086335
           84.18440678 1.000669002 1.425086335
           87.69220339 1.000502029 1.425086335
           91.2 1.000335111 1.425086335 /
0.0001490334486 7.3762711864e+01 1.001167235 1.425074906
           77.25016949 1.001001039 1.425074906
           80.73762712 1.000834924 1.425074906
           84.22508475 1.000668863 1.425074906
           87.71254237 1.000502858 1.425074906
           91.2 1.000336909 1.425074906 /
0.0001492323559 7.3864406780e+01 1.001164184 1.425063478
           77.33152542 1.000998961 1.425063478
           80.79864407 1.000833815 1.425063478
           84.26576271 1.000668724 1.425063478
           87.73288136 1.000503688 1.425063478
           91.2 1.000338706 1.425063478 /
0.000149431246 7.3966101695e+01 1.001161133 1.425052051
           77.41288136 1.000996883 1.425052051
           80.85966102 1.000832707 1.425052051
           84.30644068 1.000668585 1.425052051
           87.75322034 1.000504518 1.425052051
           91.2 1.000340504 1.425052051 /
0.0001496301189 7.4067796610e+01 1.001158082 1.425040626
           77.49423729 1.000994804 1.425040626
           80.92067797 1.000831598 1.425040626
           84.34711864 1.000668446 1.425040626
           87.77355932 1.000505347 1.425040626
           91.2 1.000342301 1.425040626 /
0.0001498289746 7.4169491525e+01 1.001155031 1.425029202
           77.57559322 1.000992726 1.425029202
           80.98169492 1.00083049 1.425029202
           84.38779661 1.000668307 1.425029202
           87.79389831 1.000506176 1.425029202
           91.2 1.000344098 1.425029202 /
0.0001500278131 7.4271186441e+01 1.00115198 1.425017779
           77.65694915 1.000990647 1.425017779
           81.04271186 1.000829381 1.425017779
           84.42847458 1.000668167 1.425017779
           87.81423729 1.000507005 1.425017779
           91.2 1.000345895 1.425017779 /
0.0001502266343 7.4372881356e+01 1.001148929 1.425006357
           77.73830508 1.000988568 1.425006357
           81.10372881 1.000828272 1.425006357
           84.46915254 1.000668027 1.425006357
           87.83457627 1.000507834 1.425006357
           91.2 1.000347692 1.425006357 /
0.0001504254384 7.4474576271e+01 1.001145878 1.424994936
           77.81966102 1.000986489 1.424994936
           81.16474576 1.000827163 1.424994936
           84.50983051 1.000667888 1.424994936
           87.85491525 1.000508663 1.424994936
           91.2 1.000349489 1.424994936 /
0.0001506242253 7.4576271186e+01 1.001142827 1.424983517
           77.90101695 1.00098441 1.424983517
           81.22576271 1.000826054 1.424983517
           84.55050847 1.000667748 1.424983517
           87.87525424 1.000509491 1.424983517
           91.2 1.000351285 1.424983517 /
0.000150822995 7.4677966102e+01 1.001139776 1.424972099
           77.98237288 1.000982331 1.424972099
           81.28677966 1.000824945 1.424972099
           84.59118644 1.000667607 1.424972099
           87.89559322 1.00051032 1.424972099
           91.2 1.000353082 1.424972099 /
0.0001510217475 7.4779661017e+01 1.001136725 1.424960682
           78.06372881 1.000980252 1.424960682
           81.34779661 1.000823835 1.424960682
           84.63186441 1.000667467 1.424960682
           87.9159322 1.000511148 1.424960682
           91.2 1.000354878 1.424960682 /
0.0001512204829 7.4881355932e+01 1.001133674 1.424949267
           78.14508475 1.000978173 1.424949267
           81.40881356 1.000822725 1.424949267
           84.67254237 1.000667327 1.424949267
           87.93627119 1.000511976 1.424949267
           91.2 1.000356674 1.424949267 /
0.000151419201 7.4983050848e+01 1.001130623 1.424937852
           78.22644068 1.000976093 1.424937852
           81.46983051 1.000821616 1.424937852
           84.71322034 1.000667186 1.424937852
           87.95661017 1.000512804 1.424937852
           91.2 1.00035847 1.424937852 /
0.000151617902 7.5084745763e+01 1.001127572 1.424926439
           78.30779661 1.000974013 1.424926439
           81.53084746 1.000820506 1.424926439
           84.75389831 1.000667045 1.424926439
           87.97694915 1.000513632 1.424926439
           91.2 1.000360266 1.424926439 /
0.0001518165858 7.5186440678e+01 1.001124521 1.424915027
           78.38915254 1.000971934 1.424915027
           81.59186441 1.000819396 1.424915027
           84.79457627 1.000666905 1.424915027
           87.99728814 1.00051446 1.424915027
           91.2 1.000362062 1.424915027 /
0.0001520152524 7.5288135593e+01 1.00112147 1.424903617
           78.47050847 1.000969854 1.424903617
           81.65288136 1.000818286 1.424903617
           84.83525424 1.000666763 1.424903617
           88.01762712 1.000515287 1.424903617
           91.2 1.000363857 1.424903617 /
0.0001522139019 7.5389830509e+01 1.001118419 1.424892207
           78.55186441 1.000967774 1.424892207
           81.71389831 1.000817175 1.424892207
           84.8759322 1.000666622 1.424892207
           88.0379661 1.000516115 1.424892207
           91.2 1.000365652 1.424892207 /
0.0001524125342 7.5491525424e+01 1.001115368 1.424880799
           78.63322034 1.000965694 1.424880799
           81.77491525 1.000816065 1.424880799
           84.91661017 1.000666481 1.424880799
           88.05830508 1.000516942 1.424880799
           91.2 1.000367447 1.424880799 /
0.0001526111494 7.5593220339e+01 1.001112317 1.424869392
           78.71457627 1.000963613 1.424869392
           81.8359322 1.000814954 1.424869392
           84.95728814 1.00066634 1.424869392
           88.07864407 1.000517769 1.424869392
           91.2 1.000369243 1.424869392 /
0.0001528097474 7.5694915254e+01 1.001109266 1.424857987
           78.7959322 1.000961533 1.424857987
           81.89694915 1.000813844 1.424857987
           84.9979661 1.000666198 1.424857987
           88.09898305 1.000518596 1.424857987
           91.2 1.000371037 1.424857987 /
0.0001530083282 7.5796610170e+01 1.001106215 1.424846582
           78.87728814 1.000959452 1.424846582
           81.9579661 1.000812733 1.424846582
           85.03864407 1.000666056 1.424846582
           88.11932203 1.000519423 1.424846582
           91.2 1.000372832 1.424846582 /
0.0001532068919 7.5898305085e+01 1.001103164 1.424835179
           78.95864407 1.000957372 1.424835179
           82.01898305 1.000811622 1.424835179
           85.07932203 1.000665914 1.424835179
           88.13966102 1.000520249 1.424835179
           91.2 1.000374627 1.424835179 /
0.0001534054385 7.6000000000e+01 1.001100113 1.424823777
           79.04 1.000955291 1.424823777
           82.08 1.000810511 1.424823777
           85.12 1.000665772 1.424823777
           88.16 1.000521076 1.424823777
           91.2 1.000376421 1.424823777 /
/
