PERMX
18.2808        	28.5927        	23.8922        	30.6373        	10.7137        	5.35088        	
6.44345        	3.92864        	5.04162        	2.53339        	10.5132        	23.0809        	
9.60578        	4.01875        	7.7874        	6.85716        	72.3463        	106.534        	
47.8931        	61.1933        	24.2839        	32.545        	7.24853        	10.6236        	
50.5391        	73.136        	25.8289        	12.1451        	5.81114        	7.76407        	
23.7305        	16.8749        	4.2084        	10.1343        	7.63875        	35.2815        	
68.601        	78.12        	367.132        	93.3577        	44.0379        	91.4481        	
45.0656        	101.47        	433.608        	278.211        	270.36        	951.295        	
1086.06        	1307.99        	352.696        	430.092        	329.046        	962.831        	
1135.89        	294.556        	182.889        	76.6371        	122.083        	143.608        	
30.0745        	47.3696        	34.6528        	38.802        	5.35597        	7.59105        	
9.26743        	8.51926        	4.56565        	4.71611        	3.33902        	12.0588        	
12.0147        	2.37447        	4.42392        	9.27369        	5.85606        	7.53995        	
20.8392        	34.6219        	55.891        	25.7888        	15.0891        	19.9788        	
12.8086        	61.7994        	12.0113        	18.0745        	9.84804        	11.7674        	
5.21774        	11.9947        	8.83255        	8.25041        	15.4516        	19.3725        	
45.1739        	89.5667        	252.921        	153.872        	108.911        	115.656        	
96.7443        	71.5535        	167.107        	274.464        	504.315        	3316.12        	
1660.44        	1994.33        	469.504        	1043.22        	1117.25        	1370.79        	
1702.03        	475.397        	179.975        	166.961        	80.0047        	121.913        	
36.6004        	38.3106        	18.5334        	46.6524        	13.3315        	7.87857        	
6.40553        	9.48926        	6.95112        	5.42787        	2.29742        	2.4784        	
2.12551        	2.62131        	3.45982        	4.70184        	2.69407        	6.60707        	
4.90993        	3.54429        	11.493        	12.0014        	15.6692        	9.81506        	
4.34157        	12.6171        	19.7792        	10.1616        	8.4493        	7.59847        	
5.20408        	8.53728        	9.21744        	18.4357        	20.007        	27.2087        	
19.4738        	169.791        	130.478        	58.0261        	50.2235        	327.883        	
246.356        	150.442        	280.167        	347.397        	377.891        	2203.84        	
2709.17        	2615.81        	1011.91        	1567.75        	1741.92        	1167.18        	
1051.68        	662.854        	625.695        	284.233        	294.164        	166.647        	
77.339        	148.049        	26.6173        	41.6934        	10.3014        	5.36533        	
9.97435        	8.9277        	7.24694        	2.29576        	2.78555        	1.71715        	
0.803372        1.68358        	0.919366        1.40978        	5.29637        	3.88776        	
1.21072        	1.41659        	3.51416        	5.74454        	4.55022        	5.49859        	
5.42212        	8.74507        	19.0854        	40.8071        	20.6651        	25.9012        	
15.0398        	12.7375        	10.7757        	18.5963        	17.5469        	18.0971        	
64.4457        	69.1334        	95.6192        	52.9022        	65.9273        	85.2677        	
96.669        	71.3689        	443.724        	345.25        	1127.48        	781.757        	
3713.45        	1582.46        	1518.88        	566.364        	959.828        	1325.22        	
561.286        	653.387        	222.946        	122.559        	295.442        	167.765        	
162.524        	40.0015        	36.6113        	21.0429        	5.7633        	6.29798        	
8.3885        	4.90155        	6.97135        	4.06777        	0.789033        2.21575        	
0.988049        1.90491        	1.33897        	1.07562        	7.73795        	7.68939        	
2.30512        	4.87346        	9.28257        	3.5917        	3.28353        	6.77681        	
16.1987        	11.7676        	16.8794        	34.5907        	25.0763        	21.481        	
6.89775        	14.8391        	27.5043        	13.7502        	35.7102        	39.9586        	
44.2431        	80.2785        	127.62        	296.41        	148.299        	246.788        	
516.625        	86.0163        	147.597        	164.098        	235.14        	397.552        	
2524.33        	2022.56        	367.048        	935.462        	895.308        	1205.32        	
614.279        	296.665        	87.7067        	165.24        	150.511        	224.903        	
189.922        	74.0678        	53.0323        	20.8125        	7.16885        	5.2604        	
5.29002        	9.0663        	16.5364        	3.25101        	1.2138        	1.3417        	
2.16068        	0.673024        1.44564        	1.66915        	0.671277        2.36493        	
6.97076        	10.6774        	7.93484        	6.45699        	4.58111        	5.60406        	
4.13442        	11.0964        	8.42633        	23.0823        	16.2977        	31.1835        	
9.46865        	20.5059        	24.8539        	68.569        	40.7179        	161.133        	
99.2517        	27.1349        	91.2376        	99.7845        	68.8749        	103.909        	
137.368        	346.897        	229.404        	33.7054        	99.2643        	353.5        	
499.285        	743.861        	1427.56        	762.315        	488.011        	327.116        	
828.87        	263.213        	319.831        	264.604        	55.4389        	103.138        	
319.595        	33.669        	39.0111        	17.0689        	8.62176        	5.8724        	
4.68938        	1.36036        	3.91879        	3.95633        	2.27879        	1.9001        	
1.45525        	1.01861        	0.582322        0.543903        0.639367        0.604248        	
3.88849        	5.4165        	6.6167        	4.63713        	3.31185        	2.01783        	
8.57734        	22.6059        	19.5785        	29.2816        	12.6885        	21.4287        	
38.2764        	69.0598        	38.0745        	68.6041        	109.056        	49.0007        	
60.6678        	23.3705        	34.7444        	118.518        	57.6713        	137.965        	
221.459        	99.6629        	82.0887        	35.3327        	47.6947        	364.625        	
287.378        	240.21        	887.203        	431.946        	344.46        	581.718        	
317.3        	167.848        	398.182        	133.075        	19.6266        	54.7041        	
130.487        	132.4        	51.4492        	23.7576        	15.5526        	7.72077        	
4.92497        	2.92735        	4.88634        	4.82584        	2.29089        	0.856368        	
0.302606        0.32514        	0.083738        0.214301        0.445887        0.954663        	
0.795346        2.53781        	2.02511        	3.23398        	2.4047        	2.28996        	
5.47822        	29.6678        	20.6781        	12.6059        	11.1003        	24.6581        	
26.4511        	36.3869        	131.73        	147.479        	51.0539        	112.495        	
64.2112        	24.4887        	75.1148        	63.5158        	84.7207        	69.3179        	
117.031        	94.8269        	84.8969        	111.489        	139.339        	121.829        	
71.3381        	329.013        	1619.73        	509.781        	710.229        	640.113        	
399.418        	144.863        	271.272        	28.8719        	38.8953        	37.0047        	
43.4254        	24.6768        	32.2811        	35.4096        	30.2768        	7.58335        	
3.80521        	3.37532        	2.18346        	0.553644        0.917163        1.09313        	
0.271254        0.092585        0.090096        0.103747        0.130736        0.298734        	
0.477529        1.21479        	0.985342        1.55184        	1.67876        	1.51324        	
0.991233        5.72755        	13.5524        	6.53594        	14.1261        	25.9475        	
37.0729        	50.2694        	126.293        	56.208        	85.9201        	90.5065        	
92.6517        	58.4189        	31.2229        	57.4298        	66.0355        	19.9045        	
36.7279        	109.96        	75.1311        	121.208        	115.614        	127.462        	
72.0333        	303.879        	65.8253        	176.62        	157.286        	253.967        	
361.346        	70.7341        	42.0494        	57.4556        	26.4591        	15.2422        	
38.7829        	14.3139        	46.2924        	80.9089        	15.9377        	2.54309        	
18.2513        	15.4026        	2.30633        	0.665779        1.49548        	1.99371        	
0.233009        0.12659        	0.268481        0.142833        0.140435        0.146062        	
0.651237        1.02866        	1.0319        	0.787907        0.973494        1.14034        	
0.971316        2.37613        	7.48101        	13.9967        	25.0471        	25.6881        	
42.3074        	30.2936        	26.9816        	31.8238        	77.4064        	123.799        	
82.6417        	44.9437        	39.2051        	55.2738        	109.209        	36.3917        	
35.7262        	41.8029        	71.6553        	74.0303        	192.052        	76.0849        	
142.739        	152.224        	61.9146        	90.9193        	511.085        	359.248        	
459.867        	161.411        	95.2092        	101.811        	15.3003        	12.4357        	
13.009        	14.4758        	16.8694        	21.0962        	6.57672        	1.95847        	
7.96978        	11.6048        	1.47478        	1.27281        	0.597921        0.869001        	
0.849188        0.751324        0.315796        0.266221        0.560545        0.736985        	
0.309799        0.487124        0.863795        0.897987        0.898623        2.26293        	
1.17993        	2.69988        	3.50327        	6.25343        	17.5032        	20.4588        	
27.7757        	68.0809        	14.6412        	28.3057        	40.7452        	70.3034        	
57.9588        	46.4148        	37.9839        	52.731        	76.6225        	82.832        	
77.1676        	142.633        	109.314        	44.3344        	43.6147        	307.627        	
235.669        	361.755        	197.217        	146.367        	302.839        	339.325        	
296.876        	135.445        	190.378        	89.7614        	27.8183        	18.877        	
7.16022        	8.65765        	3.99874        	14.2514        	4.86356        	1.95534        	
5.07195        	7.8621        	2.4718        	0.583518        1.00351        	1.47197        	
0.57635        	0.641664        0.376292        0.379603        0.680301        0.455142        	
0.335713        0.367982        0.753276        2.31936        	2.98244        	3.9244        	
1.29662        	5.6414        	12.7969        	8.61734        	53.9919        	37.4596        	
15.0313        	21.4736        	26.0104        	42.0061        	103.613        	48.719        	
119.319        	108.62        	35.1752        	45.8971        	93.9579        	23.2149        	
42.4154        	120.087        	47.3769        	27.8511        	55.9139        	126.111        	
81.8879        	151.432        	54.9595        	157.348        	377.474        	204.117        	
346.179        	513.958        	237.665        	91.2358        	61.8422        	91.6277        	
1.80104        	6.82593        	3.40612        	4.00803        	2.24549        	3.56666        	
6.30063        	7.73962        	2.62968        	4.33189        	1.36498        	1.49733        	
2.64295        	1.14146        	1.71042        	0.476769        0.218049        0.459348        	
1.06877        	0.676214        0.661597        1.58771        	5.36033        	4.64649        	
1.49418        	1.43577        	3.51303        	10.9976        	3.7347        	25.7559        	
36.338        	19.2705        	17.0346        	77.9965        	58.7439        	124.564        	
56.1203        	61.2544        	26.4241        	39.8895        	30.3064        	89.7634        	
34.2672        	82.4096        	48.5993        	124.5        	45.876        	110.422        	
67.1363        	136.596        	37.9908        	262.319        	560.899        	512.414        	
450.496        	411.31        	65.278        	176.562        	41.701        	26.0362        	
0.609576        2.86513        	2.87828        	2.16688        	2.71788        	5.72251        	
5.13744        	5.28518        	1.79955        	0.875289        1.53656        	2.2197        	
1.76954        	0.649883        1.33097        	1.29779        	0.42621        	0.568769        	
0.539426        0.489671        0.471227        1.24699        	2.48325        	1.11821        	
1.82417        	2.02753        	5.87194        	12.0176        	3.46524        	11.2173        	
12.535        	21.5821        	21.7714        	36.0311        	26.8494        	41.922        	
27.3714        	18.4454        	15.1332        	9.49732        	79.5755        	75.501        	
94.1935        	123.455        	199.008        	47.2681        	87.9056        	58.5484        	
129.107        	83.0788        	93.5221        	382.939        	720.044        	1155.59        	
985.12        	454.544        	289.211        	71.3822        	99.3684        	29.1986        	
3.46407        	1.60899        	1.66237        	4.08678        	3.24948        	5.31374        	
5.0152        	6.02608        	8.1359        	8.17809        	5.62494        	1.63173        	
2.64293        	0.589669        1.99005        	0.479159        0.204634        0.277022        	
0.234314        1.07952        	6.65081        	2.68224        	3.09476        	1.94003        	
2.51055        	3.25179        	3.00282        	1.85132        	1.81878        	4.08087        	
12.3795        	12.8537        	33.3407        	35.7048        	17.6613        	43.5555        	
28.9049        	9.06454        	11.0035        	23.9752        	22.7461        	43.1903        	
102.569        	70.9187        	89.2653        	23.6589        	117.871        	18.6867        	
141.229        	247.607        	90.988        	69.8726        	235.067        	848.649        	
488.96        	338.538        	74.3821        	37.582        	50.0983        	14.112        	
0.89211        	1.53401        	3.0655        	1.55236        	3.03634        	1.12324        	
1.96764        	4.35268        	1.24489        	2.02082        	2.35103        	1.91956        	
0.401634        0.18744        	0.269334        0.125156        0.18352         0.183411        	
0.348872        1.27184        	4.70033        	1.58355        	2.11024        	7.50597        	
9.61662        	6.87923        	3.48241        	1.32702        	0.908726        1.9181        	
7.55562        	25.6775        	20.4908        	16.2542        	31.7129        	16.3394        	
13.3048        	14.5299        	7.89904        	19.4676        	16.906        	56.0159        	
56.1426        	94.2546        	86.5729        	29.786        	22.5841        	24.2401        	
32.5854        	54.7387        	38.3557        	59.1524        	41.9087        	34.1913        	
49.4245        	56.9277        	45.2245        	47.5583        	55.5736        	18.7721        	
0.353126        1.1445        	0.877545        2.41623        	3.36285        	1.61287        	
3.77013        	2.39442        	0.821404        2.57573        	4.49786        	1.38931        	
0.484356        0.251368        0.249305        0.220747        0.088644        0.125861        	
1.13259        	4.4243        	3.19911        	3.0325        	3.22646        	6.93991        	
11.3692        	7.12884        	3.11969        	3.23544        	1.23964        	2.36275        	
2.86212        	10.0608        	6.29822        	16.8733        	12.9916        	15.3628        	
9.59965        	11.7686        	20.7106        	15.047        	14.7194        	43.1164        	
15.6924        	91.8649        	99.1909        	26.6804        	9.78927        	30.5342        	
12.3733        	38.5338        	29.3815        	29.823        	63.337        	17.4486        	
12.7539        	20.1188        	16.0321        	14.8462        	34.4922        	5.07363        	
0.352919        0.399583        0.757314        2.25368        	1.16524        	0.995091        	
1.88367        	1.38887        	0.77747        	2.71467        	1.4055        	1.2226        	
0.791267        0.412373        0.278495        0.213733        0.349244        0.728259        	
1.26656        	3.88174        	4.1941        	2.9681        	3.014        	19.7848        	
2.3196        	4.86141        	4.80156        	1.95423        	2.30967        	1.71657        	
1.44978        	2.65759        	4.28942        	4.60691        	16.5056        	20.7458        	
10.2642        	7.37269        	16.9184        	12.3989        	14.4696        	12.8348        	
57.9434        	60.3357        	43.5795        	39.0121        	11.0922        	15.6216        	
15.6949        	9.1618        	33.5953        	41.8466        	45.0605        	9.42314        	
8.86049        	7.03909        	3.66833        	5.14718        	5.62935        	3.60567        	
0.72422        	0.559671        0.969849        1.10466        	0.542068        0.416059        	
0.202618        1.36261        	1.79218        	1.62289        	2.97798        	0.966263        	
0.407688        0.315155        0.158103        0.172103        0.52355        	0.203431        	
0.783274        1.55818        	2.66241        	4.10763        	7.53398        	6.16072        	
7.76617        	2.78464        	3.23712        	1.73442        	1.0629        	0.815451        	
0.610006        0.894467        1.66536        	4.16322        	6.59761        	8.73706        	
8.2343        	9.71095        	6.90321        	10.8176        	19.1048        	17.7074        	
40.0796        	29.5045        	19.6389        	12.6278        	4.75389        	4.54142        	
4.07279        	11.6695        	8.89013        	11.5058        	22.677        	8.45942        	
2.07818        	4.8014        	7.05566        	4.17208        	10.7748        	1.78675        	
0.590055        0.708255        0.7802        	0.941384        0.343624        0.152662        	
0.25477        	0.390052        0.652424        0.898535        1.8342        	1.458        	
2.48094        	0.251103        0.151576        0.055344        0.111175        0.203306        	
0.573933        0.820197        2.44519        	6.02729        	6.44207        	3.78151        	
3.37588        	4.36127        	0.764075        0.637477        0.761745        1.29291        	
0.839048        0.269847        0.166293        1.29743        	1.34723        	1.97676        	
2.50659        	3.92914        	4.35277        	7.90658        	23.7314        	38.4535        	
32.1438        	19.9763        	18.3284        	8.39348        	3.83613        	1.81263        	
1.76351        	1.97555        	3.6143        	6.2476        	7.49525        	4.40424        	
1.36049        	0.923704        1.8086        	3.16607        	4.03983        	4.25536        	
0.474935        0.418091        0.807575        1.14937        0.428535        	0.448888        	
0.229544        0.610092        0.458425        0.70324        	2.30129        	1.4906        	
4.51242        	0.531065        0.171146        0.068955        0.135919        0.177182        	
0.105534        0.272632        1.05435        	0.787925        2.60986        	2.85002        	
1.99887        	3.19146        	1.9299        	1.11901        	0.289045        0.380987        	
0.996919        0.376418        0.260397        0.512121        1.05967        	1.48717        	
0.793544        1.88823        	1.97142        	6.59163        	5.55659        	29.117        	
12.9619        	5.21699        	7.65936        	4.72932        	1.26117        	1.09991        	
1.19732        	1.32971        	1.90857        	3.11145        	0.857903        0.674268        	
1.2287        	0.819264        0.831301        2.29829        	6.18341        	8.9794        	
0.365173        0.520217        3.90425        	1.37641        	1.36366        	0.381085        	
0.199293        0.431205        0.246693        0.767637        0.609456        0.385506        	
0.903268        0.356505        0.299041        0.078414        0.126439        0.259904        	
0.188593        0.053349        0.205726        0.428609        0.917965        1.2382        	
1.95771        	2.5494        	1.433        	1.15779        	0.419013        0.300466        	
0.30561        	0.735156        0.230977        0.118901        0.324758        0.755213        	
0.849568        0.90408        	1.48454        	1.75167        	2.81652        	6.96241        	
4.01005        	4.68217        	1.43464        	1.83824        	0.796961        0.340671        	
0.89277        	1.37302        	1.7513        	2.13243        	0.333177        0.286353        	
0.92677        	1.38974        	2.93356        	0.831011        0.93838        	1.76312        	
0.426686        0.761455        2.62609        	2.5829        	0.617749        0.334515        	
0.20501        	0.2816        	0.57042        	0.51273        	0.33018        	0.339738        	
0.592225        0.120547        0.17393        	0.06082        	0.031481        0.139797        	
0.225908        0.090303        0.154463        0.752918        0.221096        0.636281        	
0.858859        1.70525        	3.31887        	1.92844        	0.138208        0.494132        	
0.35152        	0.178525        0.098638        0.072887        0.07228        	0.207636        	
0.303782        0.424182        1.10825        	0.943481        1.88622        	0.463224        	
0.289601        1.40444        	0.469652        0.535554        0.240284        0.11115        	
0.182729        0.148102        1.27126        	0.416609        0.160231        0.36038        	
0.246796        0.862215        0.778564        0.558497        0.411477        2.00192        	
0.584886        1.60379        	1.88657        	0.670178        0.509708        0.221842        	
0.217102        0.16603        	0.167852        0.147791        0.164061        0.102624        	
0.070004        0.048447        0.233067        0.077317        0.045135        0.054647        	
0.199763        0.439835        0.321942        0.768127        0.626337        0.976077        	
0.266467       	0.243307       	0.282279        0.665987        0.486905        0.334245        	
0.211624        0.251081        0.213459        0.030042        0.052294        0.129217        	
0.271542        0.184718        0.185396        0.541355        0.440413        0.101781        	
0.171978        0.999303        0.470895        0.217414        0.211281        0.129945        	
0.287757        0.157568        0.121372        0.220171        0.21208       	0.170253        	
0.239202        0.337386        0.264819        0.204824        0.685666       	0.665656        	
0.167686        0.466463        1.02762        	0.651685        0.63025        	0.149974        	
0.840716        1.59291        	0.166913        0.216937        0.141255        0.035694        	
0.036474        0.06265        	0.101747        0.055308        0.042332        0.029719        	
0.105012        0.326777        0.526441        0.310816        0.36599       	0.48579        	
0.142512        0.166317        0.199187        0.106955        0.116694        0.129869        	
0.156855        0.165738        0.068222        0.040308        0.06062        	0.09064        	
0.049007        0.063147        0.156584        0.159386        0.120407        0.065318        	
0.213789        0.390441        0.253612        0.114294        0.20045        	0.140985        	
0.113927        0.061694        0.098983        0.191936        0.377485        0.462647        	
0.10819        	0.37713        	0.466736        0.21697        	0.412613        0.507793        	
0.244401        0.588184        1.54462         0.897694        0.383388        0.244689        	
1.20414        	0.643572        0.568522        0.152512        0.045175       	0.037836        	
0.060595        0.09578         0.077799        0.06143        	0.065217        0.05007        	
0.167385        0.318655        0.521898        0.132168        0.486193        0.196947        	
0.122703        0.102049        0.123016        0.141707        0.062654        0.106862        	
0.191399        0.088722        0.190277        0.039141        0.113107        0.075957        
0.036455        0.032477        0.025407        0.043204        0.10682        	0.081017        	
0.207339        0.531314        0.201115        0.144023        0.137418        0.046428        	
0.062274        0.118929        0.049903        0.062352        0.275537        0.304709        	
0.399102        0.299944        0.479111        0.120007        0.388141        0.349341        	
0.632301        0.899053        1.35651        	2.10922        	0.897559        0.279691        	
0.934744        0.928293        0.48697        	0.124517        0.388997        0.064589        	
0.052096        0.074739        0.06333        	0.074754        0.069535        0.098179        	
0.136918        0.125633        0.107797        0.295167        0.288474        0.078273        	
0.090334        0.096941        0.072013        0.072022        0.094721        0.086536        	
0.314068        0.09024        	0.093889        0.04928        	0.091927        0.08108        	
0.039359        0.018399        0.008992        0.039678        0.034436        0.044408        	
0.168195        0.280247        0.059519        0.079622        0.088277        0.072633        	
0.070539        0.087143        0.099387        0.182244        0.13988        	0.42198        	
0.417049        0.414144        0.234302        0.219315        0.162743        0.198993        	
0.779377        2.35863        	1.11758        	2.34682        	0.92993        	0.451152        	
0.84068        	0.381828        0.470558        0.346813        0.195727        0.090251        	
0.043191        0.032815        0.094702        0.064304        0.067679        0.073472        	
0.081727        0.081964        0.099063        0.17387        	0.124268        0.181012        	
0.075702        0.019765        0.026846        0.100987        0.057569        0.102052        	
0.064978        0.074939        0.061742        0.068075        0.084432        0.084995        
0.057111        0.004291        0.006263        0.019324        0.01635        	0.033026        	
0.075787        0.079404        0.162243        0.03825        	0.039807        0.081081        	
0.074983        0.056221        0.062298        0.095707        0.319044        0.542189        	
0.756566        0.550974        0.141069        0.672353        0.139164        0.10873        	
1.06014        	2.41947        	5.9638        	2.71306        	1.38461        	0.917554        	
1.38034        	2.11844        	0.440653        0.876353        0.295874        0.057204        	
0.01578        	0.040163        0.027675        0.057417        0.133607        0.081341        	
0.092705        0.086269        0.078401       	0.065295       	0.09406        	0.059243        	
0.026434        0.020593        0.007314        0.058549       	0.057769        0.137626        	
0.195908        0.039532        0.0799        	0.207255        0.116706        0.091674        	
0.036893        0.006564        0.012074        0.0287        	0.030447        0.037968        	
0.055228        0.0299        	0.026968        0.008935       	0.042373        0.040022        	
0.025446        0.026854       	0.094735        0.073353       	0.183607        0.190153        	
0.451874        0.393157        0.187629        0.736622        0.191405        0.129485        	
3.10178        	4.9148        	3.72919        	2.13265        	1.22734        	0.566235        	
1.08884        	0.358749        0.257256        0.161787        0.213387        0.0485        	
0.047346        0.047657        0.079588        0.027495        0.047499        0.04567        	
0.045658        0.048553        0.092063        0.068284        0.071268        0.137698        	
0.079528        0.063967        0.032753        0.068267        0.040122        0.105537        	
0.06454        	0.063571        0.072713        0.095023        0.056879        0.054216        	
0.014583        0.004934        0.009829        0.007795        0.015729       	0.02172        	
0.010778        0.012186        0.007053        0.007867        0.008753        0.027752        	
0.0083        	0.024717        0.078739        0.090545        0.135984        0.252012        	
0.184971        0.17802        	0.408238        0.527371        0.241761       	0.426785        	
7.76936        	4.617        	2.40348        	1.47536        	0.553726       	0.343734        	
1.01435        	0.394341        0.181115        0.187738        0.056556        0.04091        	
0.103109        0.209572        0.028216        0.009989        0.023276        0.012827        	
0.006        	0.028838        0.049951        0.087765        0.103309        0.394611        	
0.272744        0.100117        0.192849        0.074223        0.054072       	0.065815        	
0.070772        0.044667        0.063049        0.066441        0.104091        0.122193        	
0.038573        0.005301        0.006347        0.008731        0.00622       	0.012177        	
0.018259        0.012052        0.006197        0.010061        0.012142        0.01287        	
0.006938        0.009056        0.018501        0.196066        0.170672        0.160517        	
0.127246        0.190537        0.513991       	0.311494        0.521222       	0.392839        	
1.70241        	1.305        	0.514734        1.16974        	0.574972        0.869229        	
0.468002        0.234664        0.165219        0.106118        0.056173        0.08636        	
0.056484        0.070354        0.040285        0.051183        0.028749        0.009111        	
0.012703        0.008716        0.013318        0.081071        0.054589        0.225497        	
0.259114        0.101326        0.110236        0.065146        0.061294        0.037301        	
0.039084        0.050218        0.022723        0.018243        0.080772        0.073148        	
0.015249        0.003636        0.009754        0.008197        0.004742        0.016262        
0.02517        	0.005771        0.004294        0.00546        	0.006204        0.006957        	
0.008486        0.010247        0.068039        0.221546        0.362242        0.245801        	
0.136571        0.220667        0.360723        0.412171        0.472555        0.390941        	
2.13074        	0.464472        0.244723        0.954856        0.347141        0.803887        	
0.453533        0.188557        0.620573        0.445637        0.058534        0.175067        	
0.037545        0.054324        0.095681        0.04255        	0.013105        0.011927        	
0.011483        0.020316        0.022481        0.142856        0.080144        0.238881        	
0.052884        0.06397        	0.101781        0.02162        	0.056448        0.090206        	
0.024222        0.018427        0.012357        0.01522        	0.031152        0.017851        	
0.009136        0.003842        0.023748        0.013309        0.003033        0.003969        	
0.015531        0.018846        0.006035        0.005866        0.00688        	0.00848        	
0.004681        0.01037        	0.141674        0.317675        1.03439        	0.600756        	
0.482827        0.819408        0.300304        0.335605        0.64013        	0.938427        	
0.371712        0.733941        0.211423        0.404825        0.360448       	0.359086        	
0.290065        0.262591        0.245752        0.143171        0.117183       	0.099806        	
0.04189        	0.106717        0.050424        0.048593        0.017269       	0.026303        	
0.01978        	0.010777        0.018342        0.031808        0.02896        	0.086645        	
0.032895        0.053226        0.053758        0.066139        0.040248       	0.029644        	
0.011859        0.021326        0.009276        0.005963        0.013183        0.018223        	
0.021617        0.015027        0.015405        0.016491        0.003712        0.013544        	
0.023201        0.020413        0.030594        0.004814        0.008126        0.020285        	
0.020674        0.034535        0.096213        0.173626        0.709564        0.340584        	
0.263671        0.600195        0.722212        1.05868        	0.797379        1.20655        	
0.364408        0.401107        0.135304        0.742703        0.273121        0.563512        	
0.128266        0.257332        0.42196        	0.415205        0.153647        0.04458        	
0.041385        0.092133        0.055289        0.095564        0.040151        0.028328        	
0.038944        0.012953        0.012127        0.019267        0.028559        0.044118        	
0.033488        0.050705        0.036369        0.070792        0.025996        0.075598        
0.031365        0.019524        0.004632        0.010627       	0.009313        0.030326        	
0.010281        0.010389        0.019983        0.004471       	0.011215        0.015914        	
0.023969        0.033959        0.028226        0.01749        	0.005438        0.014469        	
0.045522        0.060959        0.134421        0.374832       	0.419492        0.342488        	
0.13882        	0.759532        1.81177        	1.08914        	0.388958        1.51708        	
0.584396        0.413933        0.21229        	0.586517       	0.173235        0.194875        	
0.172373        0.085195        0.162349        0.277187        0.322674        0.058484        	
0.056545        0.051574        0.11568        	0.090387        0.096298       	0.075159        	
0.093969        0.024466        0.04364        	0.013893        0.011768       	0.023776        	
0.062456        0.028043        0.010305       	0.006751        0.01915        	0.071975        	
0.041372        0.023385        0.012438        0.01907        	0.006832       	0.011746        	
0.017512        0.028707        0.013054        0.014134        0.033575        0.043449        	
0.037965        0.023683        0.031549        0.021341        0.006437        0.016613        	
0.060878        0.130807        0.58503        	0.462886        1.49054        	0.740353        	
0.186352        0.231641        0.426055        0.425169        0.356675        0.894577        	
0.559626        0.335835        0.105267        0.552586        0.13675        	0.101494        	
0.069291        0.055272        0.077246        0.191381        0.077412        0.098772        	
0.126577        0.043956        0.187495        0.12017        	0.130582        0.093815        
0.055088        0.031798        0.022611        0.020149        0.010709        0.015813        	
0.041821        0.034695        0.01087        	0.01223        	0.010515        0.031317        	
0.025469        0.007513        0.00938        	0.022244        0.011952        0.023627        	
0.017652        0.023887        0.060262        0.028079        0.055069        0.062929        	
0.038683        0.029301        0.057448        0.021388        0.062284        0.072433        	
0.139635        0.263893        0.538012        0.666707        1.72019        	2.47704        	
1.21271        	0.93732        	0.713766        0.546371        0.286585        0.745908        	
1.30617        	1.43339        	0.328941        0.178337        0.10907        	0.033872        	
0.023117        0.051746        0.195444        0.073146        0.08158        	0.086263        	
0.141281        0.078352        0.107535        0.04812        	0.054691        0.12866        	
0.061164        0.030582        0.070871        0.027467        0.026373        0.044983        	
0.016653        0.017568        0.008712        0.047945        0.020616        0.013738        	
0.012755        0.011269        0.006655        0.012616        0.019275        0.045061        	
0.100028        0.037066        0.029163        0.041515        0.034422        0.065443        	
0.049622        0.096191        0.051664        0.100254        0.072789        0.043442        	
0.08725        	0.147305        0.380918        0.4713        	0.985606        3.95406        	
0.900935        2.23805        	1.7633        	1.23895        	0.940876        0.949925        	
2.20937        	1.63818        	0.849642        0.352709        0.180568        0.03348        	
0.024418        0.021412        0.127077        0.082217        0.121167        0.194481        	
0.14461        	0.094649        0.112668        0.09325        	0.061416        0.193546        	
0.031644        0.026318        0.026632        0.032875        0.016995        0.006577        	
0.015282        0.013106        0.010125        0.012745        0.030288        0.014739        	
0.015909        0.048522        0.043826        0.051799        0.022467        0.059105        	
0.088797        0.0809        	0.135009        0.074        	0.068734        0.052773        	
0.076975        0.062084        0.167909        0.204622        0.105146        0.486726        	
0.134238        0.132606        0.137079        0.827541        1.10682        	1.35569        	
3.88191        	2.61542        	2.52138        	5.84935        	2.01236        	1.18993        	
3.40955        	0.6638        	1.06263        	0.220405        0.107497        0.078525        	
0.07859        	0.083427        0.083543        0.082102        0.244002        0.437667        
0.123675        0.121642        0.242394        0.108989        0.075438        0.374809        	
0.047067        0.036873        0.012026        0.01313        	0.007789        0.007051        	
0.005239        0.003969        0.007034        0.021771        0.040991        0.058062        	
0.126757        0.079266        0.064114        0.118017        0.118757        0.162358        	
0.161277        0.111223        0.286204        0.182781        0.144428        0.082604        	
0.066302        0.050135        0.179408        0.179804        0.102163        0.265335        	
0.320176        0.226607        0.291405        0.724906        1.89788        	2.0013        	
2.9398        	1.37112        	1.95651        	3.03187        	2.57657        	3.50885        	
4.70159        	0.676191        0.290414        0.416545        0.241501        0.076841        	
0.176839        0.124264        0.0994        	0.24561        	0.247302        0.433379        	
0.244435        0.186356        0.242763        0.095721        0.13723        	0.30503        	
0.11212        	0.084644        0.022322        0.036896        0.011265        0.00913        	
0.017573        0.015345        0.006926        0.0552        	0.134818        0.215677        	
0.090374        0.086273        0.101386        0.274069        0.157513        0.097486        	
0.169369        0.333038        0.512702        0.303072        0.19506        	0.119037        	
0.152425        0.044856        0.110643        0.147648        0.142171        0.602935        	
0.177149        0.276772        1.59164        	1.4814        	4.98088        	1.46708        	
1.01573        	4.18133        	6.82962        	4.91487        	5.94875        	2.99901        	
3.23094        	1.28553        	0.915831        0.663109        0.426218        0.199739        
0.293674        0.315796        0.110534        0.364457        0.324051        0.383501        	
0.258592        0.144705        0.09687        	0.827859        0.204823        0.545929        	
0.314338        0.076743        0.057008        0.0193        	0.003886        0.005066        	
0.011137        0.024398        0.028077        0.040366        0.136008        0.162463        	
0.398573        0.223921        0.27803        	0.222076        0.133925        0.152259        	
0.136449        0.611456        0.801238        0.364162        0.259668        0.119528        	
0.106579        0.08488        	0.131248        0.168967        0.076498        0.229202        	
0.101162        0.509756        1.49025        	1.49282        	4.12652        	5.25457        	
2.74702        	3.74096        	6.71635        	2.60024        	1.37872        	3.13391        	
3.01625        	2.08367        	1.3281        	0.650718        0.728521        0.294194        	
0.30516        	0.195622        0.268915        1.0857        	0.929126        0.362828        	
0.231344        0.781961        0.122638        0.409351        0.909853        0.709418        	
0.596793        0.407693        0.285959        0.037048        0.025151        0.025942        	
0.021528        0.025617        0.029495        0.141822        0.259155        0.425122        	
0.401269        0.393711        0.506696        1.0096        	0.1344        	0.276922        	
0.271083        1.01203        	0.636265        0.343927        0.457694        0.23734        	
0.203327        0.116095        0.116142        0.252505        0.064491        0.239248        	
0.437118        0.466673        4.23354        	4.59969        	4.99912        	6.64525        	
7.6599        	3.11505        	4.9699        	2.96337        	0.754992       	4.28195        	
9.3233        	1.19897        	1.67198        	0.999094        0.911752        0.46011        	
0.392429        0.709544        0.483141       	0.865273        1.02108        	0.510971        	
0.754754        1.99436        	1.00799        	0.992961        1.14916        	1.73648        	
0.762121        0.610068        0.576079        0.073396        0.158132        0.045782        	
0.033176        0.074586        0.104044        0.125198        0.267266        1.23502        	
0.41854        	0.801302        0.627336        0.563618        1.0703        	1.11161        	
1.5617        	1.49418        	0.739645        0.872967        0.991838        1.1014        	
0.21113        	0.082331        0.139847        0.057329        0.231826        0.274036        	
0.559368        0.874351        2.46898        	4.8714        	6.73537        	3.42234        	
11.184        	9.30186        	4.99577        	4.89917        	3.34106        	6.60942        	
3.61214        	2.70737        	1.81914        	0.756285        0.537676        1.28914        	
0.769382        0.761733        0.879781        1.29308        	1.38689        	0.856694        	
0.329569        1.69114        	4.01964        	1.48014        	0.977246        0.728009        	
1.21435        	0.945642  /       	
PERMZ
0.024332        0.154458        0.100429        0.135253        0.099626        0.421167        	
0.505603        0.221827        0.597448        1.00441        	1.09732        	3.69578        	
4.14089        	3.57013        	4.07894        	4.61053        	0.742399        0.38064        	
0.208979        0.228813        0.101246        0.200426        0.588483        0.524571        	
0.623512        1.39762        	2.13519        	3.65423        	2.6139        	2.53527        	
3.62892        	5.62756        	11.9479        	4.67443        	12.8273        	10.1322        	
5.45852        	3.8094        	0.731505        0.915195        1.18044        	1.48613        	
0.455127        1.42517        	0.879296        1.60984        	1.24756        	0.58074        	
2.76374        	1.63065        	3.77532        	4.03481        	3.72612        	1.50641        	
2.37755        	1.42943        	1.47919        	0.355408        0.304512        0.401924        	
0.147726        0.188266        0.205307        0.166803        0.291347        0.559888        	
0.79874        	0.793997        0.208633        1.64934        	6.89615        	29.1636        	
20.7668        	5.22597        	5.53109        	5.31561        	1.63802        	0.815941        	
0.419724        0.326511        0.418504        0.325375        0.98863        	0.592437        	
0.618448        0.485211        1.8398        	1.50914        	4.72934        	4.43763        	
3.38293        	7.9657        	13.7693        	7.36123        	8.54789        	2.97783        	
7.38158        	3.63148        	1.78202        	1.89985        	1.70829        	3.3607        	
1.68679        	1.53088        	2.39421        	7.73708        	2.11585        	3.04436        	
1.34116        	2.68594        	6.57614        	5.57227        	1.20423        	0.938187        	
1.54881        	1.19278        	1.99315        	0.56351        	0.945454        0.731548        	
0.620571        0.63599        	0.374362        1.03527        	0.735916        0.392967        	
1.7939        	0.985463        1.0195        	0.891352        10.3886        	23.6572        	
27.0175        	7.05892        	7.98235        	3.25489        	1.74009        	0.996775        	
0.429099        1.28694        	1.94534        	1.09334        	1.14284        	1.1354        	
1.34318        	1.89908        	0.972198        2.35069        	10.0534        	7.1946        	
11.4829        	9.42967        	15.7182        	6.11131        	4.22349        	1.46183        	
6.95007        	5.7542        	4.80518        	4.02958        	2.10001        	2.85204        	
3.36796        	3.52033        	3.13384        	11.7714        	6.35537        	2.26459        	
2.65492        	1.85803        	6.91497        	3.5968        	5.85242        	3.96518        	
2.88601        	0.764366        0.885358        0.894516        3.14131        	2.81548        	
2.28078        	1.33326        	4.53409        	4.97508        	2.2236        	3.84524        	
6.33884        	1.83626        	2.15053        	3.76155        	15.055        	38.0407        	
18.3089        	18.8918        	16.4823        	10.2222        	2.8077        	1.82502        	
2.53756        	2.19926        	0.727777        1.37023        	1.19392        	0.747192        	
1.69036        	2.28767        	3.53085        	12.2947        	15.9443        	9.03724        	
12.7964        	9.4407        	10.3025        	4.702        	8.58551        	4.17795        	
4.98752        	2.28327        	1.77287        	6.75357        	5.90923        	2.95505        	
12.076        	6.52717        	3.84206        	5.21305        	6.2018        	8.36147        	
24.6636        	11.0197        	3.58944        	6.79691        	8.98147        	4.12826        	
5.61436        	2.9553        	3.52666        	1.09914        	2.06052        	5.04073        	
5.07821        	3.64379        	4.91656        	2.29739        	0.973385        3.09922        	
1.61864        	4.50114        	2.27988        	7.58608        	18.1691        	22.2581        	
21.7501        	16.709        	30.8754        	13.1919        	2.75965        	1.87831        	
4.15642        	1.61768        	0.892908        0.84625        	2.61606        	2.98494        	
1.94247        	4.52373        	2.15564        	3.47909        	19.1537        	14.6819        	
31.5632        	30.8697        	18.5544        	4.32322        	5.68233        	4.49425        	
4.26776        	1.21257        	5.22447        	7.07793        	3.56085        	5.64386        	
2.96094        	5.96981        	1.99973        	3.4263        	19.8077        	35.8592        	
19.243        	5.05705        	7.04744        	6.61727        	2.92959        	3.8394        	
3.71063        	5.62518        	1.42025        	4.09232        	3.40937        	7.58296        	
1.95857        	1.43655        	1.41289        	1.53521        	3.72352        	1.0502        	
2.63704        	5.86621        	6.64069        	8.01959        	10.4431        	25.2095        	
28.2681        	21.4354        	17.3227        	9.63822        	2.32025        	2.62908        	
6.14597        	1.81018        	0.888852        0.557937        2.08132        	2.97378        	
3.9921        	5.2548        	4.30777        	13.0817        	9.87862        	15.3012        	
11.8909        	15.3894        	64.5202        	11.1635        	8.39593        	6.69447        	
4.91046        	3.72149        	3.6119        	9.67133        	6.41468        	7.86254        	
4.06857        	1.94727        	4.30129        	6.35617        	9.90374        	22.2252        	
26.3851        	7.74449        	4.90643        	8.73455        	5.8879        	7.99928        	
3.18722        	1.55304        	2.22338        	3.00161        	1.91347        	0.544466        	
1.48897        	0.892285        0.496921        0.964297        1.65949        	2.74846        	
6.46474        	9.49342        	11.7617        	6.06411        	9.16852        	30.9685        	
25.509        	10.3371        	8.05282        	6.1641        	3.44012        	7.2195        	
3.13366        	2.5322        	0.876828        1.87314        	2.29575        	3.75339        	
2.98038        	7.04699        	7.69404        	13.2743        	11.5185        	7.12905        	
5.60968        	20.9894        	25.2615        	20.8526        	9.2033        	5.86897        	
1.57054        	5.29722        	4.37372        	13.0568        	3.47215        	3.10386        	
1.5496        	4.1238        	5.27066        	10.8433        	10.6002        	10.0085        	
11.7067        	4.85077        	2.0994        	3.93133        	6.03795        	4.27508        	
2.91149        	2.08012        	1.51269        	0.857817        0.872231        3.32393        	
1.13275        	1.84763        	0.737703        1.81238        	1.07497        	2.54897        	
3.29995        	1.70976        	1.90845        	8.4806        	9.54832        	29.966        	
14.9634        	11.8045        	13.0447        	4.47897        	3.49963        	8.9824        	
3.62377        	3.10953        	3.56332        	5.42342        	3.43629        	4.31018        	
2.45657        	2.21044        	6.14072        	6.26454        	11.4959        	10.5758        	
6.34497        	20.1746        	13.4505        	17.8174        	16.3942        	7.14687        	
6.24503        	7.88753        	11.3095        	5.394        	3.33619        	2.2077        	
1.40201        	3.15409        	2.7101        	3.42483        	10.8823        	6.57128        	
5.2958        	2.87186        	2.08769        	6.67326        	12.2855        	4.14846        	
4.42955        	1.62355        	1.35847        	1.42767        	1.61015        	1.80451        	
1.07268        	0.818337        1.34105        	2.03342        	1.14482        	4.4085        	
1.53566        	1.15445        	2.12107        	4.96879        	5.12187        	12.9481        	
87.0144        	29.7397        	15.0767        	23.7587        	16.5956        	10.3375        	
5.01346        	1.81432        	2.21602        	2.62766        	5.85577        	6.74692        	
14.6267        	9.75329        	6.51135        	5.42998        	8.71761        	13.6714        	
11.1845        	41.7932        	18.3965        	22.1037        	18.1271        	13.987        	
2.71612        	4.22458        	2.13075        	2.60234        	2.27362        	5.29879        	
3.87391        	4.34485        	3.56734        	3.19664        	8.49907        	4.42823        	
8.48272        	6.55021        	2.04835        	5.09192        	1.57178        	1.87356        	
1.32547        	1.08743        	0.945129        0.975726        0.987356        1.38234        	
0.994848        3.1081        	2.01499        	1.18733        	1.09472        	1.97033        	
0.965365        1.51101        	3.27        	3.02895        	9.03353        	27.7852        	
97.0372        	55.1423        	21.4056        	13.6889        	24.289        	19.4481        	
10.702        	4.50626        	3.93159        	6.19571        	8.16189        	19.1437        	
26.8278        	33.2293        	14.4816        	19.8584        	33.4859        	11.5022        	
73.5705        	30.4232        	81.7847        	41.1946        	30.2069        	5.68        	
1.17154        	1.28257        	2.41643        	2.40858        	1.71774        	0.83042        	
9.48452        	4.51612        	1.96207        	7.11937        	9.85022        	9.12055        	
11.4535        	11.0685        	3.40356        	5.78387        	2.97641        	1.13549        	
1.08684        	1.1736        	0.671709        0.640696        0.998203        2.71635        	
2.70241        	2.12778        	1.53302        	3.23893        	4.21186        	5.33922        	
1.37911        	2.30949        	1.57989        	2.79757        	3.66206        	7.0802        	
41.1927        	25.6457        	13.5928        	17.8869        	13.1973        	21.6024        	
35.0431        	15.0451        	16.9186        	16.5906        	5.91322        	17.562        	
21.3138        	26.4317        	37.726        	36.9049        	46.6482        	35.3245        	
38.6362        	22.2128        	101.978        	160.638        	97.1267        	21.7842        	
0.709203        0.326156        3.38777        	2.35632        	2.7811        	2.70746        	
5.82136        	10.8253        	3.2888        	6.60972        	6.38928        	14.9487        	
15.7016        	12.8171        	5.5298        	3.23888        	4.30591        	1.49808        	
0.839997        1.44882        	1.28139        	0.378873        1.08598        	3.5958        	
4.94048        	2.64813        	5.33598        	2.32248        	1.59602        	4.46495        	
0.517559        0.641261        1.3914        	4.17838        	4.07188        	2.93587        	
10.6015        	18.1064        	32.783        	25.6424        	32.2551        	33.7398        	
6.58439        	13.9245        	17.1544        	26.4484        	6.25523        	8.00375        	
7.14037        	6.55471        	35.6143        	29.4062        	215.833        	110.892        	
45.2914        	172.584        	358.51        	253.889        	50.8336        	22.2205        	
0.522606        2.03057        	0.978581        3.19975        	2.20565        	7.22104        	
8.5174        	11.8222        	6.85736        	12.3096        	7.86803        	16.8246        	
7.29594        	10.5195        	16.7604        	5.74349        	4.24358        	2.12868        	
2.18125        	3.06657        	1.31328        	1.52792        	0.898457        1.61145        	
1.32075        	3.22748        	2.98422        	2.92573        	2.59548        	2.33762        	
1.92533        	0.701333        2.84764        	2.05482        	2.19638        	8.92588        	
7.89362        	11.5261        	36.3646        	39.9106        	41.1419        	50.7945        	
31.6174        	28.1561        	7.89241        	12.2961        	10.6397        	4.38385        	
1.52828        	6.37683        	21.4081        	39.7425        	145.531        	119.552        	
32.4749        	82.2231        	132.387        	25.0888        	65.6148        	38.2207        	
1.3782        	1.96097        	0.897933        0.928126        2.68586        	12.57        	
17.2615        	11.4489        	18.8008        	10.5935        	9.00133        	5.59213        	
7.70332        	8.88714        	12.6812        	15.6359        	13.9893        	2.85456        	
6.7311        	10.2962        	7.72857        	5.57846        	2.10156        	1.68295        	
3.4381        	3.57851        	1.80519        	1.89836        	1.71585        	3.94966        	
5.66786        	1.38082        	3.32619        	4.89897        	5.65579        	6.45132        	
15.9945        	24.5565        	69.9595        	143.787        	57.771        	90.35        	
24.186        	58.7853        	55.5093        	40.7281        	19.4937        	7.09213        	
6.36812        	19.4526        	24.6226        	26.2377        	35.9511        	46.5404        	
82.6343        	28.3269        	68.5808        	38.0473        	148.644        	86.4866        	
1.49177        	2.97798        	3.01602        	2.9459        	3.00597        	10.0448        	
22.6603        	48.0746        	21.4469        	15.6711        	25.7663        	10.0955        	
8.76905        	19.4124        	28.8071        	12.4207        	28.3808        	6.59943        	
22.4067        	26.0667        	5.80445        	4.04582        	7.47585        	3.38997        	
11.3484        	9.41507        	8.15699        	7.22018        	1.43604        	5.65732        	
6.8948        	3.18282        	6.80168        	5.07391        	3.94776        	4.12175        	
5.58413        	6.56073        	34.5984        	231.19        	44.2559        	53.4494        	
153.833        	90.6012        	32.6382        	31.657        	9.94825        	5.96802        	
9.00946        	24.3068        	24.5225        	30.3246        	12.6688        	28.6139        	
22.2433        	34.8429        	34.3015        	30.2691        	73.059        	47.2474        	
2.61543        	3.25261        	2.02434        	2.23252        	0.891026        5.78803        	
11.3626        	27.5289        	17.1476        	31.3681        	55.64        	56.1858        	
16.4492        	28.9797        	55.4053        	34.3428        	12.5334        	19.8006        	
63.2467        	34.5646        	58.9952        	9.0357        	10.4195        	8.43551        	
14.5188        	36.4569        	58.0926        	8.68435        	5.52473        	4.54405        	
9.29659        	7.72689        	12.678        	11.6958        	9.85123        	6.97743        	
10.3039        	14.4166        	62.5946        	58.7667        	147.534        	78.0844        	
81.9314        	67.4196        	24.0323        	19.3902        	25.1123        	8.38532        	
18.6161        	37.5649        	49.7823        	20.267        	47.48        	70.233        	
61.901        	16.1008        	51.0149        	146.899        	113.705        	23.6481        	
3.45267        	3.14209        	1.07899        	1.1029        	1.14003        	3.66969        	
10.7701        	14.1618        	28.5262        	22.211        	22.1084        	22.532        	
93.2312        	22.2314        	59.5084        	98.1765        	39.8032        	62.2058        	
52.5339        	91.7275        	57.2352        	97.7695        	101.033        	36.0871        	
53.5398        	90.923        	64.3046        	14.8623        	4.85966        	9.31479        	
8.21075        	7.79464        	30.0506        	11.4573        	12.8853        	16.9639        	
11.3084        	7.06084        	21.539        	36.2921        	76.5008        	52.6988        	
92.7074        	52.8799        	38.6        	11.7121        	10.2891        	5.9669        	
7.79356        	30.6687        	41.4132        	94.9714        	64.4405        	172.093        	
106.567        	56.8954        	62.0628        	34.1619        	19.0672        	24.4076        	
11.6233        	11.3206        	1.46056        	0.994502        0.729132        2.61234        	
7.56203        	11.5879        	16.9664        	11.4916        	23.5207        	49.132        	
62.9418        	62.8016        	75.4035        	76.9921        	36.3522        	45.1959        	
84.6777        	213.332        	349.824        	219.384        	159.492        	151.357        	
67.1489        	75.1804        	40.7779        	28.2036        	6.643        	13.0785        	
23.0204        	19.1843        	18.1675        	23.3602        	12.5017        	14.1155        	
13.4965        	11.4776        	15.4228        	53.6297        	77.2111        	77.8189        	
152.524        	79.6818        	71.2944        	18.8656        	11.1626        	5.67987        	
8.5391        	24.673        	77.4723        	119.169        	64.2085        	221.807        	
294.115        	116.196        	94.5725        	27.8425        	20.0036        	28.862        	
15.4339        	15.4561        	7.30377        	2.15012        	1.75308        	5.31171        	
8.70217        	44.6236        	17.021        	18.3186        	32.5817        	75.0425        	
88.8172        	61.8651        	188.727        	56.615        	13.144        	37.5946        	
96.6299        	101.638        	252.859        	368.045        	1005.53        	426.211        	
159.714        	138.529        	11.0108        	10.2555        	14.6768        	18.2986        	
44.8207        	25.0683        	23.7383        	30.1865        	9.70648        	31.854        	
32.6692        	14.0297        	10.7393        	43.5152        	32.0068        	155.755        	
77.5816        	124.619        	33.3813        	10.6185        	11.1833        	8.78087        	
12.3458        	30.3539        	44.4873        	42.6672        	159.362        	181.185        	
287.691        	114.113        	72.2078        	46.2634        	45.2137        	40.824        	
19.9414        	16.8773        	16.3071        	2.27291        	1.03809        	4.89937        	
9.92373        	30.7791        	9.24784        	3.52875        	8.97531        	183.088        	
104.026        	138.247        	88.7289        	44.4246        	54.33        	62.3836        	
118.495        	219.508        	471.398        	718.252        	574.18        	415.868        	
428.421        	172.153        	63.3764        	57.7608        	27.5757        	38.5078        	
19.3724        	11.8819        	32.3531        	21.2832        	12.3832        	40.084        	
83.7947        	28.287        	19.2631        	19.4013        	21.3457        	33.9993        	
11.2274        	50.0266        	54.7352        	17.4342        	26.4944        	15.0681        	
39.7792        	26.8818        	22.7059        	37.7226        	229.119        	116.077        	
136.46        	39.3582        	74.1472        	170.566        	41.7788        	11.5402        	
106.801        	26.7939        	13.8189        	8.9112        	4.51233        	7.41054        	
11.1479        	8.31715        	6.53412        	35.8264        	59.9659        	150.465        	
139.263        	138.343        	60.66        	42.84        	46.7413        	85.5853        	
75.6362        	266.642        	460.561        	1083.94        	530.036        	219.5        	
392.457        	256.076        	74.6786        	37.6632        	30.9535        	41.0307        	
23.6079        	9.69276        	2.97696        	4.46358        	5.01458        	5.35464        	
24.5101        	14.2158        	12.1127        	10.2302        	7.19721        	36.3918        	
41.1544        	38.994        	26.7922        	44.523        	70.2627        	42.3826        	
10.8852        	23.9331        	22.9745        	23.9154        	44.9227        	103.049        	
43.4241        	56.1441        	160.311        	114.696        	112.607        	15.2686        	
122.967        	64.8553        	40.976        	9.451        	11.1849        	4.36156        	
3.77884        	8.01748        	27.7431        	45.2244        	163.515        	332.746        	
47.1584        	35.9921        	33.5774        	48.3        	159.257        	85.0682        	
152.914        	177.894        	976.909        	496.515        	719.096        	703.654        	
438.228        	476.781        	254.039        	241.044        	83.1831        	25.0107        	
17.7016        	23.7454        	2.86514        	6.03563        	14.0696        	11.0718        	
5.77406        	8.22189        	3.51887        	4.93834        	10.9954        	31.2367        	
36.2395        	68.9358        	39.4782        	88.0386        	43.3101        	24.0861        	
16.9787        	30.0674        	20.936        	13.1269        	37.6761        	48.7691        	
42.1427        	27.0578        	170.734        	129.398        	135.024        	150.975        	
96.3326        	48.065        	64.9132        	24.935        	12.3486        	11.1765        	
5.16457        	10.7946        	20.0697        	41.2408        	102.783        	173.525        	
72.9876        	34.2019        	42.0143        	35.7903        	94.1626        	99.8574        	
124.138        	272.246        	833.897        	1478.79        	1377.73        	1402.4        	
1747.71        	465.25        	133.235        	122.704        	156.432        	86.5432        	
10.697        	86.6974        	14.5525        	6.3637        	2.6449        	3.05754        	
9.60772        	7.71347        	6.48        	4.73701        	11.4121        	36.2666        	
46.4306        	78.2143        	111.439        	23.0653        	37.4154        	35.9262        	
27.8144        	33.184        	50.0811        	77.6853        	47.2405        	80.4269        	
74.5486        	82.2269        	174.187        	180.133        	193.696        	311.401        	
115.929        	12.8931        	8.38349        	13.998        	31.6018        	39.7364        	
16.4513        	9.36234        	37.7495        	63.2317        	204.041        	171.674        	
193.762        	133.36        	87.7398        	71.6592        	88.2689        	148.967        	
135.111        	144.345        	474.576        	2077.22        	1415.55        	1796.75        	
1051.5        	841.006        	169.6        	216.498        	190.402        	32.2763        	
22.6276        	12.3859        	8.33243        	7.42591        	3.16527        	3.16926        	
25.4958        	10.3689        	17.4735        	9.13871        	41.662        	57.2179        	
69.4714        	101.787        	146.194        	46.9586        	97.3988        	54.6587        	
23.0251        	33.4376        	58.7625        	81.765        	119.706        	43.1902        	
45.2175        	142.605        	182.711        	129.419        	96.3264        	77.4356        	
11.2402        	15.129        	14.6766        	10.7423        	37.412        	80.1178        	
21.6251        	7.57786        	11.1463        	39.5447        	322.343        	106.595        	
140.177        	92.4384        	74.405        	98.0564        	94.5107        	222.556        	
123.314        	462.942        	402.935        	805.54        	787.987        	670.74        	
611.271        	114.075        	55.7344        	131.15        	332.046        	189.37        	
126.079        	32.6896        	7.30264        	10.0818        	13.6396        	7.27271        	
10.6723        	6.04657        	16.1401        	31.9676        	34.6217        	17.6533        	
20.3843        	36.4248        	140.62        	128.609        	80.1342        	29.4563        	
24.1616        	29.9256        	141.7        	72.2068        	65.5986        	96.3723        	
171.578        	122.344        	86.3789        	117.261        	71.9688        	64.2144        	
18.405        	29.2457        	11.9807        	25.865        	13.539        	25.3362        	
37.6759        	44.4742        	31.8179        	27.3723        	118.451        	305.289        	
105.45        	54.5748        	167.151        	121.415        	164.1        	324.089        	
181.683        	91.5123        	127.144        	197.423        	503.379        	357.15        	
214.577        	109.447        	55.8626        	210.506        	130.376        	123.537        	
125.472        	31.0155        	18.3467        	24.9145        	15.4846        	12.7761        	
19.0096        	10.4195        	26.6715        	16.1112        	42.6074        	15.3867        	
20.5028        	14.8153        	15.1298        	16.1058        	27.4685        	18.7155        	
31.3378        	26.8341        	33.0775        	46.2437        	123.922        	133.326        	
97.5406        	83.3284        	69.1183        	135.636        	199.725        	57.6148        	
10.9853        	11.3127        	6.33595        	5.72255        	3.12429        	7.90473        	
23.1252        	26.6064        	23.051        	51.9964        	262.869        	157.865        	
74.8366        	54.983        	107.825        	266.395        	193.427        	261.561        	
123.402        	74.8939        	106.103        	335.171        	304.486        	225.686        	
212.341        	111.021        	39.4117        	29.1235        	74.446        	62.2067        	
44.849        	46.3272        	18.5678        	8.60317        	4.01113        	12.0829        	
18.4568        	17.8462        	22.5771        	41.9541        	18.9608        	25.4874        	
33.7671        	24.6977        	18.5159        	27.0991        	80.8888        	34.9987        	
29.8242        	20.497        	43.0449        	31.8283        	79.5487        	104.174        	
162.39        	139.465        	40.254        	34.9428        	40.6506        	37.9453        	
14.9439        	5.83779        	6.33406        	10.0679        	3.77881        	3.75072        	
25.3689        	24.8011        	67.4039        	48.2061        	125.329        	68.9628        	
88.4106        	89.2617        	47.4546        	34.7547        	38.493        	58.7501        	
45.4241        	53.285        	80.9826        	107.518        	38.0364        	113.232        	
80.8545        	65.3398        	51.4743        	25.3946        	40.6795        	35.6542        	
31.6027        	54.7537        	44.847        	10.5845        	8.57931        	11.7499        	
21.7627        	33.882        	17.6539        	20.8378        	11.8728        	10.1761        	
53.7177        	31.5941        	15.7266        	29.6071        	23.3592        	45.4871        	
35.2932        	40.6045        	136.54        	128.616        	162.339        	82.7472        	
324.316        	140.835        	23.4439        	14.9952        	30.0492        	19.3592        	
4.12435        	3.78502        	12.7332        	12.548        	13.9196        	9.68878        	
13.0406        	24.9634        	22.669        	80.3099        	86.7844        	155.558        	
230.142        	191.702        	41.1485        	59.3897        	27.401        	27.4981        	
29.4551        	38.625        	34.6361        	59.3343        	62.2009        	121.608        	
50.4281        	25.4062        	80.0932        	47.4018        	63.7151        	62.3196        	
48.9288        	54.9998        	22.0487        	20.7727        	16.5979        	8.36712        	
43.0777        	33.5076        	22.6304        	31.4798        	17.5043        	19.1829        	
49.6433        	36.3714        	49.3106        	148.41        	77.245        	88.6273        	
98.5078        	228.521        	310.683        	175.163        	121.205        	194.529        	
462.063        	637.541        	40.4627        	28.6897        	19.2214        	11.577        	
5.5735        	4.304        	5.66887        	10.0969        	8.65445        	7.40144        	
17.1263        	14.9558        	107.154        	120.1        	66.3015        	45.4044        	
79.0131        	78.6943        	159.977        	57.704        	52.6496        	90.3091        	
232.239        	42.2233        	25.9954        	35.9548        	153.866        	120.756        	
108.384        	93.9062        	109.291        	85.9689        	40.6639        	27.7474        	
22.6384        	34.4566        	66.0726        	20.7354        	18.9222        	23.0152        	
33.4537        	41.6618        	19.9647        	61.8558        	34.651        	49.5941        	
58.3955        	42.4297        	42.2176        	111.425        	22.3863        	100.392        	
124.745        	77.2972        	133.778        	76.7693        	39.0767        	157.596        	
206.128        	130.502        	58.4454        	30.3852        	20.3912        	29.5581        	
6.70183        	4.40725        	3.57853        	2.72825        	7.38585        	7.37273        	
11.7957        	9.07495        	37.3268        	63.5928        	105.438        	145.069        	
117.995        	242.301        	145.672        	70.547        	43.867        	179.765        	
248.42        	29.9335        	27.5546        	63.5447        	83.7129        	104.553        	
61.5739        	87.117        	264.835        	92.7772        	85.1536        	70.3998        	
20.9336        	27.064        	31.8502        	22.8958        	27.5095        	26.0817        	
20.1704        	14.3427        	41.0862        	70.9852        	61.1211        	102.116        	
24.289        	62.6813        	121.102        	151.739        	68.6763        	115.285        	
86.3495        	50.1913        	43.9391        	70.6379        	67.2833        	54.6398        	
132.203        	74.9538        	48.2542        	50.3046        	160.808        	38.6838        	
3.06832        	1.8722        	2.07243        	1.77626        	3.14222        	11.275        	
21.0269        	30.8996        	17.2531        	55.3125        	86.9449        	172.428        	
227.548        	475.734        	62.9448        	121.054        	17.9455        	34.8858        	
82.8856        	51.836        	45.1515        	79.4229        	77.386        	55.9955        	
69.7955        	134.859        	270.533        	136.222        	77.8872        	88.3954        	
31.3767        	26.2676        	20.6953        	24.9349        	16.9129        	17.9316        	
40.0042        	44.9657        	28.1596        	48.233        	71.3591        	73.5854        	
53.7464        	254.472        	109.676        	33.8122        	52.6962        	64.54        	
182.418        	112.88        	95.379        	79.8759        	32.6349        	53.2665        	
55.9073        	104.742        	75.0364        	78.0823        	39.71        	27.4656        	
1.5695        	0.739569        1.25476        	1.40122        	3.90857        	14.0679        	
16.5928        	18.5865        	50.8181        	33.5773        	69.4383        	109.147        	
63.546        	77.4691        	129.873        	80.1326        	54.344        	41.4616        	
97.8407        	108.928        	111.655        	170.841        	71.0987        	22.0694        	
26.3348        	144.104        	181.45        	97.7311        	78.1481        	216.632        	
45.0618        	24.0171        	17.2314        	21.4967        	47.7998        	92.0814        	
102.418        	57.8523        	29.9065        	32.3874        	44.4914        	54.9816        	
160.939        	121.073        	67.1694        	15.6841        	120.562        	120.891        	
204.717        	85.9819        	54.3182        	56.5549        	112.63        	57.1922        	
74.7624        	105.31        	25.0968        	108.453        	101.046        	34.3511        	
1.76173        	0.588441        0.745163        2.73606        	2.89626        	4.33582        	
3.72386        	5.57189        	8.67328        	35.6509        	32.1888        	50.8309        	
28.1998        	22.6088        	85.3034        	44.9317        	38.8569        	66.6708        	
48.9937        	55.1421        	209.801        	171.891        	106.887        	69.8444        	
58.8785        	114.146        	672.453        	289.909        	364.534        	155.106        	
140.579        	64.6803        	20.8132        	10.5513        	18.0728        	102.667        	
123.824        	102.986        	103.618        	148.667        	45.824        	52.4273        	
55.3143        	119.766        	170.864        	39.3174        	53.1818        	87.2122        	
142.429        	84.528        	87.444        	24.805        	69.679        	77.0206        	
44.5041        	74.1335        	105.227        	72.1711        	20.9272        	21.1956        	
1.33763        	0.66687        	1.10949        	2.67338        	3.12021        	1.36287        	
1.18261        	3.85969        	9.24685        	12.0261        	32.786        	63.6566        	
13.4491        	28.7293        	46.5427        	35.1717        	25.8829        	19.1228        	
45.7        	62.1747        	130.314        	140.456        	171.203        	113.035        	
98.7651        	91.4448        	500.386        	202.282        	261.408        	97.1193        	
113.133        	42.7997        	24.6667        	4.08807        	11.1703        	75.4627        	
82.594        	45.0852        	67.7256        	112.471        	37.9775        	57.0713        	
84.549        	176.059        	180.225        	74.5515        	45.7324        	122.159        	
469.832        	135.911        	127.679        	88.8645        	92.9855        	99.3439        	
24.3931        	34.1372        	61.2408        	47.2323        	37.005        	34.6083        	
1.21871        	5.14738        	1.06233        	1.68052        	2.3815        	1.28434        	
1.92521        	1.96361        	5.99144        	63.1077        	21.9889        	9.73039        	
3.61471        	3.93622        	3.73844        	28.472        	26.8433        	18.9033        	
76.4529        	70.0503        	135.369        	259.155        	250.499        	157.233        	
137.317        	90.7503        	235.847        	168.017        	72.3594        	97.7121        	
129.521        	158.182        	42.2014        	10.9682        	9.54645        	38.3539        	
60.1531        	121.861        	60.7951        	143.023        	101.56        	32.8924        	
45.6337        	83.7016        	184.699        	127.829        	56.5617        	101.806        	
138.981        	323.226        	170.233        	26.0882        	98.521        	59.7005        	
31.7789        	138.648        	199.002        	42.0646        	21.9354        	71.6876        	
1.97389        	1.16963        	0.598233        1.10288        	0.660898        2.53761        	
2.3126        	3.7184        	7.22107        	13.0362        	31.118        	17.528        	
2.63648        	3.28508        	13.7235        	22.9823        	18.9852        	21.8319        	
46.0159        	90.1667        	128.436        	119.082        	137.242        	162.787        	
125.582        	114.631        	121.039        	121.972        	76.271        	91.0555        	
55.7245        	34.2568        	23.3805        	31.2874        	34.3952        	133.12        	
230.154        	77.0007        	171.524        	90.0811        	168.08        	282.489        	
313.145        	820.131        	377.941        	359.678        	171.426        	133.803        	
256.73        	292.649        	470.906        	41.933        	22.8658        	24.2487        	
23.4444        	28.6674        	51.5927        	62.6145        	61.5842        	75.4424        	
0.91568        	2.29725        	1.39957        	0.98633        	0.670051        1.69698        	
4.12877        	14.0436        	2.98403        	13.0106        	17.6607        	7.42585        	
2.43623        	3.37374        	6.77069        	16.1393        	14.9286        	12.3074        	
47.9762        	70.9485        	73.9506        	130.005        	111.954        	51.0601        	
118.033        	149.754        	67.5646        	164.126        	215.54        	25.9586        	
45.2703        	55.4021        	42.0845        	36.9271        	55.8583        	117.505        	
102.936        	337.902        	147.994        	468.937        	1321.16        	969.289        	
689.83        	1501.4        	1272.41        	484.958        	628.577        	636.511        	
364.485        	482.905        	152.768        	74.0761        	27.5718        	42.0368        	
24.9221        	8.90036        	27.1185        	22.2373        	36.0371        	21.1654        	
2.37516        	2.90984        	1.67145        	2.1889        	1.44795        	2.82676        	
5.91054        	11.4893        	7.78203        	10.5387        	5.64472        	3.77023        	
3.9977        	7.50585        	36.5399        	15.4603        	17.4435        	5.67211        	
6.33954        	29.8397        	51.3503        	61.2603        	34.8356        	23.0888        	
45.4362        	17.8978        	28.685        	84.6333        	100.205        	26.6823        	
18.8484        	40.976        	41.852        	39.0739        	52.2497        	101.042        	
148.777        	403.978        	217.198        	246.903        	1041.38        	1664.58        	
1323.86        	2867.21        	1096.97        	553.467        	705.309        	593.607        	
404.011        	567.107        	164.995        	99.3895        	90.7774        	64.716        	
29.5627        	12.7134        	4.67784        	5.29304        	17.43        	44.2659        	
2.54564        	1.22703        	2.08413        	1.73499        	1.79891        	6.67465        	
5.66407        	11.5839        	19.3185        	9.89414        	2.15357        	2.35263        	
7.76292        	11.3664        	31.3481        	14.3659        	21.7072        	12.7776        	
10.5734        	31.5433        	42.9252        	124.812        	74.6931        	38.8535        	
140.285        	42.9894        	35.3598        	82.7872        	51.3735        	27.7518        	
120.298        	69.4318        	87.4438        	89.6205        	88.8277        	202.339        	
531.06        	559.854        	559.982        	873.213        	1373.38        	1107.46        	
2142.83        	4020.41        	1342.66        	961.922        	961.115        	1508.97        	
1019.17        	698.349        	502.547        	167.598        	92.2491        	73.2861        	
57.6524        	20.0221        	3.69242        	10.1467        	12.7064        	10.196        	
3.91305        	1.45532        	2.64627        	2.72446        	2.62107        	5.12987        	
10.6053        	32.0779        	30.6391        	16.7645        	13.8581        	10.9231        	
11.8015        	7.4855        	11.5097        	19.3118        	61.3451        	18.6701        	
37.2865        	15.0669        	27.777        	91.8473        	106.618        	207.069        	
167.044        	82.2683        	66.3206        	57.9871        	19.6942        	72.9573        	
62.5645        	76.6137        	143.854        	123.317        	111.257        	356.554        	
519.075        	300.885        	334.5        	1431.43        	2467.6        	1224.65        	
556.615        	1946.98        	1293.72        	1572.21        	2230.43        	601.483        	
555.674        	230.99        	250.425        	272.404        	298.29        	120.352        	
117.292        	53.0104        	5.62702        	7.17601        	16.6691        	11.2748        	
2.02427        	5.46691        	4.64359        	8.55326        	6.3416        	5.34602        	
13.3373        	15.7502        	21.5972        	24.9078        	46.9593        	15.4266        	
10.7903        	8.83391        	40.076        	30.363        	13.438        	17.9031        	
16.1956        	10.2248        	75.0267        	115.583        	136.389        	70.4729        	
227.999        	92.1627        	36.3943        	26.5306        	29.0714        	49.0245        	
22.4708        	39.7516        	120.885        	144.622        	50.0466        	139.873        	
657.989        	822.919        	430.891        	548.006        	1110.17        	818.196        	
454.795        	2195.2        	3801.98        	2399.21        	1111.45        	899.97        	
493.997        	325.015        	118.45        	222.416        	317.491        	215.609        	
85.1659        	49.6546        	17.8743        	12.2417        	6.53522        	5.20289        	
2.71281        	2.94645        	2.64866        	12.2692        	7.48134        	25.9601        	
9.58234        	5.13458        	9.75681        	16.455        	13.3348        	13.018        	
25.9892        	18.3656        	9.92389        	8.59314        	9.5498        	20.8207        	
48.6552        	14.8357        	24.8394        	50.7117        	121.198        	74.4513        	
83.201        	113.568        	144.742        	107.388        	76.6694        	56.5434        	
19.1832        	25.0103        	110.132        	235.752        	301.614        	254.199        	
191.415        	709.325        	985.207        	869.77        	1659.55        	450.178        	
304.408        	2042.84        	446.958        	783.832        	1758.61        	1699.69        	
448.831        	883.226        	384.102        	292.8        	221.932        	224.989        	
96.2343        	50.5273        	31.7526        	12.5739        	19.4498        	13.1161        	
2.82889        	5.9419        	30.694        	29.9787        	38.2071        	29.1721        	
13.7462        	3.35878        	11.7582        	24.7758        	28.3204        	40.1259        	
45.3878        	13.7161        	7.71616        	6.12554        	20.8917        	18.0428        	
26.6246        	17.1307        	16.973        	31.4226        	64.7252        	133.97        	
22.4111        	17.7497        	54.2699        	119.972        	58.3942        	61.4865        	
38.8309        	84.2882        	209.529        	254.995        	172.018        	279.935        	
137.888        	231.156        	572.419        	961.973        	805.128        	1801.61        	
826.792        	696.667        	353.431        	529.529        	792.147        	2487.75        	
1597.46        	1216.31        	350.387        	153.629        	308.462        	172.635        	
103.033        	62.8235        	67.5789        	22.1927        	24.8187        	20.8087        	
3.42544        	11.1919        	18.6008        	16.485        	34.2467        	64.6206        	
14.4601        	15.2381        	17.3445        	14.015        	34.0399        	23.2126        	
28.1736        	21.6808        	7.45671        	3.31124        	19.3388        	17.0002        	
41.7804        	24.6214        	26.0063        	42.0943        	43.3821        	44.8906        	
39.1497        	17.3748        	23.1322        	26.0809        	69.703        	45.4638        	
60.9928        	140.971        	290.057        	214.963        	341.076        	229.584        	
201.952        	436.044        	860.7        	1058.73        	412.426        	644.268        	
435.743        	367.327  /