HEADER	
'time'	'pressure drop'
UNITS	
'min'	'bar'
0	0.151138
1.999999996	0.151894
4.000000003	0.148539
5.999999999	0.148795
7.999999995	0.148349
10	0.149704
12	0.145614
14	0.147002
16	0.148153
18	0.146229
20	0.148605
22	0.148368
23.99999999	0.148909
26	0.149043
28	0.148534
30	0.148218
32	0.149225
34	0.148169
36	0.146833
38	0.149611
40	0.149293
42	0.147748
44	0.146246
46	0.146278
48	0.148414
50	0.146199
52	0.147669
54	0.14667
56	0.149059
58	0.147209
60	0.147046
61	0.088915
61.25	0.08916
61.5	0.08916
61.75	0.089168
62	0.08845
62.25	0.087185
62.5	0.085696
62.75	0.086374
63	0.084981
63.25	0.08433
63.5	0.084981
63.75	0.084238
64	0.085941
64.24999999	0.084891
64.5	0.084412
64.75	0.086374
65	0.086578
65.25	0.081705
65.5	0.085938
65.75	0.084812
66	0.08636
66.25	0.084739
66.5	0.084344
66.75	0.085645
67	0.085465
67.25	0.086241
67.5	0.083446
67.75	0.084445
68	0.084284
68.25	0.084374
68.5	0.084194
68.75	0.08506
68.99999999	0.084752
69.25	0.085506
69.5	0.083906
69.75	0.083901
70	0.0843
70.25	0.084178
70.5	0.084254
70.74999999	0.085068
71	0.086175
71.25	0.086374
71.5	0.08636
71.75	0.084309
72	0.084981
72.25	0.086028
72.5	0.086434
72.75	0.086162
73	0.085724
73.25	0.086374
73.5	0.086374
73.75	0.08574
74	0.085166
74.25	0.086374
74.5	0.086638
74.75	0.086975
75	0.085639
75.25	0.08707
75.49999999	0.08707
75.75	0.088042
76	0.084447
76.25	0.086374
76.5	0.086398
76.75	0.086374
77	0.084295
77.25	0.08432
77.5	0.08633
77.75	0.08639
78	0.08707
78.25	0.083588
78.5	0.086374
78.75	0.087032
79	0.086589
79.25	0.084545
79.5	0.086374
79.75	0.085721
80	0.085688
80.24999999	0.082984
80.5	0.081683
80.75	0.083609
81	0.082777
81.25	0.082943
81.5	0.083732
81.75	0.084967
81.99999999	0.086374
82.25	0.086374
82.5	0.083356
82.75	0.084815
83	0.085313
83.25	0.086374
83.5	0.084252
83.75	0.08402
84	0.085677
84.25	0.08602
84.5	0.086069
84.75	0.085397
85	0.084284
85.25	0.085411
85.5	0.084733
85.75	0.084486
86	0.085623
86.25	0.086368
86.5	0.085949
86.74999999	0.083846
87	0.08497
87.25	0.085032
87.5	0.084981
87.75	0.083816
88	0.084284
88.25	0.084284
88.5	0.084328
88.75	0.08463
89	0.083443
89.25	0.085
89.5	0.084981
89.75	0.08432
90	0.082369
90.25	0.08482
90.5	0.085775
90.75	0.059186
91	0.05615
91.25	0.054865
91.49999999	0.054278
91.75	0.055725
92	0.055725
92.25	0.055714
92.5	0.055725
92.75	0.053635
93	0.053635
93.24999999	0.054332
93.5	0.055042
93.75	0.056392
94	0.055725
94.25	0.053524
94.5	0.05369
94.75	0.053712
95	0.053377
95.25	0.052101
95.5	0.053635
95.75	0.053635
96	0.052346
96.25	0.053635
96.5	0.052969
96.75	0.054555
97	0.055679
97.25	0.05588
97.5	0.054775
97.75	0.052724
97.99999999	0.054335
98.25	0.054966
98.5	0.055643
98.75	0.055739
99	0.055725
99.25	0.053483
99.5	0.053635
99.75	0.053635
100	0.054969
100.25	0.055725
100.5	0.056356
100.75	0.054019
101	0.052659
101.25	0.053069
101.5	0.053635
101.75	0.055126
102	0.055241
102.25	0.055725
102.5	0.053211
102.75	0.054307
103	0.054922
103.25	0.055725
103.5	0.055725
103.75	0.055801
104	0.053635
104.25	0.051616
104.5	0.053635
104.75	0.053635
105	0.053635
105.25	0.054332
105.5	0.054332
105.75	0.052242
106	0.052942
106.25	0.053023
106.5	0.055018
106.75	0.055818
107	0.056169
107.25	0.052939
107.5	0.050852
107.75	0.051491
108	0.053208
108.25	0.054416
108.5	0.055725
108.75	0.055725
109	0.052242
109.25	0.052939
109.5	0.053635
109.75	0.055725
110	0.055725
110.25	0.056422
110.5	0.051584
110.75	0.048765
111	0.051546
111.25	0.053635
111.5	0.053635
111.75	0.053635
112	0.05181
112.25	0.050803
112.5	0.052917
112.75	0.053608
113	0.055725
113.25	0.055725
113.5	0.056422
113.75	0.051546
114	0.051276
114.25	0.053635
114.5	0.055725
114.75	0.055725
115	0.055657
115.25	0.05588
115.5	0.05351
115.75	0.055282
116	0.056416
116.25	0.056422
116.5	0.057815
116.75	0.055954
117	0.054849
117.25	0.053635
117.5	0.055643
117.75	0.055924
118	0.055725
118.25	0.05646
118.5	0.055227
118.75	0.052827
119	0.052827
119.25	0.053829
119.5	0.054332
119.75	0.053635
120	0.055431
120.25	0.053597
120.5	0.051921
120.75	0.054182
121	0.026116
121.25	0.026469
121.5	0.027863
121.75	0.027863
122	0.023082
122.25	0.022385
122.5	0.020935
122.75	0.018889
123	0.020897
123.25	0.020897
123.5	0.02438
123.75	0.023691
124	0.025076
124.25	0.026497
124.5	0.026886
124.75	0.02438
125	0.022987
125.25	0.022402
125.5	0.020897
125.75	0.019504
126	0.020897
126.25	0.0202
126.5	0.019504
126.75	0.0213
127	0.02229
127.25	0.02438
127.5	0.026429
127.75	0.025076
128	0.021887
128.25	0.020897
128.5	0.0214
128.75	0.021052
129	0.020897
129.25	0.020897
129.5	0.022987
129.75	0.022987
130	0.025773
130.25	0.025332
130.5	0.024986
130.75	0.027299
131	0.027863
131.25	0.024494
131.5	0.023591
131.75	0.02229
132	0.022108
132.25	0.022301
132.5	0.022274
132.75	0.021798
133	0.023683
133.25	0.025076
133.5	0.025076
133.75	0.026459
134	0.027863
134.25	0.026322
134.5	0.022331
134.75	0.021063
135	0.020897
135.25	0.020897
135.5	0.020897
135.75	0.019414
136	0.01983
136.25	0.020897
136.5	0.02438
136.75	0.023683
137	0.024565
137.25	0.025076
137.5	0.025147
137.75	0.023
138	0.022987
138.25	0.022304
138.5	0.020897
138.75	0.020897
139	0.020897
139.25	0.020897
139.5	0.019409
139.75	0.023719
140	0.023591
140.25	0.024423
140.5	0.025076
140.75	0.022987
141	0.021593
141.25	0.020897
141.5	0.020897
141.75	0.018807
142	0.021161
142.25	0.019838
142.5	0.021583
142.75	0.021757
143	0.025773
143.25	0.025095
143.5	0.023683
143.75	0.023302
144	0.025076
144.25	0.022987
144.5	0.022987
144.75	0.02229
145	0.020747
145.25	0.019504
145.5	0.020897
145.75	0.021574
146	0.021398
146.25	0.02506
146.5	0.025076
146.75	0.025076
147	0.025109
147.25	0.022987
147.5	0.021885
147.75	0.020962
148	0.020897
148.25	0.020897
148.5	0.020208
148.75	0.020897
149	0.021626
149.25	0.018247
149.5	0.023795
149.75	0.02472
150	0.025076
150.25	0.025076
150.5	0.024606
150.75	0.046626
151	0.048038
151.25	0.048689
151.5	0.047274
151.75	0.049475
152	0.049456
152.25	0.051527
152.5	0.053635
152.75	0.053635
153	0.049456
153.25	0.048759
153.5	0.051167
153.75	0.055064
154	0.055725
154.25	0.056101
154.5	0.055837
154.75	0.051546
155	0.053654
155.25	0.05502
155.5	0.056422
155.75	0.055575
156	0.055184
156.25	0.051546
156.5	0.051472
156.75	0.053151
157	0.055464
157.25	0.055407
157.5	0.056408
157.75	0.05668
158	0.050871
158.25	0.051559
158.5	0.050846
158.75	0.05218
159	0.053635
159.25	0.053899
159.5	0.05154
159.75	0.051464
160	0.052844
160.25	0.053869
160.5	0.055126
160.75	0.055042
161	0.055412
161.25	0.051513
161.5	0.052849
161.75	0.053635
162	0.054476
162.25	0.053635
162.5	0.051546
162.75	0.05305
163	0.052229
163.25	0.053635
163.5	0.055725
163.75	0.055725
164	0.055725
164.25	0.055725
164.5	0.053635
164.75	0.053635
165	0.055094
165.25	0.055725
165.5	0.055725
165.75	0.055725
166	0.053635
166.25	0.052784
166.5	0.054022
166.75	0.055028
167	0.055314
167.25	0.054993
167.5	0.055725
167.75	0.051546
168	0.051543
168.25	0.054261
168.5	0.054375
168.75	0.053635
169	0.053118
169.25	0.051807
169.5	0.051448
169.75	0.050819
170	0.04947
170.25	0.051657
170.5	0.052939
170.75	0.051924
171	0.051676
171.25	0.05224
171.5	0.052242
171.75	0.052027
172	0.052944
172.25	0.053635
172.5	0.050776
172.75	0.050153
173	0.050767
173.25	0.050849
173.5	0.049004
173.75	0.049516
174	0.04954
174.25	0.050248
174.5	0.053088
174.75	0.054318
175	0.054375
175.25	0.05511
175.5	0.052963
175.75	0.051546
176	0.052166
176.25	0.053635
176.5	0.053635
176.75	0.051894
177	0.052346
177.25	0.051554
177.5	0.051546
177.75	0.053635
178	0.053314
178.25	0.052242
178.5	0.051546
178.75	0.051546
179	0.05148
179.25	0.050604
179.5	0.051546
179.75	0.052939
180	0.053635
180.25	0.054898
180.5	0.053581
192.5	0.053581
216.5	0.052875071
240.5	0.052169143
276.5	0.051463214
324.5	0.050757286
360.5	0.050051357
384.5	0.049345429
420.5	0.0486395
468.5	0.047933571
516.5	0.047227643
540.5	0.046521714
564.5	0.045815786
600.5	0.045109857
636.5	0.044403929
648.5	0.043698
657.6333333	0.043698
657.75	0.043698
657.8833333	0.047402
658.1333333	0.050272
658.3833333	0.051546
658.6333333	0.052354
658.8833333	0.051165
659.1333333	0.046814
659.3833333	0.049372
659.6333333	0.054305
659.8833333	0.055671
660.1333333	0.055725
660.3833333	0.055725
660.6333333	0.053456
660.8833333	0.052242
661.1333333	0.053635
661.3833333	0.055075
661.6333333	0.055725
661.8833333	0.057162
662.1333333	0.05428
662.3833333	0.0512
662.6333333	0.052242
662.8833333	0.053635
663.1333333	0.054833
663.3833333	0.055581
663.6333333	0.05609
663.8833333	0.05631
664.1333333	0.05471
664.3833333	0.057118
664.6333333	0.058522
664.8833333	0.058511
665.1333333	0.056389
665.3833333	0.053238
665.6333333	0.050863
665.8833333	0.054332
666.1333333	0.055801
666.3833333	0.055785
666.6333333	0.056422
666.8833333	0.058511
667.1333333	0.053782
667.3833333	0.050153
667.6333333	0.054161
667.8833333	0.053581
668.1333333	0.053635
668.3833333	0.053752
668.6333333	0.051546
668.8833333	0.048759
669.1333333	0.051791
669.3833333	0.051567
669.6333333	0.052272
669.8833333	0.052669
670.1333333	0.052939
670.3833333	0.048909
670.6333333	0.048759
670.8833333	0.051698
671.1333333	0.052231
671.3833333	0.051546
671.6333333	0.052702
671.8833333	0.053532
672.1333333	0.046343
672.3833333	0.053935
672.6333333	0.057118
672.8833333	0.057815
673.1333333	0.057107
673.3833333	0.059118
673.6333333	0.053872
673.8833333	0.052384
674.1333333	0.058394
674.3833333	0.056555
674.6333333	0.057107
674.8833333	0.057037
675.1333333	0.051546
675.3833333	0.051499
675.6333333	0.055725
675.8833333	0.056332
676.1333333	0.058441
676.3833333	0.059904
676.6333333	0.059262
676.8833333	0.054332
677.1333333	0.052242
677.3833333	0.053178
677.6333333	0.053801
677.8833333	0.05634
678.1333333	0.057695
678.3833333	0.052242
678.6333333	0.048759
678.8833333	0.051157
679.1333333	0.052691
679.3833333	0.055257
679.6333333	0.055725
679.8833333	0.055861
680.1333333	0.051592
680.3833333	0.048229
680.6333333	0.051546
680.8833333	0.052893
681.1333333	0.055001
681.3833333	0.05628
681.6333333	0.056433
681.8833333	0.048759
682.1333333	0.050778
682.3833333	0.052841
682.6333333	0.055725
682.8833333	0.057118
683.1333333	0.058511
683.3833333	0.053635
683.6333333	0.050958
683.8833333	0.053078
684.1333333	0.054256
684.3833333	0.053635
684.6333333	0.055725
684.8833333	0.054275
685.1333333	0.048749
685.3833333	0.052234
685.6333333	0.054332
685.8833333	0.055725
686.1333333	0.055725
686.3833333	0.056468
686.6333333	0.048768
686.8833333	0.049524
687.1333333	0.053415
687.3833333	0.055028
689.3833333	0.053635
691.3833333	0.050955
693.3833333	0.041494
695.3833333	0.041739
697.3833333	0.05339
699.3833333	0.08143
701.3833333	0.106316
703.3833333	0.155687
705.3833333	0.217388
707.3833333	0.261908
709.3833333	0.303089
711.3833333	0.329831
713.3833333	0.329553
715.3833333	0.346733
717.3833333	0.353008
719.3833333	0.362093
721.3833333	0.366702
723.3833333	0.380057
725.3833333	0.381962
727.3833333	0.393177
729.3833333	0.386198
731.3833333	0.373546
733.3833333	0.384587
735.3833333	0.384606
737.3833333	0.395868
739.3833333	0.389379
741.3833333	0.394195
743.3833333	0.403253
745.3833333	0.408094
747.3833333	0.41227
749.3833333	0.410972
751.3833333	0.411204
753.3833333	0.422623
755.3833333	0.421209
757.3833333	0.4268
759.3833333	0.438887
761.3833333	0.443278
763.3833333	0.443254
765.3833333	0.446396
767.3833333	0.443773
769.3833333	0.440563
771.3833333	0.43527
773.3833333	0.442293
775.3833333	0.438081
777.3833333	0.429722
779.3833333	0.41993
781.3833333	0.423682
783.3833333	0.422139
785.3833333	0.421769
787.3833333	0.422814
789.3833333	0.415318
791.3833333	0.414115
793.3833333	0.417995
795.3833333	0.419881
797.3833333	0.422106
799.3833333	0.420245
801.3833333	0.422659
803.3833333	0.420395
805.3833333	0.426993
807.3833333	0.412687
809.3833333	0.421189
811.3833333	0.43046
813.3833333	0.433134
815.3833333	0.433826
817.3833333	0.424207
819.3833333	0.428852
821.3833333	0.42948
823.3833333	0.434008
825.3833333	0.430892
827.3833333	0.424599
829.3833333	0.43031
831.3833333	0.433589
833.3833333	0.433113
835.3833333	0.430819
837.3833333	0.43031
839.3833333	0.429067
841.3833333	0.430337
843.3833333	0.433687
845.3833333	0.417783
847.3833333	0.42301
849.3833333	0.428555
851.3833333	0.427785
853.3833333	0.429143
855.3833333	0.426947
857.3833333	0.43579
859.3833333	0.43105
861.3833333	0.425652
863.3833333	0.420577
865.3833333	0.420273
867.3833333	0.431189
869.3833333	0.437477
871.3833333	0.434517
873.3833333	0.420477
875.3833333	0.437951
877.3833333	0.419154
879.3833333	0.42381
881.3833333	0.431774
883.3833333	0.424525
885.3833333	0.430109
887.3833333	0.42664
889.3833333	0.428778
891.3833333	0.428928
893.3833333	0.425078
895.3833333	0.42501
897.3833333	0.429113
899.3833333	0.425121
901.3833333	0.432843
903.3833333	0.42902
905.3833333	0.430365
907.3833333	0.432789
909.3833333	0.424253
911.3833333	0.434944
913.3833333	0.434038
915.3833333	0.424207
917.3833333	0.423355
919.3833333	0.42511
921.3833333	0.422487
923.3833333	0.426131
925.3833333	0.424101
927.3833333	0.426531
929.3833333	0.426765
931.3833333	0.420757
933.3833333	0.427265
935.3833333	0.42237
937.3833333	0.42351
939.3833333	0.441221
941.3833333	0.433632
943.3833333	0.425524
945.3833333	0.417543
947.3833333	0.433798
949.3833333	0.440008
951.3833333	0.430204
953.3833333	0.427083
955.3833333	0.426844
957.3833333	0.426767
959.3833333	0.432103
961.3833333	0.428272
963.3833333	0.431045
965.3833333	0.428933
967.3833333	0.434239
969.3833333	0.433619
971.3833333	0.429083
973.3833333	0.431864
975.3833333	0.427992
977.3833333	0.43293
979.3833333	0.42683
981.3833333	0.429478
983.3833333	0.429347
985.3833333	0.429263
987.3833333	0.442184
989.3833333	0.432073
991.3833333	0.426531
993.3833333	0.431178
995.3833333	0.428629
997.3833333	0.435137
999.3833333	0.433959
1001.383333	0.440228
1003.383333	0.434653
1005.383333	0.439099
1007.383333	0.424653
1009.383333	0.430122
1011.383333	0.432566
1013.383333	0.433344
1015.383333	0.435738
1017.383333	0.426348
1019.383333	0.434775
1021.383333	0.436634
1023.383333	0.440835
1025.383333	0.4388
1027.383333	0.434288
1029.383333	0.431992
1031.383333	0.433581
1033.383333	0.430022
1035.383333	0.438824
1037.383333	0.426977
1039.383333	0.435643
1041.383333	0.437259
1043.383333	0.438835
1045.383333	0.43253
1047.383333	0.434016
1049.383333	0.435817
1051.383333	0.436481
1053.383333	0.443025
1055.383333	0.426425
1057.383333	0.431758
1059.383333	0.438821
1061.383333	0.434019
1063.383333	0.438889
1065.9	0.436579
1067.9	0.436187
1069.9	0.442318
1071.9	0.42978
1073.9	0.432955
1075.9	0.432049
1077.9	0.428895
1079.9	0.440906
1081.9	0.431295
1083.9	0.431959
1085.9	0.437246
1087.9	0.434484
1089.9	0.426786
1091.9	0.432016
1093.9	0.43003
1095.9	0.432424
1097.9	0.439137
1099.9	0.418169
1101.9	0.43
1103.9	0.429883
1105.9	0.426019
1107.9	0.433779
1109.9	0.42498
1111.9	0.433741
1113.9	0.434843
1115.9	0.43631
1117.9	0.437863
1119.9	0.431409
1121.9	0.431423
1123.9	0.43536
1125.9	0.434737
1127.9	0.437151
1129.9	0.430781
1131.9	0.431453
1133.9	0.434383
1135.9	0.435689
1137.9	0.429083
1139.9	0.433643
1141.9	0.436993
1143.9	0.437951
1145.9	0.440261
1147.9	0.43062
1149.9	0.431935
1151.9	0.435499
1153.9	0.431475
1155.9	0.440914
1157.9	0.428512
1159.9	0.429701
1161.9	0.42554
1163.9	0.428585
1165.9	0.436653
1167.9	0.426661
1169.9	0.42923
1171.9	0.433959
1173.9	0.433622
1175.9	0.435241
1177.9	0.431981
1179.9	0.434982
1181.9	0.438829
1183.9	0.438623
1185.9	0.420368
1187.9	0.427029
1189.9	0.429118
1191.9	0.432484
1193.9	0.435673
1195.9	0.427127
1197.9	0.434193
1199.9	0.433589
1201.9	0.439741
1203.9	0.43684
1205.9	0.428754
1207.9	0.431869
1209.9	0.433978
1211.9	0.439689
1213.9	0.425921
1215.9	0.42951
1217.9	0.431847
1219.9	0.431524
1221.9	0.436745
1223.9	0.429083
1225.9	0.43643
1227.9	0.436394
1229.9	0.435602
1231.9	0.439047
1233.9	0.431306
1235.9	0.431858
1237.9	0.433145
1239.9	0.437357
1241.9	0.439287
1243.9	0.431758
1245.9	0.43034
1247.9	0.431853
1249.9	0.434356
1251.9	0.436522
1253.9	0.429078
1255.9	0.43336
1257.9	0.433948
1259.9	0.439142
1261.9	0.439518
1263.9	0.438
1265.9	0.439953
1267.9	0.438236
1269.9	0.437507
1271.9	0.432416
1273.9	0.430321
1275.9	0.435532
1277.9	0.434158
1279.9	0.440427
1281.9	0.430509
1283.9	0.43185
1285.9	0.437989
1287.9	0.441749
1289.9	0.434764
1291.9	0.435006
1293.9	0.436049
1295.9	0.438549
1297.9	0.443939
1299.9	0.433254
1301.9	0.434977
1303.9	0.434699
1305.9	0.436672
1307.9	0.440418
1309.9	0.427029
1311.9	0.430963
1313.9	0.43431
1315.9	0.433379
1317.9	0.438138
1319.9	0.430911
1321.9	0.43323
1323.9	0.438639
1325.9	0.440032
1327.9	0.439039
1329.9	0.435755
1331.9	0.433812
1333.9	0.440228
1335.9	0.439093
1337.9	0.427902
1339.9	0.432476
1341.9	0.436049
1343.9	0.433151
1345.9	0.439246
1347.9	0.429907
1349.9	0.436732
1351.9	0.438723
1353.9	0.439953
1355.9	0.435096
1357.9	0.430533
1359.9	0.436843
1361.9	0.438821
1363.9	0.435864
1365.9	0.437442
1367.9	0.433959
1369.9	0.429872
1371.9	0.433583
1373.9	0.439858
1375.9	0.4243
1377.9	0.431793
1379.9	0.429725
1381.9	0.433885
1383.9	0.437096
1385.9	0.430272
1387.9	0.435251
1389.9	0.438312
1391.9	0.437442
1393.9	0.442935
1395.9	0.436851
1397.9	0.432982
1399.9	0.434824
1401.9	0.438772
1403.9	0.442203
1405.9	0.435045
1407.9	0.43526
1409.9	0.438723
1411.9	0.43496
1413.9	0.432568
1415.9	0.434147
1417.9	0.434715
1419.9	0.440054
1421.9	0.440612
1423.9	0.439034
1426	0.438457
1428	0.56137
1430	0.735481
1432	0.735886
1434	0.729789
1436	0.733361
1438	0.735914
1440	0.738809
1442	0.740362
1444	0.745856
1446	0.732746
1448	0.745374
1450	0.74295
1452	0.741807
1454	0.740185
1456	0.728978
1458	0.72337
1460	0.735315
1462	0.738795
1464	0.748226
1466	0.732572
1468	0.7471
1470	0.73907
1472	0.741603
1474	0.740188
1476	0.740765
1478	0.744972
1480	0.739345
1482	0.737318
1484	0.738651
1486	0.735666
1488	0.743443
1490	0.767294
1492	0.76198
1494	0.7815
1496	0.776042
1498	0.768805
1500	0.767635
1502	0.76044
1504	0.753461
1506	0.750844
1508	0.753262
1510	0.763017
1512	0.735973
1514	0.723941
1516	0.730613
1518	0.736972
1520	0.745238
1522	0.745072
1524	0.743364
1526	0.731413
1528	0.724486
1530	0.739086
1532	0.745829
1534	0.744759
1536	0.743252
1538	0.734221
1540	0.743712
1542	0.747401
1544	0.740425
1546	0.740904
1548	0.734763
1550	0.726426
1552	0.737718
1554	0.743394
1556	0.744817
1558	0.735367
1560	0.743753
1562	0.736189
1564	0.741086
1566	0.738901
1568	0.745508
1570	0.738161
1572	0.735038
1574	0.729035
1576	0.738542
1578	0.740615
1580	0.738561
1582	0.738602
1584	0.718263
1586	0.737514
1588	0.74101
1590	0.7359
1592	0.747045
1594	0.741769
1596	0.734746
1598	0.757839
1600	0.739149
1602	0.746675
1604	0.744719
1606	0.736964
1608	0.733576
1610	0.74064
1612	0.749276
1614	0.747742
1616	0.739821
1618	0.724475
1620	0.743723
1622	0.750101
1624	0.741505
1626	0.749064
1628	0.746104
1630	0.735906
1632	0.736039
1634	0.73864
1636	0.752751
1638	0.745987
1640	0.73987
1642	0.740947
1644	0.742588
1646	0.74221
1648	0.745905
1650	0.744553
1652	0.741089
1654	0.742536
1656	0.75049
1658	0.747407
1660	0.745744
1662	0.738512
1664	0.731462
1666	0.743429
1668	0.743219
1670	0.745358
1672	0.745312
1674	0.744041
1676	0.736667
1678	0.745132
1680	0.740112
1682	0.744558
1684	0.748806
1686	0.746596
1688	0.741652
1690	0.746583
1692	0.745369
1694	0.751973
1696	0.749439
1698	0.734744
1700	0.743157
1702	0.743228
1704	0.75178
1706	0.749567
1708	0.738964
1710	0.732145
1712	0.739685
1714	0.751992
1716	0.762484
1718	0.755115
1720	0.745347
1722	0.741916
1724	0.742006
1726	0.743342
1728	0.748667
1730	0.757164
1732	0.751031
1734	0.74748
1736	0.75142
1738	0.746422
1740	0.749478
1742	0.756919
1744	0.757167
1746	0.745813
1748	0.735993
1750	0.748133
1752	0.751921
1754	0.742847
1756	0.728034
1758	0.746653
1760	0.744773
1762	0.744768
1764	0.74914
1766	0.750169
1768	0.733525
1770	0.740493
1772	0.747842
1774	0.749461
1776	0.739644
1778	0.749431
1780	0.746305
1782	0.746327
1784	0.745731
1786	0.739143
1788	0.746982
1790	0.738488
1792	0.73701
1794	0.736749
1796	0.747263
1798	0.75028
1800	0.738074
1802	0.732959
1804	0.742177
1806	0.743538
1808	0.7464
1810	0.74584
1812	0.751709
1814	0.736414
1816	0.738275
1818	0.744112
1820	0.750691
1822	0.750512
1824	0.744278
1826	0.742341
1828	0.744259
1830	0.745755
1832	0.756729
1834	0.74267
1836	0.740403
1838	0.738934
1840	0.736934
1842	0.742038
1844	0.749736
1846	0.745459
1848	0.740213
1850	0.737737
1852	0.744896
1854	0.746879
1856	0.749045
1858	0.745666
1860	0.743383
1862	0.742406
1864	0.748966
1866	0.743562
1868	0.740977
1870	0.729383
1872	0.746759
1874	0.738333
1876	0.734082
1878	0.747889
1880	0.742779
1882	0.732363
1884	0.747622
1886	0.755249
1888	0.745263
1890	0.762601
1892	0.737516
1894	0.740675
1896	0.747755
1898	0.739418
1900	0.744814
1902	0.750348
1904	0.735734
1906	0.740773
1908	0.735511
1910	0.739141
1912	0.756617
1914	0.749195
1916	0.753649
1918	0.743581
1920	0.751116
1922	0.747143
1924	0.760364
1926	0.74757
1928	0.726067
1930	0.743796
1932	0.756411
1934	0.747804
1936	0.748906
1938	0.743347
1940	0.746776
1942	0.742351
1944	0.748468
1946	0.7464
1948	0.750514
1950	0.74966
1952	0.749061
1954	0.74966
1956	0.751554
1958	0.750422
1960	0.748305
1962	0.74624
1964	0.741214
1966	0.750011
1968	0.75425
1970	0.757113
1972	0.750566
1974	0.745701
1976	0.745168
1978	0.759273
1980	0.752664
1982	0.755518
1984	0.750487
1986	0.73418
1988	0.747388
1990	0.746504
1992	0.756356
1994	0.745448
1996	0.742939
1998	0.746759
2000	0.748963
2002	0.752879
2004	0.755597
2006	0.755235
2008	0.745339
2010	0.758149
2012	0.761861
2014	0.752838
2016	0.757189
2018	0.755047
2020	0.739149
2022	0.74889
2024	0.759809
2026	0.754019
2028	0.761044
2030	0.789973
2032	0.76903
2034	0.737111
2036	0.743715
2038	0.735046
2040	0.740167
2042	0.728428
2044	0.743181
2046	0.745796
2048	0.769566
2050	0.756043
2052	0.74674
2054	0.726747
2056	0.745317
2058	0.753437
2060	0.752438
2062	0.74507
2064	0.757736
2066	0.745268
2068	0.750008
2070	0.747285
2072	0.756481
2074	0.753798
2076	0.748444
2078	0.747782
2080	0.761523
2082	0.753758
2084	0.750427
2086	0.755956
2088	0.751442
2090	0.739802
2092	0.748019
2094	0.764225
2096	0.752501
2098	0.749603
2100	0.732153
2102	0.745502
2104	0.756557
2106	0.743189
2108	0.75957
2110	0.751192
2112	0.735739
2114	0.740112
2116	0.751145
2118	0.751162
2120	0.748642
2122	0.754601
2124	0.754008
2126	0.748735
2128	0.738866
2130	0.720298
2132	0.719934
2134	0.716323
2136	0.714595
2138	0.714843
2140	0.728393
2142	0.736575
2144	0.725296
2146.5	0.890015
2148.5	1.017624
2150.5	1.014947
2152.5	1.021823
2154.5	1.018808
2156.5	1.022272
2158.5	1.015769
2160.5	1.020201
2162.5	1.020963
2164.5	1.018808
2166.5	1.035662
2168.5	1.034973
2170.5	1.031855
2172.5	1.023975
2174.5	1.021858
2176.5	1.026721
2178.5	1.021551
2180.5	1.014536
2182.5	1.026783
2184.5	1.024713
2186.5	1.025793
2188.5	1.026092
2190.5	1.027711
2192.5	1.031833
2194.5	1.012683
2196.5	1.014648
2198.5	1.02693
2200.5	1.019614
2202.5	1.024076
2204.5	1.019701
2206.5	1.025374
2208.5	1.010047
2210.5	1.023602
2212.5	1.015638
2214.5	1.018762
2216.5	1.018193
2218.5	1.019575
2220.5	1.028914
2222.5	1.024193
2224.5	1.017551
2226.5	1.020506
2228.5	1.018835
2230.5	1.018797
2232.5	1.023586
2234.5	1.022479
2236.5	1.03552
2238.5	1.018142
2240.5	1.029491
2242.5	1.022226
2244.5	1.023853
2246.5	1.005802
2248.5	1.009181
2250.5	1.019921
2252.5	1.030233
2254.5	1.031896
2256.5	1.030299
2258.5	1.019154
2260.5	1.023592
2262.5	1.02046
2264.5	1.019328
2266.5	1.018144
2268.5	1.015889
2270.5	1.020892
2272.5	1.026421
2274.5	1.030394
2276.5	1.028419
2278.5	1.026664
2280.5	1.036984
2282.5	1.014547
2284.5	1.02924
2286.5	1.020822
2288.5	1.024299
2290.5	1.023102
2292.5	1.026454
2294.5	1.018196
2296.5	1.023064
2298.5	1.023915
2300.5	0.998994
2302.5	1.017113
2304.5	1.021935
2306.5	1.028639
2308.5	1.034342
2310.5	1.023986
2312.5	1.023249
2314.5	1.01902
2316.5	1.024966
2318.5	1.010003
2320.5	1.02776
2322.5	1.025055
2324.5	1.025722
2326.5	1.025845
2328.5	1.028046
2330.5	1.021537
2332.5	1.023681
2334.5	1.023031
2336.5	1.008624
2338.5	1.025115
2340.5	1.024144
2342.5	1.028908
2344.5	1.023069
2346.5	1.020966
2348.5	1.020452
2350.5	1.02391
2352.5	1.012909
2354.5	1.011834
2356.5	1.014765
2358.5	1.013217
2360.5	1.028566
2362.5	1.022865
2364.5	1.0273
2366.5	1.020579
2368.5	1.027292
2370.5	1.013396
2372.5	1.018302
2374.5	1.020778
2376.5	1.017608
2378.5	1.026468
2380.5	1.034897
2382.5	1.029284
2384.5	1.020985
2386.5	1.024402
2388.5	1.016
2390.5	1.016901
2392.5	1.020993
2394.5	1.013687
2396.5	1.019997
2398.5	1.031069
2400.5	1.019899
2402.5	1.022577
2404.5	1.004461
2406.5	1.011668
2408.5	1.015524
2410.5	1.025869
2412.5	1.042921
2414.5	1.024783
2416.5	1.026639
2418.5	1.022544
2420.5	1.01871
2422.5	1.02841
2424.5	1.023953
2426.5	1.017518
2428.5	1.018199
2430.5	1.024585
2432.5	1.031681
2434.5	1.031662
2436.5	1.026963
2438.5	1.026383
2440.5	1.03087
2442.5	1.015219
2444.5	1.015861
2446.5	1.02637
2448.5	1.02397
2450.5	1.025904
2452.5	1.032503
2454.5	1.03078
2456.5	1.030252
2458.5	1.004624
2460.5	1.017138
2462.5	1.014585
2464.5	1.023641
2466.5	1.032241
2468.5	1.031539
2470.5	1.027036
2472.5	1.020005
2474.5	1.024645
2476.5	1.019529
2478.5	1.028206
2480.5	1.022027
2482.5	1.021891
2484.5	1.031956
2486.5	1.035292
2488.5	1.029488
2490.5	1.022152
2492.5	1.033738
2494.5	1.01018
2496.5	1.023494
2498.5	1.024394
2500.5	1.020536
2502.5	1.023494
2504.5	1.018898
2506.5	1.02514
2508.5	1.02976
2510.5	1.015559
2512.5	1.006243
2514.5	1.015712
2516.5	1.017268
2518.5	1.027202
2520.5	1.026699
2522.5	1.024794
2524.5	1.018721
2526.5	1.030029
2528.5	1.023251
2530.5	1.026797
2532.5	1.020136
2534.5	1.020963
2536.5	1.029363
2538.5	1.033771
2540.5	1.025322
2542.5	1.025755
2544.5	1.027937
2546.5	1.022609
2548.5	1.015216
2550.5	1.022144
2552.5	1.02665
2554.5	1.024933
2556.5	1.026636
2558.5	1.034813
2560.5	1.016308
2562.5	1.027118
2564.5	1.015042
2566.5	1.019556
2568.5	1.030949
2570.5	1.029431
2572.5	1.035243
2574.5	1.03952
2576.5	1.041207
2578.5	1.030797
2580.5	1.024715
2582.5	1.022394
2584.5	1.024261
2586.5	1.029863
2588.5	1.028342
2590.5	1.027493
2592.5	1.036225
2594.5	1.035969
2596.5	1.026734
2598.5	1.030729
2600.5	1.019067
2602.5	1.025281
2604.5	1.025491
2606.5	1.028473
2608.5	1.021382
2610.5	1.024925
2612.5	1.03099
2614.5	1.029904
2616.5	1.025991
2618.5	1.018422
2620.5	1.017426
2622.5	1.018101
2624.5	1.023526
2626.5	1.026081
2628.5	1.025708
2630.5	1.028443
2632.5	1.02416
2634.5	1.014879
2636.5	1.016637
2638.5	1.024049
2640.5	1.019502
2642.5	1.028073
2644.5	1.033779
2646.5	1.039996
2648.5	1.02884
2650.5	1.031431
2652.5	1.011881
2654.5	1.024479
2656.5	1.022008
2658.5	1.0333
2660.5	1.032462
2662.5	1.024645
2664.5	1.019532
2666.5	1.02523
2668.5	1.028508
2670.5	1.017271
2672.5	1.027376
2674.5	1.023257
2676.5	1.028571
2678.5	1.033782
2680.5	1.036103
2682.5	1.033779
2684.5	1.035936
2686.5	1.032845
2688.5	1.022773
2690.5	1.036048
2692.5	1.033251
2694.5	1.029945
2696.5	1.035624
2698.5	1.033999
2700.5	1.033294
2702.5	1.029319
2704.5	1.021374
2706.5	1.009728
2708.5	1.024827
2710.5	1.028691
2712.5	1.033953
2714.5	1.030563
2716.5	1.027869
2718.5	1.037297
2720.5	1.029306
2722.5	1.023687
2724.5	1.026016
2726.5	1.024898
2728.5	1.027635
2730.5	1.034859
2732.5	1.03607
2734.5	1.02862
2736.5	1.020476
2738.5	1.023053
2740.5	1.026683
2742.5	1.023192
2744.5	1.032192
2746.5	1.024582
2748.5	1.041397
2750.5	1.029904
2752.5	1.039515
2754.5	1.031276
2756.5	1.034462
2758.5	1.019075
2760.5	1.025137
2762.5	1.036111
2764.5	1.031167
2766.5	1.028906
2768.5	1.032897
2770.5	1.029287
2772.5	1.027202
2774.5	1.031085
2776.5	1.033398
2778.5	1.035711
2780.5	1.026019
2782.5	1.029082
2784.5	1.045011
2786.5	1.035145
2788.5	1.044829
2790.5	1.040761
2792.5	1.052115
2794.5	1.027659
2796.5	1.041672
2798.5	1.039536
2800.5	1.036739
2802.5	1.036511
2804.5	1.042094
2806.5	1.049876
2808.5	1.032965
2810.5	1.024119
2812.5	1.026427
2814.5	1.030212
2816.5	1.039185
2818.5	1.055789
2820.5	1.042244
2822.5	1.033896
2824.5	1.042059
2826.5	1.032364
2828.5	1.033398
2830.5	1.029118
2832.5	1.035537
2834.5	1.034875
2836.5	1.04469
2838.5	1.040916
2840.5	1.038742
2842.5	1.03527
2844.5	1.038081
2846.5	1.023219
2848.5	1.03579
2850.5	1.041664
2852.5	1.035893
2854.5	1.038617
2856.5	1.037063
2858.5	1.034451
2860.5	1.038353
2862.5	1.033762
2864.5	1.017603
2867	1.418461
2869	1.397788
2871	1.389744
2873	1.387715
2875	1.39154
2877	1.398032
2879	1.400247
2881	1.397072
2883	1.404334
2885	1.398528
2887	1.407044
2889	1.403082
2891	1.403126
2893	1.407387
2895	1.401564
2897	1.390939
2899	1.393358
2901	1.380101
2903	1.398313
2905	1.393214
2907	1.393453
2909	1.38289
2911	1.39271
2913	1.392332
2915	1.40478
2917	1.401703
2919	1.401151
2921	1.395083
2923	1.397589
2925	1.389304
2927	1.375995
2929	1.386161
2931	1.38754
2933	1.386999
2935	1.3888
2937	1.393186
2939	1.392618
2941	1.402805
2943	1.400808
2945	1.399173
2947	1.405844
2949	1.387214
2951	1.386087
2953	1.393078
2955	1.375046
2957	1.391061
2959	1.393391
2961	1.377563
2963	1.388166
2965	1.385845
2967	1.399121
2969	1.404269
2971	1.396329
2973	1.395369
2975	1.397151
2977	1.383932
2979	1.394707
2981	1.38205
2983	1.388286
2985	1.385843
2987	1.384338
2989	1.382782
2991	1.391222
2993	1.397809
2995	1.393053
2997	1.393127
2999	1.387894
3001	1.397461
3003	1.398832
3005	1.389323
3007	1.392082
3009	1.375876
3011	1.381182
3013	1.370543
3015	1.39129
3017	1.389728
3019	1.388047
3021	1.412214
3023	1.387255
3025	1.395181
3027	1.390743
3029	1.394163
3031	1.376265
3033	1.378904
3035	1.37759
3037	1.38523
3039	1.38797
3041	1.383579
3043	1.376755
3045	1.388166
3047	1.383127
3049	1.393619
3051	1.387252
3053	1.401787
3055	1.381647
3057	1.389908
3059	1.372578
3061	1.387483
3063	1.374981
3065	1.393347
3067	1.384618
3069	1.397586
3071	1.382977
3073	1.39378
3075	1.40009
3077	1.398003
3079	1.398054
3081	1.393709
3083	1.394979
3085	1.397012
3087	1.399012
3089	1.379495
3091	1.393793
3093	1.404767
3095	1.385897
3097	1.403365
3099	1.396008
3101	1.39791
3103	1.410766
3105	1.414119
3107	1.415708
3109	1.403507
3111	1.405409
3113	1.401738
3115	1.39135
3117	1.396729
3119	1.396514
3121	1.404258
3123	1.404968
3125	1.410255
3127	1.409934
3129	1.414549
3131	1.41287
3133	1.413751
3135	1.415278
3137	1.407047
3139	1.412834
3141	1.406704
3143	1.399551
3145	1.388066
3147	1.406742
3149	1.407569
3151	1.407741
3153	1.409281
3155	1.411439
3157	1.410633
3159	1.420565
3161	1.416426
3163	1.411134
3165	1.40379
3167	1.418889
3169	1.410413
3171	1.401344
3173	1.402925
3175	1.409811
3177	1.409441
3179	1.41257
3181	1.404405
3183	1.414102
3185	1.411945
3187	1.414676
3189	1.408807
3191	1.41472
3193	1.40453
3195	1.415134
3197	1.397929
3199	1.409428
3201	1.412119
3203	1.404663
3205	1.415052
3207	1.406963
3209	1.408312
3211	1.415651
3213	1.40462
3215	1.406837
3217	1.409912
3219	1.406329
3221	1.399967
3223	1.398922
3225	1.386547
3227	1.405937
3229	1.410984
3231	1.402519
3233	1.392291
3235	1.422507
3237	1.408018
3239	1.411754
3241	1.415101
3243	1.415395
3245	1.409441
3247	1.417128
3249	1.407093
3251	1.408731
3253	1.411741
3255	1.403371
3257	1.411934
3259	1.415569
3261	1.404272
3263	1.410154
3265	1.408571
3267	1.418216
3269	1.41678
3271	1.410203
3273	1.416271
3275	1.409433
3277	1.405575
3279	1.407967
3281	1.401357
3283	1.411302
3285	1.398081
3287	1.408051
3289	1.39492
3291	1.411686
3293	1.420687
3295	1.405131
3297	1.417969
3299	1.409986
3301	1.408092
3303	1.408794
3305	1.402304
3307	1.394966
3309	1.401749
3311	1.419871
3313	1.414187
3315	1.411955
3317	1.423577
3319	1.422638
3321	1.42042
3323	1.421335
3325	1.421079
3327	1.407022
3329	1.415583
3331	1.409841
3333	1.410617
3335	1.405425
3337	1.404721
3339	1.410726
3341	1.413795
3343	1.413825
3345	1.414617
3347	1.41881
3349	1.420872
3351	1.414603
3353	1.413798
3355	1.408146
3357	1.412535
3359	1.409844
3361	1.407058
3363	1.410451
3365	1.410911
3367	1.408383
3369	1.409058
3371	1.403077
3373	1.413169
3375	1.417302
3377	1.422102
3379	1.408704
3381	1.412652
3383	1.405455
3385	1.41272
3387	1.394493
3389	1.400353
3391	1.412094
3393	1.406715
3395	1.40388
3397	1.407058
3399	1.412606
3401	1.411893
3403	1.410832
3405	1.4239
3407	1.401537
3409	1.408375
3411	1.402457
3413	1.4009
3415	1.393978
3417	1.406301
3419	1.414219
3421	1.412921
3423	1.395393
3425	1.41691
3427	1.412897
3429	1.417672
3431	1.417855
3433	1.417806
3435	1.411888
3437	1.4138
3439	1.40595
3441	1.403888
3443	1.387225
3445	1.411047
3447	1.408541
3449	1.413702
3451	1.406274
3453	1.417825
3455	1.407988
3457	1.426355
3459	1.40533
3461	1.411986
3463	1.410347
3465	1.414255
3467.5	1.639315
3469.5	1.630249
3471.5	1.630913
3473.5	1.635756
3475.5	1.634004
3477.5	1.623498
3479.5	1.646085
3481.5	1.628568
3483.5	1.627131
3485.5	1.623118
3487.5	1.614519
3489.5	1.618084
3491.5	1.627574
3493.5	1.623523
3495.5	1.627479
3497.5	1.626358
3499.5	1.62016
3501.5	1.624693
3503.5	1.613369
3505.5	1.642268
3507.5	1.638388
3509.5	1.629194
3511.5	1.630981
3513.5	1.618005
3515.5	1.611069
3517.5	1.613643
3519.5	1.609091
3521.5	1.639702
3523.5	1.622742
3525.5	1.623961
3527.5	1.62256
3529.5	1.610566
3531.5	1.628793
3533.5	1.620293
3535.5	1.625637
3537.5	1.634393
3539.5	1.619681
3541.5	1.619673
3543.5	1.63558
3545.5	1.636668
3547.5	1.629977
3549.5	1.621645
3551.5	1.625047
3553.5	1.628911
3555.5	1.619208
3557.5	1.628973
3559.5	1.627188
3561.5	1.631757
3563.5	1.631942
3565.5	1.627773
3567.5	1.631996
3569.5	1.640037
3571.5	1.627262
3573.5	1.62764
3575.5	1.627112
3577.5	1.619662
3579.5	1.614666
3581.5	1.622984
3583.5	1.632064
3585.5	1.619676
3587.5	1.630391
3589.5	1.629653
3591.5	1.635087
3593.5	1.618729
3595.5	1.61634
3597.5	1.610106
3599.5	1.615681
3601.5	1.616152
3603.5	1.623216
3605.5	1.62693
3607.5	1.624941
3609.5	1.616775
3611.5	1.613276
3613.5	1.620718
3615.5	1.627792
3617.5	1.601244
3619.5	1.614558
3621.5	1.618503
3623.5	1.611009
3625.5	1.622396
3627.5	1.624916
3629.5	1.627555
3631.5	1.613129
3633.5	1.609159
3635.5	1.605004
3637.5	1.611281
3639.5	1.607875
3641.5	1.617714
3643.5	1.60896
3645.5	1.624067
3647.5	1.606746
3649.5	1.61333
3651.5	1.606251
3653.5	1.621654
3655.5	1.612378
3657.5	1.617463
3659.5	1.618209
3661.5	1.644493
3663.5	1.608762
3665.5	1.608762
3667.5	1.613189
3669.5	1.619964
3671.5	1.613007
3673.5	1.603652
3675.5	1.611205
3677.5	1.61739
3679.5	1.59384
3681.5	1.607567
3683.5	1.625006
3685.5	1.623722
3687.5	1.61754
3689.5	1.609736
3691.5	1.620184
3693.5	1.610384
3695.5	1.612163
3697.5	1.616835
3699.5	1.620206
3701.5	1.609554
3703.5	1.61865
3705.5	1.62228
3707.5	1.625428
3709.5	1.612925
3711.5	1.618193
3713.5	1.615472
3715.5	1.619828
3717.5	1.613616
3719.5	1.61551
3721.5	1.617083
3723.5	1.620533
3725.5	1.612759
3727.5	1.611978
3729.5	1.615526
3731.5	1.619194
3733.5	1.601551
3735.5	1.624617
3737.5	1.618228
3739.5	1.623077
3741.5	1.622674
3743.5	1.622829
3745.5	1.623142
3747.5	1.62533
3749.5	1.605274
3751.5	1.625888
3753.5	1.631335
3755.5	1.618862
3757.5	1.611331
3759.5	1.624639
3761.5	1.631528
3763.5	1.646858
3765.5	1.61573
3767.5	1.611978
3769.5	1.640687
3771.5	1.638562
3773.5	1.650754
3775.5	1.652398
3777.5	1.655181
3779.5	1.650659
3781.5	1.645979
3783.5	1.634282
3785.5	1.638232
3787.5	1.642083
3789.5	1.648439
3791.5	1.645111
3793.5	1.646822
3795.5	1.639677
3797.5	1.643391
3799.5	1.639198
3801.5	1.643682
3803.5	1.627191
3805.5	1.642727
3807.5	1.635196
3809.5	1.643971
3811.5	1.638934
3813.5	1.641103
3815.5	1.643848
3817.5	1.646053
3819.5	1.630072
3821.5	1.646061
3823.5	1.645587
3825.5	1.641851
3827.5	1.639699
3829.5	1.62105
3831.5	1.634932
3833.5	1.64165
3835.5	1.633487
3837.5	1.64559
3839.5	1.651372
3841.5	1.622467
3843.5	1.635982
3845.5	1.626402
3847.5	1.634459
3849.5	1.628388
3851.5	1.615072
3853.5	1.622402
3855.5	1.62238
3857.5	1.644869
3859.5	1.624546
3861.5	1.619325
3863.5	1.634099
3865.5	1.620073
3867.5	1.620712
3869.5	1.619934
3871.5	1.633457
3873.5	1.625041
3875.5	1.629343
3877.5	1.628361
3879.5	1.633188
3881.5	1.614873
3883.5	1.629427
3885.5	1.622587
3887.5	1.633958
3889.5	1.627806
3891.5	1.631808
3893.5	1.620429
3895.5	1.62709
3897.5	1.618351
3899.5	1.630361
3901.5	1.636657
3903.5	1.632785
3905.5	1.629485
3907.5	1.620255
3909.5	1.627311
3911.5	1.629245
3913.5	1.624943
3915.5	1.627343
3917.5	1.634282
3919.5	1.641141
3921.5	1.630987
3923.5	1.625547
3925.5	1.632042
3927.5	1.621999
3929.5	1.620699
3931.5	1.628954
3933.5	1.634437
3935.5	1.613485
3937.5	1.61961
3939.5	1.619983
3941.5	1.631991
3943.5	1.631855
3945.5	1.623392
3948	1.742105
3950	1.729262
3952	1.732658
3954	1.731077
3956	1.744597
3958	1.724272
3960	1.718139
3962	1.723687
3964	1.710218
3966	1.721126
3968	1.712629
3970	1.715826
3972	1.711967
3974	1.714544
3976	1.721393
3978	1.715475
3980	1.713355
3982	1.731844
3984	1.718326
3986	1.723749
3988	1.712172
3990	1.707456
3992	1.726021
3994	1.706591
3996	1.708762
3998	1.714773
4000	1.710735
4002	1.712152
4004	1.712651
4006	1.71006
4008	1.706898
4010	1.7064
4012	1.711676
4014	1.706632
4016	1.702869
4018	1.714928
4020	1.71283
4022	1.71539
4024	1.712789
4026	1.714928
4028	1.726356
4030	1.714887
4032	1.7124
4034	1.722745
4036	1.699032
4038	1.717883
4040	1.70356
4042	1.719488
4044	1.728848
4046	1.716721
4048	1.72376
4050	1.726568
4052	1.718019
4054	1.715192
4056	1.71698
4058	1.723393
4060	1.726187
4062	1.71545
4064	1.726065
4066	1.736646
4068	1.710357
4070	1.733746
4072	1.717703
4074	1.709369
4076	1.721423
4078	1.733482
4080	1.723436
4082	1.722416
4084	1.719401
4086	1.72059
4088	1.719455
4090	1.703361
4092	1.732614
4094	1.718824
4096	1.713448
4098	1.722329
4100	1.722326
4102	1.738967
4104	1.730459
4106	1.722791
4108	1.727349
4110	1.730481
4112	1.72194
4114	1.731673
4116	1.725831
4118	1.718977
4120	1.730127
4122	1.729376
4124	1.717339
4126	1.729256
4128	1.721921
4130	1.723205
4132	1.721368
4134	1.723727
4136	1.718604
4138	1.727765
4140	1.700175
4142	1.70713
4144	1.712819
4146	1.715059
4148	1.723066
4150	1.684867
4152	1.717039
4154	1.717507
4156	1.711998
4158	1.720547
4160	1.710768
4162	1.692703
4164	1.720895
4166	1.696001
4168	1.707097
4170	1.71314
4172	1.713818
4174	1.722076
4176	1.721776
4178	1.703693
4180	1.715197
4182	1.703576
4184	1.698668
4186	1.706419
4188	1.705078
4190	1.71181
4192	1.703723
4194	1.703663
4196	1.713048
4198	1.694172
4200	1.68195
4202	1.71264
4204	1.683313
4206	1.701263
4208	1.7382
4210	1.72841
4212	1.736723
4214	1.719007
4216	1.725276
4218	1.716985
4220	1.733539
4222	1.715722
4224	1.722925
4226	1.716473
4228	1.730968
4230	1.716707
4232	1.723616
4234	1.72185
4236	1.720021
4238	1.73265
4240	1.729915
4242	1.710071
4244	1.707029
4246	1.719028
4248	1.713491
4250	1.715899
4252	1.728263
4254	1.730337
4256	1.722552
4258	1.723148
4260	1.726527
4262	1.72148
4264	1.720623
4266	1.728187
4268	1.741773
4270	1.729654
4272	1.729066
4274	1.73946
4276	1.736687
4278	1.746197
4280	1.730952
4282	1.722136
4284	1.745699
4286	1.707777
4288	1.721899
4290	1.745585
4292	1.725238
4294	1.725937
4296	1.741903
4298	1.724468
4300	1.729528
4302	1.733169
4304	1.726568
4306	1.739487
4308.5	1.829875
4310.5	1.826762
4312.5	1.826005
4314.5	1.825771
4316.5	1.822816
4318.5	1.846034
4320.5	1.835488
4322.5	1.831061
4324.5	1.82896
4326.5	1.854779
4328.5	1.824299
4330.5	1.842385
4332.5	1.819589
4334.5	1.836396
4336.5	1.837471
4338.5	1.812256
4340.5	1.831178
4342.5	1.832789
4344.5	1.820754
4346.5	1.830612
4348.5	1.832157
4350.5	1.816876
4352.5	1.824302
4354.5	1.827197
4356.5	1.828987
4358.5	1.836103
4360.5	1.823167
4362.5	1.828117
4364.5	1.823807
4366.5	1.825768
4368.5	1.814866
4370.5	1.838652
4372.5	1.829047
4374.5	1.835825
4376.5	1.820193
4378.5	1.84057
4380.5	1.826675
4382.5	1.827972
4384.5	1.81464
4386.5	1.830666
4388.5	1.832541
4390.5	1.81874
4392.5	1.826215
4394.5	1.83124
4396.5	1.832242
4398.5	1.832204
4400.5	1.82609
4402.5	1.831831
4404.5	1.83253
4406.5	1.825826
4408.5	1.829039
4410.5	1.827983
4412.5	1.822318
4414.5	1.834405
4416.5	1.827986
4418.5	1.828345
4420.5	1.828462
4422.5	1.829325
4424.5	1.826119
4426.5	1.82529
4428.5	1.826136
4430.5	1.817655
4432.5	1.824857
4434.5	1.828655
4436.5	1.829855
4438.5	1.820724
4440.5	1.820251
4442.5	1.824514
4444.5	1.8248
4446.5	1.821491
4448.5	1.832527
4450.5	1.816675
4452.5	1.825224
4454.5	1.816468
4456.5	1.815625
4458.5	1.834326
4460.5	1.828873
4462.5	1.822816
4464.5	1.827611
4466.5	1.830974
4468.5	1.819423
4470.5	1.828198
4472.5	1.824054
4474.5	1.830568
4476.5	1.824343
4478.5	1.82138
4480.5	1.814215
4482.5	1.830051
4484.5	1.837417
4486.5	1.821023
4488.5	1.82662
4490.5	1.837722
4492.5	1.830914
4494.5	1.823325
4496.5	1.824441
4498.5	1.833319
4500.5	1.830919
4502.5	1.82237
4504.5	1.827436
4506.5	1.830976
4508.5	1.820444
4510.5	1.844296
4512.5	1.825254
4514.5	1.826544
4516.5	1.832283
4518.5	1.818944
4520.5	1.824362
4522.5	1.820754
4524.5	1.833344
4526.5	1.843223
4528.5	1.837297
4530.5	1.817157
4532.5	1.827311
4534.5	1.827243
4536.5	1.833676
4538.5	1.831232
4540.5	1.838399
4542.5	1.819676
4544.5	1.842728
4546.5	1.827954
4548.5	1.835202
4550.5	1.824917
4552.5	1.836946
4554.5	1.83105
4556.5	1.829921
4558.5	1.82037
4560.5	1.840013
4562.5	1.826498
4564.5	1.834252
4566.5	1.825583
4568.5	1.838845
4570.5	1.842266
4572.5	1.841387
4574.5	1.821333
4576.5	1.841708
4578.5	1.828109
4580.5	1.835526
4582.5	1.827183
4584.5	1.832152
4586.5	1.835311
4588.5	1.819595
4590.5	1.833855
4592.5	1.837692
4594.5	1.838236
4596.5	1.845534
4598.5	1.827224
4600.5	1.838369
4602.5	1.84016
4604.5	1.826318
4606.5	1.833608
4608.5	1.832462
4610.5	1.818961
4612.5	1.827502
4614.5	1.828944
4616.5	1.846195
4618.5	1.837284
4620.5	1.826566
4622.5	1.834704
4624.5	1.840209
4626.5	1.826389
4628.5	1.834271
4630.5	1.828378
4632.5	1.833752
4634.5	1.832005
4636.5	1.842587
4638.5	1.836767
4640.5	1.845101
4642.5	1.845422
4644.5	1.825641
4646.5	1.841809
4648.5	1.83785
4650.5	1.850007
4652.5	1.845041
4654.5	1.826378
4656.5	1.844233
4658.5	1.837912
4660.5	1.836081
4662.5	1.84651
4664.5	1.849634
4666.5	1.843237
4668.5	1.837297
4670.5	1.828971
4672.5	1.835648
4674.5	1.845223
4676.5	1.838247
4678.5	1.847354
4680.5	1.848815
4682.5	1.840734
4684.5	1.841972
4686.5	1.849876
4688.5	1.84995
4690.5	1.853236
4692.5	1.839809
4694.5	1.837363
4696.5	1.847384
4698.5	1.853802
4700.5	1.845207
4702.5	1.840723
4704.5	1.856289
4706.5	1.852347
4708.5	1.861949
4710.5	1.847708
4712.5	1.857008
4714.5	1.852197
4716.5	1.855533
4718.5	1.856561
4720.5	1.859364
4722.5	1.869113
4724.5	1.856853
4726.5	1.863397
4728.5	1.855318
4730.5	1.866485
4732.5	1.843966
4734.5	1.868945
4736.5	1.86368
4738.5	1.861478
4740.5	1.857604
4742.5	1.870969
4744.5	1.85239
4746.5	1.85667
4748.5	1.852573
4750.5	1.863905
4752.5	1.861233
4754.5	1.85466
4756.5	1.858279
4758.5	1.867396
4760.5	1.860442
4762.5	1.869222
4764.5	1.855759
4766.5	1.875532
4768.5	1.855353
4770.5	1.863369
4772.5	1.853547
4774.5	1.873799
4776.5	1.862167
4778.5	1.855441
4780.5	1.863614
4782.5	1.859168
4784.5	1.869791
4786.5	1.868923
4788.5	1.982593
4790.5	1.974956
4792.5	1.970104
4794.5	1.965721
4796.5	1.963492
4798.5	1.976458
4800.5	1.959443
4802.5	1.964594
4804.5	1.969356
4806.5	1.96898
4808.5	1.962118
4810.5	1.967827
4812.5	1.965713
4814.5	1.96941
4816.5	1.978229
4818.5	1.984876
4820.5	1.974351
4822.5	1.98908
4824.5	1.991148
4826.5	1.976852
4828.5	1.988579
4830.5	1.971154
4832.5	1.966804
4834.5	1.977233
4836.5	1.976561
4838.5	1.970869
4840.5	1.976936
4842.5	1.97008
4844.5	1.99444
4846.5	1.959691
4848.5	1.971938
4850.5	1.974648
4852.5	1.964796
4854.5	1.964635
4856.5	1.972806
4858.5	1.980895
4860.5	1.979598
4862.5	1.977628
4864.5	1.980389
4866.5	1.979657
4868.5	1.959854
4870.5	1.981048
4872.5	1.982109
4874.5	1.988726
4876.5	1.989507
4878.5	1.981676
4880.5	1.981717
4882.5	1.983502
4884.5	1.973255
4886.5	1.986528
4888.5	1.979407
4890.5	1.9832
4892.5	1.983347
4894.5	1.980234
4896.5	1.987121
4898.5	1.981459
4900.5	1.97356
4902.5	1.98151
4904.5	1.989216
4906.5	1.970314
4908.5	1.974708
4910.5	1.988046
4912.5	1.981527
4914.5	1.985306
4916.5	1.984169
4918.5	1.977217
4920.5	1.995931
4922.5	1.985752
4924.5	1.983812
4926.5	1.971157
4928.5	1.981431
4930.5	1.991145
4932.5	1.976898
4934.5	1.977837
4936.5	1.977902
4938.5	1.977636
4940.5	1.984054
4942.5	1.986903
4944.5	1.981502
4946.5	1.987069
4948.5	1.992647
4950.5	1.985295
4952.5	1.99822
4954.5	2.003202
4956.5	1.991706
4958.5	1.991439
4960.5	1.988835
4962.5	1.995319
4964.5	2.002111
4966.5	1.991406
4968.5	1.994987
4970.5	1.98736
4972.5	1.998802
4974.5	1.995186
4976.5	1.984939
4978.5	1.986413
4980.5	1.992427
4982.5	1.986476
4984.5	1.992187
4986.5	1.996772
4988.5	1.98169
4990.5	1.990242
4992.5	1.999659
4994.5	1.989393
4996.5	2.001662
4998.5	1.997762
5000.5	1.990707
5002.5	2.003926
5004.5	1.966632
5006.5	1.996685
5008.5	1.987983
5010.5	1.987077
5012.5	2.003041
5014.5	1.992503
5016.5	1.997782
5018.5	1.992484
5020.5	2.003071
5022.5	2.001994
5024.5	1.992413
5026.5	1.997052
5028.5	2.002247
5030.5	1.987458
5032.5	2.001343
5034.5	1.991725
5036.5	1.991159
5038.5	2.007027
5040.5	1.990713
5042.5	1.998239
5044.5	1.995703
5046.5	1.995768
5048.5	2.003289
5050.5	2.00949
5052.5	1.998647
5054.5	2.006306
5056.5	2.004529
5058.5	1.99447
5060.5	1.997746
5062.5	2.01623
5064.5	2.013999
5066.5	2.02002
5068.5	1.99936
5070.5	1.994761
5072.5	2.012222
5074.5	2.014679
5076.5	2.008641
5078.5	2.010962
5080.5	1.993804
5082.5	1.995659
5084.5	2.006554
5086.5	1.984522
5088.5	1.972607
5090.5	1.990215
5092.5	1.991532
5094.5	2.007517
5096.5	1.984264
5098.5	1.997139
5100.5	1.999153
5102.5	1.989295
5104.5	1.996734
5106.5	1.985407
5108.5	1.99761
5110.5	1.998669
5112.5	1.996435
5114.5	1.999499
5116.5	2.007291
5118.5	1.983989
5120.5	1.996614
5122.5	2.002581
5124.5	1.993033
5126.5	1.998092
5128.5	1.992133
5130.5	1.992775
5132.5	1.998873
5134.5	1.994106
5136.5	2.008919
5138.5	1.994731
5140.5	1.979448
5142.5	1.995515
5144.5	1.994644
5146.5	1.984095
5148.5	2.003449
5150.5	1.978065
5152.5	1.993858
5154.5	2.006799
5156.5	2.00053
5158.5	1.994389
5160.5	2.002075
5162.5	2.05161
5164.5	2.009169
5166.5	1.989651
5168.5	1.987007
5170.5	2.001849
5172.5	1.973013
5174.5	1.981431
5176.5	1.996236
5178.5	1.977992
5180.5	1.984895
5182.5	1.991825
5184.5	1.987698
5186.5	1.986944
5188.5	1.978163
5190.5	1.992397
5192.5	1.989651
5194.5	1.987415
5196.5	1.995188
5198.5	1.987513
5200.5	1.989107
5202.5	1.992949
5204.5	1.994339
5206.5	1.988013
5208.5	1.998179
5210.5	1.990533
5212.5	1.998111
5214.5	1.994949
5216.5	1.99595
5218.5	1.998293
5220.5	1.997512
5222.5	1.983241
5224.5	1.997237
5226.5	2.004693
5228.5	1.998573
5230.5	1.998894
5232.5	1.991439
5234.5	1.987249
5236.5	1.999101
5238.5	1.994835
5240.5	1.993512
5242.5	1.999825
5244.5	1.985709
5246.5	1.997803
5248.5	1.993178
5250.5	1.978811
5252.5	2.008679
5254.5	1.980811
5256.5	1.983268
5258.5	1.996666
5260.5	1.985673
5262.5	1.99918
5264.5	1.994258
5266.5	1.994285
5268.5	1.994601
5270.5	1.985094
5272.5	2.023652
5274.5	1.998492
5276.5	1.999811
5278.5	2.010578
5280.5	2.006954
5282.5	1.998927
5284.5	2.000886
5286.5	2.003131
5288.5	2.003071
5290.5	2.004834
5292.5	2.001781
5294.5	2.00103
5296.5	2.011849
5298.5	1.99305
5300.5	2.003019
5302.5	2.001602
5304.5	1.996242
5306.5	2.003915
5308.5	2.006178
5310.5	1.998922
5312.5	2.001697
5314.5	1.999463
5316.5	1.989504
5318.5	2.007136
5320.5	2.002026
5322.5	1.996301
5324.5	2.011471
5326.5	1.994979
5328.5	1.996647
5330.5	1.982071
5332.5	1.991181
5334.5	2.008208
5336.5	1.976289
5338.5	1.978215
5340.5	2.002067
5342.5	1.992277
5344.5	2.003615
5346.5	1.986862
5348.5	1.98994
5350.5	1.997705
5352.5	1.988759
5354.5	1.991357
5356.5	2.001792
5358.5	1.995031
5360.5	2.000035
5362.5	1.995765
5364.5	1.981603
5366.5	1.998535
5368.5	2.000437
5370.5	1.997771
5372.5	2.002443
5374.5	2.003931
5376.5	1.995978
5378.5	2.003558
5380.5	2.006897
5382.5	1.997947
5384.5	2.007882
5386.5	2.000565
5388.5	2.007188
5390.5	2.004238
5392.5	1.994323
5394.5	2.000152
5396.5	2.008442
5398.5	1.999637
5400.5	2.003833
5402.5	2.003379
5404.5	1.99662
5406.5	2.006415
5408.5	2.01402
5410.5	1.992304
5412.5	2.002393
5414.5	1.985279
5416.5	1.987243
5418.5	2.006625
5420.5	1.974632
5422.5	2.004745
5424.5	1.999071
5426.5	1.991651
5428.5	1.99939
5430.5	1.986237
5432.5	2.00851
5434.5	2.007767
5436.5	2.007621
5438.5	2.104718
5440.5	2.109172
5442.5	2.114369
5444.5	2.081062
5446.5	2.114614
5448.5	2.103869
5450.5	2.114045
5452.5	2.105129
5454.5	2.110062
5456.5	2.111447
5458.5	2.110707
5460.5	2.107605
5462.5	2.12017
5464.5	2.121269
5466.5	2.115452
5468.5	2.112709
5470.5	2.115822
5472.5	2.117139
5474.5	2.120322
5476.5	2.117767
5478.5	2.095113
5480.5	2.120537
5482.5	2.118075
5484.5	2.122483
5486.5	2.125737
5488.5	2.111787
5490.5	2.122943
5492.5	2.032038
5500.5	0
5508.5	0
5516.5	0
5524.5	0
5532.5	0
5540.5	0
5548.5	0
5556.5	0
5564.5	0
5572.5	0
5580.5	0
5588.5	0
5596.5	0
5604.5	0
5612.5	0
5620.5	0
5628.5	0
5636.5	0
5644.5	0
5652.5	0
5660.5	0
5668.5	0
5676.5	0
5684.5	0
5692.5	0
5700.5	0
5708.5	0
5716.5	0
5724.5	0
5732.5	0
5740.5	0
5748.5	0
5756.5	0
5764.5	0
5772.5	0
5780.5	0
5788.5	0
5796.5	0
5804.5	0
5812.5	0
5820.5	0
5828.5	0
5836.5	0
5844.5	0
5852.5	0
5860.5	0
5868.5	0
5876.5	0
5884.5	0
5892.5	0
5900.5	0
5908.5	0
5916.5	0
5924.5	0
5932.5	0
5940.5	0
5948.5	0
5956.5	0
5964.5	0
5972.5	0
5980.5	0
5988.5	0
5996.5	0
6004.5	0
6012.5	0
6020.5	0
6028.5	0
6036.5	0
6044.5	0
6052.5	0
6060.5	0
6068.5	0
6076.5	0
6084.5	0
6092.5	0
6100.5	0
6108.5	0
6116.5	0
6124.5	0
6132.5	0
6140.5	0
6148.5	0
6156.5	0
6164.5	0
6172.5	0
6180.5	0
6188.5	0
6196.5	0
6204.5	0
6212.5	0
6220.5	0
6228.5	0
6236.5	0
6244.5	0
6252.5	0
6260.5	0
6268.5	0
6276.5	0
6284.5	0
6292.5	0
6300.5	0
6308.5	0
6316.5	0
6324.5	0
6332.5	0
6340.5	0
6348.5	0
6356.5	0
6364.5	0
6372.5	0
6376.15	0
6376.5	0
6378.5	0
6380.8	2.115076
6382.1	2.131886
6384.1	2.116556
6386.1	2.150182
6388.1	2.134343
6390.1	2.149181
6392.1	2.122828
6394.1	2.125217
6396.1	2.143227
6398.1	2.146454
6400.1	2.109634
6402.1	2.116031
6404.1	2.140076
6406.1	2.142251
6408.1	2.14012
6410.1	2.132651
6412.1	2.152519
6414.1	2.134297
6416.1	2.146054
6418.1	2.14625
6420.1	2.127495
6422.1	2.142436
6424.1	2.127511
6426.1	2.149426
6428.1	2.125968
6430.1	2.149366
6432.1	2.13116
6434.1	2.135059
6436.1	2.148536
6438.1	2.150128
6440.1	2.150275
6442.1	2.127723
6444.1	2.15878
6446.1	2.136585
6448.1	2.158587
6450.1	2.152963
6452.1	2.154062
6454.1	2.152054
6456.1	2.148139
6458.1	2.165838
6460.1	2.149243
6462.1	2.144694
6464.1	2.154639
6466.1	2.162396
6468.1	2.15465
6470.1	2.140642
6472.1	2.160318
6474.1	2.113416
6476.1	2.15982
6478.1	2.143924
6480.1	2.132719
6482.1	2.152119
6484.1	2.148805
6486.1	2.150408
6488.1	2.120861
6490.1	2.153093
6492.1	2.136289
6494.1	2.158165
6496.1	2.153667
6498.1	2.163104
6500.1	2.142079
6502.1	2.147918
6504.1	2.153191
6506.1	2.159036
6508.1	2.121813
6510.1	2.140504
6512.1	2.161232
6514.1	2.117699
6516.1	2.152038
6518.1	2.149496
6520.1	2.167721
6522.1	2.154389
6524.1	2.144117
6526.1	2.160445
6528.1	2.146269
6530.1	2.157711
6532.1	2.160239
6534.1	2.145219
6536.1	2.156576
6538.1	2.145733
6540.1	2.160731
6542.1	2.138379
6544.1	2.163863
6546.1	2.141644
6548.1	2.144582
6550.1	2.157583
6552.1	2.162938
6554.1	2.126436
6556.1	2.136811
6558.1	2.158375
6560.1	2.152949
6562.1	2.154122
6564.1	2.150979
6566.1	2.169444
6568.1	2.140982
6570.1	2.152655
6572.1	2.157248
6574.1	2.132526
6576.1	2.152596
6578.1	2.140827
6580.1	2.160742
6582.1	2.142357
6584.1	2.159278
6586.1	2.141211
6588.1	2.142552
6590.1	2.155899
6592.1	2.151804
6594.1	2.158353
6596.1	2.133377
6598.1	2.162274
6600.1	2.141429
6602.1	2.161207
6604.1	2.155082
6606.1	2.168744
6608.1	2.144063
6610.1	2.151763
6612.1	2.156889
6614.1	2.118124
6616.1	2.15275
6618.1	2.143263
6620.1	2.160299
6622.1	2.147135
6624.1	2.148133
6626.1	2.149181
6628.1	2.130833
6630.1	2.155172
6632.1	2.14748
6634.1	2.161479
6636.1	2.144073
6638.1	2.167419
6640.1	2.142188
6642.1	2.157458
6644.1	2.159455
6646.1	2.154149
6648.1	2.150402
6650.1	2.148743
6652.1	2.165585
6654.1	2.151926
6656.1	2.150987
6658.1	2.155306
6660.1	2.162595
6662.1	2.122382
6664.1	2.141475
6666.1	2.160505
6668.1	2.113738
6670.1	2.154092
6672.1	2.144174
6674.1	2.166265
6676.1	2.150209
6678.1	2.145391
6680.1	2.155662
6682.1	2.144324
6684.1	2.156239
6686.1	2.152775
6688.1	2.137805
6690.1	2.150906
6692.1	2.14024
6694.1	2.167074
6696.1	2.142397
6698.1	2.152615
6700.1	2.145219
6702.1	2.140136
6704.1	2.145586
6706.1	2.141108
6708.1	2.151948
6710.1	2.134164
6712.1	2.156886
6714.1	2.136006
6716.1	2.137043
6718.1	2.145145
6720.1	2.134613
6722.1	2.151455
6724.1	2.149874
6726.1	2.16179
6728.1	2.141385
6730.1	2.144835
6732.1	2.162652
6734.1	2.144645
6736.1	2.142887
6738.1	2.152356
6740.1	2.155488
6742.1	2.119833
6744.1	2.144299
6746.1	2.160919
6748.1	2.145524
6750.1	2.151159
6752.1	2.150696
6754.1	2.164301
6756.1	2.152827
6758.1	2.148413
6760.1	2.169512
6762.1	2.146068
6764.1	2.153131
6766.1	2.15933
6768.1	2.123911
6770.1	2.150283
6772.1	2.154769
6774.1	2.163433
6776.1	2.152832
6778.1	2.145268
6780.1	2.158016
6782.1	2.119631
6784.1	2.158579
6786.1	2.145105
6788.1	2.164227
6790.1	2.154571
6792.1	2.158239
6794.1	2.155074
6796.1	2.134014
6798.1	2.153064
6800.1	2.142803
6802.1	2.164962
6804.1	2.157939
6806.1	2.171223
6808.1	2.147611
6810.1	2.152685
6812.1	2.161841
6814.1	2.148944
6816.1	2.148362
6818.1	2.158824
6820.1	2.167234
6822.1	2.127642
6824.1	2.14542
6826.1	2.15776
6828.1	2.16373
6830.1	2.153355
6832.1	2.153066
6834.1	2.16684
6836.1	2.145265
6838.1	2.160685
6840.1	2.162133
6842.1	2.124665
6844.1	2.157145
6846.1	2.161011
6848.1	2.171715
6850.1	2.157352
6852.1	2.152133
6854.1	2.161308
6856.1	2.145431
6858.1	2.163776
6860.1	2.152658
6862.1	2.158113
6864.1	2.160418
6866.1	2.156391
6868.1	2.162029
6870.1	2.151491
6872.1	2.166519
6874.1	2.165596
6876.1	2.137603
6878.1	2.16253
6880.1	2.148405
6882.1	2.174807
6884.1	2.16352
6886.1	2.170464
6888.1	2.160116
6890.1	2.161637
6892.1	2.16808
6894.1	2.15783
6896.1	2.156285
6898.1	2.164861
6900.1	2.173993
6902.1	2.15838
6904.1	2.153921
6906.1	2.168499
6908.1	2.173577
6910.1	2.164984
6912.1	2.161659
6914.1	2.179895
6916.1	2.149817
6918.1	2.168396
6920.1	2.169027
6922.1	2.15151
6924.1	2.165629
6926.1	2.15539
6928.1	2.168023
6930.1	2.15462
6932.1	2.17319
6934.1	2.157624
6936.1	2.160067
6938.1	2.171757
6940.1	2.177604
6942.1	2.168464
6944.1	2.150386
6946.1	2.177438
6948.1	2.161517
6950.1	2.175438
6952.1	2.170312
6954.1	2.18874
6956.1	2.170456
6958.1	2.169248
6960.1	2.178836
6962.1	2.174026
6964.1	2.169607
6966.1	2.174855
6968.1	2.184243
6970.1	2.172616
6972.1	2.163158
6974.1	2.18362
6976.1	2.149194
6978.1	2.171786
6980.1	2.173207
6982.1	2.15145
6984.1	2.173876
6986.1	2.171544
6988.1	2.183446
6990.1	2.172072
6992.1	2.179862
6994.1	2.184276
6996.1	2.149439
6998.1	2.174984
7000.1	2.17586
7002.1	2.190245
7004.1	2.176891
7006.1	2.178991
7008.1	2.171863
7010.1	2.165591
7012.1	2.185152
7014.1	2.169993
7016.1	2.185976
7018.1	2.180619
7020.1	2.1787
7022.1	2.180953
7024.1	2.163561
7026.1	2.180902
7028.1	2.162976
7030.1	2.187388
7032.1	2.181168
7034.1	2.187013
7036.1	2.181451
7038.1	2.173479
7040.1	2.190175
7042.1	2.174594
7044.1	2.178681
7046.1	2.182333
7048.1	2.184803
7050.1	2.153074
7052.1	2.177228
7054.1	2.193521
7056.1	2.154048
7058.1	2.185198
7060.1	2.18763
7062.1	2.194656
7064.1	2.185688
7066.1	2.183712
7068.1	2.198871
7070.1	2.171512
7072.1	2.190542
7074.1	2.189312
7076.1	2.155504
7078.1	2.189247
7080.1	2.179345
7082.1	2.200558
7084.1	2.182918
7086.1	2.194136
7088.1	2.187878
7090.1	2.17885
7092.1	2.196612
7094.1	2.184156
7096.1	2.200022
7098.1	2.192466
7100.1	2.201594
7102.1	2.186047
7104.1	2.173568
7106.1	2.194778
7108.1	2.181998
7110.1	2.200212
7112.1	2.192044
7114.1	2.204253
7116.1	2.184904
7118.1	2.188751
7120.1	2.197848
7122.1	2.196827
7124.1	2.192011
7126.1	2.197799
7128.1	2.205366
7130.1	2.172124
7132.1	2.182765
7134.1	2.196678
7136.1	2.159452
7138.1	2.189189
7140.1	2.193124
7142.1	2.204674
7144.1	2.189693
7146.1	2.198318
7148.1	2.196163
7150.1	2.174711
7152.1	2.172537
7154.1	2.183345
7156.1	2.171892
7158.1	2.170728
7160.1	2.1646
7162.1	2.163874
7164.1	2.1734
7166.1	2.189004
7168.1	2.177019
7170.1	2.181312
7172.1	2.186643
7174.1	2.172045
7176.1	2.172581
7178.1	2.173873
7180.1	2.17279
7182.1	2.172257
7184.1	2.172303
7186.1	2.165528
7188.1	2.180659
7190.1	2.178162
7192.1	2.177313
7194.1	2.185478
7196.1	2.16167
7198.1	2.156992
7200.1	2.173122
7202.1	2.187875
7204.1	2.162573
7206.1	2.188844
7208.1	2.188458
7210.1	2.1798
7212.1	2.181106
7214.1	2.177043
7216.1	2.182635
7218.1	2.174317
7220.1	2.196346
7222.1	2.175185
7224.1	2.193638
7226.1	2.185331
7228.1	2.186626
7230.1	2.18621
7232.1	2.18818
7234.1	2.18735
7236.1	2.178806
7238.1	2.151804
7240.1	2.178926
7242.1	2.203001
7244.1	2.189968
7246.1	2.19711
7248.1	2.181144
7250.1	2.121468
7252.1	2.190278
7254.1	2.18177
7256.1	2.123759
7258.1	2.179416
7260.1	2.193867
7262.1	2.188917
7264.1	2.193056
7266.1	2.200267
7268.1	2.162004
7270.1	2.169795
7272.1	2.180259
7274.1	2.181291
7276.1	2.181791
7278.1	2.198008
7280.1	2.17943
7282.1	2.199872
7284.1	2.192993
7286.1	2.188602
7288.1	2.191957
7290.1	2.181974
7292.1	2.180453
7294.1	2.183786
7296.1	2.205942
7298.1	2.190243
7300.1	2.20268
7302.1	2.202966
7304.1	2.192697
7306.1	2.197728
7308.1	2.187881
7310.1	2.190621
7312.1	2.193176
7314.1	2.199662
7316.1	2.192169
7318.1	2.206323
7320.1	2.204781
7322.1	2.193791
7324.1	2.213787
7326.1	2.189883
7328.1	2.205319
7330.1	2.207061
7332.1	2.199603
7334.1	2.192398
7336.1	2.191192
7338.1	2.180181
7340.1	2.202051
7342.1	2.215322
7344.1	2.202163
7346.1	2.200356
7348.1	2.205276
7350.1	2.18402
7352.1	2.195015
7354.1	2.19187
7356.1	2.183669
7358.1	2.20459
7360.1	2.221708
7362.1	2.206059
7364.1	2.204925
7366.1	2.208195
7368.1	2.188711
7370.1	2.207113
7372.1	2.194468
7374.1	2.188224
7376.1	2.207747
7378.1	2.219104
7380.1	2.204155
7382.1	2.203651
7384.1	2.204185
7386.1	2.194144
7388.1	2.204032
7390.1	2.213158
7392.1	2.195252
7394.1	2.210546
7396.1	2.219095
7398.1	2.20909
7400.1	2.205719
7402.1	2.212938
7404.1	2.214274
7406.1	2.207349
7408.1	2.202601
7410.1	2.194789
7412.1	2.215379
7414.1	2.221201
7416.1	2.210119
7418.1	2.228472
7420.1	2.197211
7422.1	2.209153
7424.1	2.216878
7426.1	2.20585
7428.1	2.211855
7430.1	2.209458
7432.1	2.223493
7434.1	2.201983
7436.1	2.227356
7438.1	2.220513
7440.1	2.218138
7442.1	2.221095
7444.1	2.193929
7446.1	2.205981
7448.1	2.212892
7450.1	2.192185
7452.1	2.210603
7454.1	2.218867
7456.1	2.223653
7458.1	2.215213
7460.1	2.228624
7462.1	2.188185
7464.1	2.222233
7466.1	2.211621
7468.1	2.184248
7470.1	2.207442
7472.1	2.233984
7474.1	2.209093
7476.1	2.221142
7478.1	2.220725
7480.1	2.195976
7482.1	2.216429
7484.1	2.213615
7486.1	2.206612
7488.1	2.219272
7490.1	2.23658
7492.1	2.208323
7494.1	2.234379
7496.1	2.222948
7498.1	2.214388
7500.1	2.220644
7502.1	2.205632
7504.1	2.21463
7506.1	2.215776
7508.1	2.217705
7510.1	2.202062
7512.1	2.219305
7514.1	2.224682
7516.1	2.209659
7518.1	2.228015
7520.1	2.21145
7522.1	2.214649
7524.1	2.218122
7526.1	2.217741
7528.1	2.207131
7530.1	2.213539
7532.1	2.223463
7534.1	2.211134
7536.1	2.221223
7538.1	2.207298
7540.1	2.218938
7542.1	2.205681
7544.1	2.214742
7546.1	2.208761
7548.1	2.214573
7550.1	2.182534
7552.1	2.215969
7554.1	2.23316
7556.1	2.228211
7558.1	2.219457
7560.1	2.201888
7562.1	2.200669
7564.1	2.21392
7566.1	2.205213
7568.1	2.174431
7570.1	2.216342
7572.1	2.235707
7574.1	2.224083
7576.1	2.215738
7578.1	2.219123
7580.1	2.205692
7582.1	2.216892
7584.1	2.2028
7586.1	2.192242
7588.1	2.220064
7590.1	2.23627
7592.1	2.226429
7594.1	2.225117
7596.1	2.229677
7598.1	2.214551
7600.1	2.219762
7602.1	2.209521
7604.1	2.206323
7606.1	2.216464
7608.1	2.226173
7610.1	2.213907
7612.1	2.227397
7614.1	2.23381
7616.1	2.22411
7618.1	2.228545
7620.1	2.221455
7622.1	2.214217
7624.1	2.221822
7626.1	2.224437
7628.1	2.206402
7630.1	2.229198
7632.1	2.233734
7634.1	2.226001
7636.1	2.2327
7638.1	2.226453
7640.1	2.225114
7642.1	2.222815
7644.1	2.213044
7646.1	2.222355
7648.1	2.221944
7650.1	2.20222
7652.1	2.228292
7654.1	2.24396
7656.1	2.23461
7658.1	2.234502
7660.1	2.236014
7662.1	2.205785
7664.1	2.222709
7666.1	2.216424
7668.1	2.188474
7670.1	2.211844
7672.1	2.221588
7674.1	2.203839
7676.1	2.227789
7678.1	2.236205
7680.1	2.195328
7682.1	2.225792
7684.1	2.216062
7686.1	2.183633
7688.1	2.209608
7690.1	2.231174
7692.1	2.207433
7694.1	2.224518
7696.1	2.241924
7698.1	2.212345
7700.1	2.231519
7702.1	2.221305
7704.1	2.190408
7706.1	2.221016
7708.1	2.223212
7710.1	2.191339
7712.1	2.217458
7714.1	2.233005
7716.1	2.194161
7718.1	2.233163
7720.1	2.220086
7722.1	2.222663
7724.1	2.229092
7726.1	2.227185
7728.1	2.21312
7730.1	2.219626
7732.1	2.232042
7734.1	2.227838
7736.1	2.237056
7738.1	2.235944
7740.1	2.222489
7742.1	2.23661
7744.1	2.218935
7746.1	2.232627
7748.1	2.221694
7750.1	2.237334
7752.1	2.229087
7754.1	2.247317
7756.1	2.243334
7758.1	2.232771
7760.1	2.237908
7762.1	2.223721
7764.1	2.234907
7766.1	2.229024
7768.1	2.196305
7770.1	2.231849
7772.1	2.232812
7774.1	2.233759
7776.1	2.235742
7778.1	2.24726
7780.1	2.227503
7782.1	2.235702
7784.1	2.237013
7786.1	2.211428
7788.1	2.235209
7790.1	2.228306
7792.1	2.221607
7794.1	2.236534
7796.1	2.25003
7798.1	2.234812
7800.1	2.236074
7802.1	2.237375
7804.1	2.234991
7806.1	2.238942
7808.1	2.238842
7810.1	2.212067
7812.1	2.239592
7814.1	2.260715
7816.1	2.248299
7818.1	2.243796
7820.1	2.241527
7822.1	2.2431
7824.1	2.23996
7826.1	2.224897
7828.1	2.214503
7830.1	2.237908
7832.1	2.25434
7834.1	2.231421
7836.1	2.250016
7838.1	2.248767
7840.1	2.241916
7842.1	2.247252
7844.1	2.240414
7846.1	2.235326
7848.1	2.240148
7850.1	2.247608
7852.1	2.225514
7854.1	2.251205
7856.1	2.241105
7858.1	2.249456
7860.1	2.248354
7862.1	2.234839
7864.1	2.240858
7866.1	2.238667
7868.1	2.208723
7870.1	2.239538
7872.1	2.255616
7874.1	2.251102
7876.1	2.250493
7878.1	2.250857
7880.1	2.221291
7882.1	2.245981
7884.1	2.238063
7886.1	2.206816
7888.1	2.241203
7890.1	2.259687
7892.1	2.23541
7894.1	2.247497
7896.1	2.253535
7898.1	2.216029
7900.1	2.247018
7902.1	2.230861
7904.1	2.211768
7906.1	2.235179
7908.1	2.258119
7910.1	2.232053
7912.1	2.250868
7914.1	2.250909
7916.1	2.208636
7918.1	2.249121
7920.1	2.237628
7922.1	2.239391
7924.1	2.244909
7926.1	2.245715
7928.1	2.233016
7930.1	2.245614
7932.1	2.256402
7934.1	2.242534
7936.1	2.251907
7938.1	2.242237
7940.1	2.246958
7942.1	2.25132
7944.1	2.243878
7946.1	2.243723
7948.1	2.23562
7950.1	2.258228
7952.1	2.239957
7954.1	2.253725
7956.1	2.238904
7958.1	2.24495
7960.1	2.248376
7962.1	2.228276
7964.1	2.244466
7966.1	2.234374
7968.1	2.21013
7970.1	2.245685
7972.1	2.258878
7974.1	2.255673
7976.1	2.243051
7978.1	2.254726
7980.1	2.236877
7982.1	2.248131
7984.1	2.247339
7986.1	2.215357
7988.1	2.228921
7990.1	2.245704
7992.1	2.240909
7994.1	2.245785
7996.1	2.25613
7998.1	2.237973
8000.1	2.243924
8002.1	2.236823
8004.1	2.211572
8006.1	2.242542
8008.1	2.250199
8010.1	2.245448
8012.1	2.25154
8014.1	2.258427
8016.1	2.248003
8018.1	2.246038
8020.1	2.24914
8022.1	2.231585
8024.1	2.246302
8026.1	2.236197
8028.1	2.224592
8030.1	2.238637
8032.1	2.256734
8034.1	2.245837
8036.1	2.247034
8038.1	2.247279
8040.1	2.243029
8042.1	2.244474
8044.1	2.235236
8046.1	2.220467
8048.1	2.238626
8050.1	2.262217
8052.1	2.230494
8054.1	2.256685
8056.1	2.25151
8058.1	2.241718
8060.1	2.252778
8062.1	2.242743
8064.1	2.229269
8066.1	2.236246
8068.1	2.245461
8070.1	2.219583
8072.1	2.243851
8074.1	2.240177
8076.1	2.242936
8078.1	2.247562
8080.1	2.239086
8082.1	2.228004
8084.1	2.239369
8086.1	2.205809
8088.1	2.232412
8090.1	2.244993
8092.1	2.230695
8094.1	2.247336
8096.1	2.256071
8098.1	2.219515
8100.1	2.246357
8102.1	2.235291
8104.1	2.206672
8106.1	2.241418
8108.1	2.236648
8110.1	2.225414
8112.1	2.245579
8114.1	2.229538
8116.1	2.215311
8118.1	2.251673
8120.1	2.247157
8122.1	2.220393
8124.1	2.252963
8126.1	2.243649
8128.1	2.233824
8130.1	2.244836
8132.1	2.255431
8134.1	2.232205
8136.1	2.252329
8138.1	2.23879
8140.1	2.244525
8142.1	2.241247
8144.1	2.245755
8146.1	2.233549
8148.1	2.234708
8150.1	2.257787
8152.1	2.241135
8154.1	2.256979
8156.1	2.247853
8158.1	2.242115
8160.1	2.249336
8162.1	2.235718
8164.1	2.252952
8166.1	2.234847
8168.1	2.251725
8170.1	2.244882
8172.1	2.250748
8174.1	2.25721
8176.1	2.240967
8178.1	2.254977
8180.1	2.238472
8182.1	2.248452
8184.1	2.250514
8186.1	2.218725
8188.1	2.248044
8190.1	2.261504
8192.1	2.25514
8194.1	2.247323
8196.1	2.260979
8198.1	2.243742
8200.1	2.253695
8202.1	2.246071
8204.1	2.21752
8206.1	2.244142
8208.1	2.263278
8210.1	2.258533
8212.1	2.25437
8214.1	2.259464
8216.1	2.237476
8218.1	2.252933
8220.1	2.239029
8222.1	2.226341
8224.1	2.253369
8226.1	2.265861
8228.1	2.252481
8230.1	2.24788
8232.1	2.248202
8234.1	2.236338
8236.1	2.240931
8238.1	2.251918
8240.1	2.232518
8242.1	2.249502
8244.1	2.255654
8246.1	2.243649
8248.1	2.240749
8250.1	2.245521
8252.1	2.239696
8254.1	2.242928
8256.1	2.231411
8258.1	2.218823
8260.1	2.229958
8262.1	2.260198
8264.1	2.242879
8266.1	2.251265
8268.1	2.247987
8270.1	2.24249
8272.1	2.239358
8274.1	2.239323
8276.1	2.22411
8278.1	2.241568
8280.1	2.2263
8282.1	2.244025
8284.1	2.24938
8286.1	2.253118
8288.1	2.246417
8290.1	2.24199
8292.1	2.240586
8294.1	2.241024
8296.1	2.241399
8298.1	2.214938
8300.1	2.234398
8302.1	2.257115
8304.1	2.260016
8306.1	2.250857
8308.1	2.251796
8310.1	2.220023
8312.1	2.248191
8314.1	2.235633
8316.1	2.20521
8318.1	2.230453
8320.1	2.256947
8322.1	2.245448
8324.1	2.249703
8326.1	2.25828
8328.1	2.21718
8330.1	2.249537
8332.1	2.244196
8334.1	2.214889
8336.1	2.242512
8338.1	2.248865
8340.1	2.239391
8342.1	2.253023
8344.1	2.258212
8346.1	2.223313
8348.1	2.251867
8350.1	2.239162
8352.1	2.245666
8354.1	2.247785
8356.1	2.247611
8358.1	2.237135
8360.1	2.255113
8362.1	2.262388
8364.1	2.245094
8366.1	2.261654
8368.1	2.253703
8370.1	2.248218
8372.1	2.255472
8374.1	2.251279
8376.1	2.249551
8378.1	2.247415
8380.1	2.263262
8382.1	2.248017
8384.1	2.262166
8386.1	2.249897
8388.1	2.252601
8390.1	2.253472
8392.1	2.256084
8394.1	2.244474
8396.1	2.246447
8398.1	2.248757
8400.1	2.254585
8402.1	2.262889
8404.1	2.216263
8406.1	2.25289
8408.1	2.252356
8410.1	2.222113
8412.1	2.249404
8414.1	2.255208
8416.1	2.239979
8418.1	2.253543
8420.1	2.265613
8422.1	2.257899
8424.1	2.251682
8426.1	2.258157
8428.1	2.241726
8430.1	2.251442
8432.1	2.239184
8434.1	2.226165
8436.1	2.251292
8438.1	2.265553
8440.1	2.256274
8442.1	2.251094
8444.1	2.253301
8446.1	2.233413
8448.1	2.253728
8450.1	2.238126
8452.1	2.22722
8454.1	2.259586
8456.1	2.269542
8458.1	2.259338
8460.1	2.253644
8462.1	2.252152
8464.1	2.243366
8466.1	2.25129
8468.1	2.238556
8470.1	2.22509
8472.1	2.250161
8474.1	2.271931
8476.1	2.252321
8478.1	2.265831
8480.1	2.266911
8482.1	2.256672
8484.1	2.259817
8486.1	2.253004
8488.1	2.256506
8490.1	2.255009
8492.1	2.271754
8494.1	2.251056
8496.1	2.270353
8498.1	2.269384
8500.1	2.256557
8502.1	2.232436
8504.1	2.231522
8506.1	2.216813
8508.1	2.232774
8510.1	2.19855
8512.1	2.21946
8514.1	2.21349
8516.1	2.21312
8518.1	2.226722
8520.1	2.228336
8522.1	2.219142
8524.1	2.237252
8526.1	2.201222
8528.1	2.215134
8530.1	2.214739
8532.1	2.215694
8534.1	2.219251
8536.1	2.230942
8538.1	2.222415
8540.1	2.230545
8542.1	2.192577
8544.1	2.217969
8546.1	2.217996
8548.1	2.195246
8550.1	2.228943
8552.1	2.234785
8554.1	2.224004
8556.1	2.223125
8558.1	2.235176
8560.1	2.227876
8562.1	2.235081
8564.1	2.228254
8566.1	2.231239
8568.1	2.243513
8570.1	2.23802
8572.1	2.240741
8574.1	2.253097
8576.1	2.216102
8578.1	2.232485
8580.1	2.232591
8582.1	2.236632
8584.1	2.242265
8586.1	2.206963
8588.1	2.242871
8590.1	2.255262
8592.1	2.226254
8594.1	2.237383
8596.1	2.254873
8598.1	2.237993
8600.1	2.24735
8602.1	2.240235
8604.1	2.248506
8606.1	2.26197
8608.1	2.251355
8610.1	2.249015
8612.1	2.255442
8614.1	2.218521
8616.1	2.246153
8618.1	2.24775
8620.1	2.252465
8622.1	2.253779
8624.1	2.257812
8626.1	2.260664
8628.1	2.269645
8630.1	2.238711
8632.1	2.252261
8634.1	2.256296
8636.1	2.25019
8638.1	2.262862
8640.1	2.259134
8642.1	2.260908
8644.1	2.282815
8646.1	2.269583
8648.1	2.261698
8650.1	2.267686
8652.1	2.235136
8654.1	2.260342
8656.1	2.262568
8658.1	2.262388
8660.1	2.272576
8662.1	2.279582
8664.1	2.271463
8666.1	2.280257
8668.1	2.249891
8670.1	2.256906
8672.1	2.265561
8674.1	2.26228
8676.1	2.276086
8678.1	2.270921
8680.1	2.268413
8682.1	2.286284
8684.1	2.285084
8686.1	2.27164
8688.1	2.267844
8690.1	2.250286
8692.1	2.274992
8694.1	2.280132
8696.1	2.272747
8698.1	2.289693
8700.1	2.2742
8702.1	2.266805
8704.1	2.283718
8706.1	2.236164
8708.1	2.279038
8710.1	2.272293
8712.1	2.250226
8714.1	2.284031
8716.1	2.28387
8718.1	2.274657
8720.1	2.296074
8722.1	2.264405
8724.1	2.279979
8726.1	2.274538
8728.1	2.258517
8730.1	2.286137
8732.1	2.288564
8734.1	2.284262
8736.1	2.288308
8738.1	2.298844
8740.1	2.286322
8742.1	2.294147
8744.1	2.245508
8746.1	2.291867
8748.1	2.285699
8750.1	2.261997
8752.1	2.295824
8754.1	2.29883
8756.1	2.288349
8758.1	2.312182
8760.1	2.27919
8762.1	2.287848
8764.1	2.287307
8766.1	2.279386
8768.1	2.295872
8770.1	2.30412
8772.1	2.296199
8774.1	2.303826
8776.1	2.31508
8778.1	2.289783
8780.1	2.299301
8782.1	2.307292
8784.1	2.290673
8786.1	2.294058
8788.1	2.269474
8790.1	2.304988
8792.1	2.30883
8794.1	2.29615
8796.1	2.306395
8798.1	2.315077
8800.1	2.2903
8802.1	2.301603
8804.1	2.298025
8806.1	2.305039
8808.1	2.322122
8810.1	2.303842
8812.1	2.302297
8814.1	2.314451
8816.1	2.280894
8818.1	2.303619
8820.1	2.300653
8822.1	2.308345
8824.1	2.321112
8826.1	2.318285
8828.1	2.307935
8830.1	2.321003
8832.1	2.289832
8834.1	2.30853
8836.1	2.304558
8838.1	2.307682
8840.1	2.319009
8842.1	2.321934
8844.1	2.3128
8846.1	2.32844
8848.1	2.284387
8850.1	2.311812
8852.1	2.314223
8854.1	2.312141
8856.1	2.322873
8858.1	2.328788
8860.1	2.307366
8862.1	2.320331
8864.1	2.27663
8866.1	2.310756
8868.1	2.309589
8870.1	2.284036
8872.1	2.322296
8874.1	2.326004
8876.1	2.314296
8878.1	2.308215
8880.1	2.324135
8882.1	2.311257
8884.1	2.322862
8886.1	2.31222
8888.1	2.321245
8890.1	2.334578
8892.1	2.326921
8894.1	2.318807
8896.1	2.31672
8898.1	2.310062
8900.1	2.320394
8902.1	2.324647
8904.1	2.324913
8906.1	2.338042
8908.1	2.305415
8910.1	2.312334
8912.1	2.331917
8914.1	2.302602
8916.1	2.325931
8918.1	2.316889
8920.1	2.32161
8922.1	2.335773
8924.1	2.340564
8926.1	2.324957
8928.1	2.32032
8930.1	2.312179
8932.1	2.324628
8934.1	2.326399
8936.1	2.322541
8938.1	2.335043
8940.1	2.329531
8942.1	2.315561
8944.1	2.320448
8946.1	2.291277
8948.1	2.333316
8950.1	2.332031
8952.1	2.299075
8954.1	2.33817
8956.1	2.338363
8958.1	2.319572
8960.1	2.333092
8962.1	2.324962
8964.1	2.332094
8966.1	2.346605
8968.1	2.333724
8970.1	2.334385
8972.1	2.33091
8974.1	2.307007
8976.1	2.329329
8978.1	2.32503
8980.1	2.329016
8982.1	3.557183
8984.1	3.55761
8986.1	3.536406
8988.1	3.567247
8990.1	3.541423
8992.1	3.578673
8994.1	3.573996
8996.1	3.553583
8998.1	3.580842
9000.1	3.546647
9002.1	3.560377
9004.1	3.569051
9006.1	3.555977
9008.1	3.577353
9010.1	3.553351
9012.1	3.554494
9014.1	3.569805
9016.1	3.558306
9018.1	3.575103
9020.1	3.540802
9022.1	3.575552
9024.1	3.591886
9026.1	3.559926
9028.1	3.56245
9030.1	3.538974
9032.1	3.582104
9034.1	3.544362
9036.1	3.555068
9038.1	3.56469
9040.1	3.541556
9042.1	3.577546
9044.1	3.57236
9046.1	3.546027
9048.1	3.554143
9050.1	3.527571
9052.1	3.564785
9054.1	3.527818
9056.1	3.545205
9058.1	3.54665
9060.1	3.546712
9062.1	3.55241
9064.1	3.488206
9066.1	3.522757
9068.1	3.563601
9070.1	3.500845
9072.1	3.54684
9074.1	3.5085
9076.1	3.556848
9078.1	3.568309
9080.1	3.532825
9082.1	3.55266
9084.1	3.504157
9086.1	3.561702
9088.1	3.478327
9090.1	3.499265
9092.1	3.551959
9094.1	3.512785
9096.1	3.556336
9098.1	3.572289
9100.1	3.503368
9102.1	3.562039
9104.1	3.505286
9106.1	3.557188
9108.1	3.580844
9110.1	3.554908
9112.1	3.560774
9114.1	3.497901
9116.1	3.553384
9118.1	3.57402
9120.1	3.548057
9122.1	3.56356
9124.1	3.581687
9126.1	3.559553
9128.1	3.566959
9130.1	3.552122
9132.1	3.550313
9134.1	3.581889
9136.1	3.557028
9138.1	3.563101
9140.1	3.539584
9142.1	3.577372
9144.1	3.592335
9146.1	3.560219
9148.1	3.560937
9150.1	3.553066
9152.1	3.574863
9154.1	3.535535
9156.1	3.550209
9158.1	3.581639
9160.1	3.554312
9162.1	3.562189
9164.1	3.53498
9166.1	3.571985
9168.1	3.574248
9170.1	3.54487
9172.1	3.570488
9174.1	3.559479
9176.1	3.565577
9178.1	3.516622
9180.1	3.540941
9182.1	3.575968
9184.1	3.519457
9186.1	3.56571
9188.1	3.520091
9190.1	3.524771
9192.1	3.57257
9194.1	3.522656
9196.1	3.57547
9198.1	3.575353
9200.1	3.564507
9202.1	3.58612
9204.1	3.537527
9206.1	3.57159
9208.1	3.598427
9210.1	3.573364
9212.1	3.584953
9214.1	3.493983
9216.1	3.575481
9218.1	3.589508
9220.1	3.577854
9222.1	3.586702
9224.1	3.538128
9226.1	3.57583
9228.1	3.590427
9230.1	3.575903
9232.1	3.59067
9234.1	3.52572
9236.1	3.578564
9238.1	3.591611
9240.1	3.579859
9242.1	3.580602
9244.1	3.57131
9246.1	3.564815
9248.1	3.592182
9250.1	3.572213
9252.1	3.589461
9254.1	3.568344
9256.1	3.573095
9258.1	3.578012
9260.1	3.561106
9262.1	3.583538
9264.1	3.564216
9266.1	3.571226
9268.1	3.570964
9270.1	3.566687
9272.1	3.588634
9274.1	3.564466
9276.1	3.5747
9278.1	3.576825
9280.1	3.567378
9282.1	3.587603
9284.1	3.559621
9286.1	3.572787
9288.1	3.572058
9290.1	3.566496
9292.1	3.593227
9294.1	3.554674
9296.1	3.570205
9298.1	3.548946
9300.1	3.561754
9302.1	3.583913
9304.1	3.553507
9306.1	3.583524
9308.1	3.560091
9310.1	3.566502
9312.1	3.570295
9314.1	3.571315
9316.1	3.578147
9318.1	3.516583
9320.1	3.582858
9322.1	3.588093
9324.1	3.525927
9326.1	3.582408
9328.1	3.52947
9330.1	3.573647
9332.1	3.528433
9334.1	3.565522
9336.1	3.570771
9338.1	3.520798
9340.1	3.573187
9342.1	3.584215
9344.1	3.516714
9346.1	3.56645
9348.1	3.516327