HEADER	
'time'	'pressure drop'
UNITS	
'hour'	'bar'
0	0.145568703
0.622558333	0.150955603
1.245116667	0.150955603
1.867675	0.150955603
2.490233334	0.152751303
3.112791667	0.156342603
3.73535	0.154547003
4.357908334	0.154547003
4.980466667	0.154547003
5.603025	0.159933903
6.225583334	0.159933903
6.848141667	0.159933903
7.470700001	0.161729603
8.093258334	0.161729603
8.715816667	0.163525203
9.338375001	0.163525203
9.960933334	0.165320903
10.58349167	0.161729603
11.20605	0.161729603
11.82860833	0.163525203
12.45116667	0.165320903
13.073725	0.165320903
13.69628333	0.165320903
14.31884167	0.165320903
14.9414	0.168912203
15.56395833	0.168912203
16.18651667	0.165320903
16.809075	0.165320903
17.43163333	0.170707803
18.05419167	0.168912203
18.67675	0.170707803
19.29930834	0.168912203
19.92186667	0.168912203
20.544425	0.168912203
21.16698334	0.168912203
21.78954167	0.170707803
22.4121	0.172503503
23.03465834	0.170707803
23.65721667	0.170707803
24.279775	0.172503503
24.90233334	0.174299103
25.52489167	0.168912203
26.14745	0.170707803
26.77000834	0.170707803
27.39256667	0.172503503
28.015125	0.170707803
28.63768334	0.170707803
29.26024167	0.170707803
29.8828	0.174299103
30.50535834	0.170707803
31.12791667	0.172503503
31.750475	0.176094803
32.37303334	0.174299103
32.99559167	0.176094803
33.61815	0.176094803
34.24070834	0.174299103
34.86326667	0.172503503
35.485825	0.177890403
36.10838334	0.176094803
36.73094167	0.176094803
37.3535	0.179686103
37.97605834	0.172503503
38.59861667	0.176094803
39.221175	0.176094803
39.84373334	0.176094803
40.46629167	0.174299103
41.08885	0.176094803
41.71140834	0.176094803
42.33396667	0.176094803
42.956525	0.179686103
43.57908334	0.177890403
44.20164167	0.177890403
44.8242	0.176094803
45.44675834	0.177890403
46.06931667	0.179686103
46.691875	0.172503503
47.31443334	0.176094803
47.93699167	0.177890403
48.55955	0.179686103
49.18210834	0.177890403
49.80466667	0.177890403
50.427225	0.176094803
51.04978334	0.177890403
51.67234167	0.177890403
52.2949	0.177890403
52.91745834	0.181481703
53.54001667	0.176094803
54.162575	0.176094803
54.78513334	0.177890403
55.40769167	0.179686103
56.03025	0.177890403
56.65280834	0.176094803
57.27536667	0.174299103
57.89792501	0.179686103
58.52048334	0.181481703
59.14304167	0.176094803
59.76560001	0.179686103
60.38815834	0.179686103
61.01071667	0.181481703
61.63327501	0.177890403
62.25583334	0.177890403
62.87839167	0.176094803
63.50095001	0.179686103
64.12350834	0.181481703
64.74606667	0.172503503
65.36862501	0.181481703
65.99118334	0.179686103
66.61374167	0.181481703
67.23630001	0.179686103
67.85885834	0.179686103
68.48141667	0.177890403
69.10397501	0.179686103
69.72653334	0.179686103
70.34909167	0.181481703
70.97165001	0.177890403
71.59420834	0.179686103
72.21676667	0.181481703
72.83932501	0.181481703
73.46188334	0.179686103
74.08444167	0.179686103
74.70700001	0.181481703
75.32955834	0.179686103
75.95211667	0.183277403
76.57467501	0.181481703
77.19723334	0.177890403
77.81979167	0.181481703
78.44235001	0.177890403
79.06490834	0.174299103
79.68746667	0.179686103
80.31002501	0.179686103
80.93258334	0.183277403
81.55514167	0.181481703
82.17770001	0.183277403
82.80025834	0.179686103
83.42281667	0.181481703
84.04537501	0.179686103
84.66793334	0.179686103
85.29049167	0.179686103
85.91305001	0.181481703
86.53560834	0.179686103
87.15816667	0.179686103
87.78072501	0.177890403
88.40328334	0.181481703
89.02584167	0.181481703
89.64840001	0.183277403
90.27095834	0.183277403
90.89351667	0.181481703
91.51607501	0.181481703
92.13863334	0.181481703
92.76119167	0.181481703
93.38375001	0.185073003
94.00630834	0.181481703
94.62886667	0.179686103
95.25142501	0.181481703
95.87398334	0.181481703
96.49654168	0.181481703
97.11910001	0.179686103
97.74165834	0.179686103
98.36421668	0.183277403
98.98677501	0.185073003
99.60933334	0.181481703
100.2318917	0.179686103
100.85445	0.181481703
101.4770083	0.181481703
102.0995667	0.177890403
102.722125	0.183277403
103.3446833	0.179686103
103.9672417	0.183277403
104.5898	0.185073003
105.2123583	0.181481703
105.8349167	0.181481703
106.457475	0.181481703
107.0800333	0.181481703
107.7025917	0.179686103
108.32515	0.181481703
108.9477083	0.179686103
109.5702667	0.185073003
110.192825	0.186868703
110.8153833	0.181481703
111.4379417	0.181481703
112.0605	0.179686103
112.6830583	0.183277403
113.3056167	0.179686103
113.928175	0.181481703
114.5507333	0.183277403
115.1732917	0.183277403
115.79585	0.186868703
116.4184083	0.181481703
117.0409667	0.181481703
117.663525	0.179686103
118.2860833	0.179686103
118.9086417	0.183277403
119.5312	0.181481703
120.1537583	0.179686103
120.7763167	0.179686103
121.398875	0.185073003
122.0214333	0.181481703
122.6439917	0.181481703
123.26655	0.183277403
123.8891083	0.183277403
124.5116667	0.183277403
125.134225	0.183277403
125.7567833	0.181481703
126.3793417	0.185073003
127.0019	0.181481703
127.6244583	0.183277403
128.2470167	0.185073003
128.869575	0.179686103
129.4921333	0.183277403
130.1146917	0.183277403
130.73725	0.183277403
131.3598083	0.181481703
131.9823667	0.181481703
132.604925	0.183277403
133.2274833	0.183277403
133.8500417	0.185073003
134.4726	0.183277403
135.0951583	0.181481703
135.7177167	0.181481703
136.340275	0.185073003
136.9628333	0.185073003
137.5853917	0.181481703
138.20795	0.179686103
138.8305083	0.183277403
139.4530667	0.185073003
140.075625	0.185073003
140.6981833	0.183277403
141.3207417	0.185073003
141.9433	0.183277403
142.5658583	0.185073003
143.1884167	0.185073003
143.810975	0.177890403
144.4335333	0.183277403
145.0560917	0.183277403
145.67865	0.185073003
146.3012083	0.179686103
146.9237667	0.179686103
147.546325	0.179686103
148.1688833	0.185073003
148.7914417	0.185073003
149.414	0.186868703
150.0365583	0.183277403
150.6591167	0.183277403
151.281675	0.179686103
151.9042333	0.185073003
152.5267917	0.181481703
153.14935	0.183277403
153.7719083	0.181481703
154.3944667	0.183277403
155.017025	0.183277403
155.6395833	0.185073003
156.2621417	0.185073003
156.8847	0.183277403
157.5072583	0.183277403
158.1298167	0.183277403
158.752375	0.183277403
159.3749333	0.181481703
159.9974917	0.181481703
160.62005	0.185073003
161.2426083	0.183277403
161.8651667	0.183277403
162.487725	0.183277403
163.1102833	0.183277403
163.7328417	0.185073003
164.3554	0.186868703
164.9779583	0.179686103
165.6005167	0.183277403
166.223075	0.186868703
166.8456333	0.186868703
167.4681917	0.185073003
168.09075	0.185073003
168.7133083	0.183277403
169.3358667	0.185073003
169.958425	0.186868703
170.5809833	0.174299103
171.2035417	0.185073003
171.8261	0.186868703
172.4486583	0.185073003
173.0712167	0.185073003
173.693775	0.185073003
174.3163333	0.185073003
174.9388917	0.185073003
175.56145	0.186868703
176.1840083	0.192255603
176.8065667	0.183277403
177.429125	0.186868703
178.0516833	0.185073003
178.6742417	0.186868703
179.2968	0.181481703
179.9193583	0.183277403
180.5419167	0.179686103
181.164475	0.186868703
181.7870333	0.188664303
182.4095917	0.186868703
183.03215	0.185073003
183.6547083	0.185073003
184.2772667	0.186868703
184.899825	0.183277403
185.5223833	0.183277403
186.1449417	0.185073003
186.7675	0.183277403
187.3900583	0.183277403
188.0126167	0.185073003
188.635175	0.185073003
189.2577333	0.185073003
189.8802917	0.186868703
190.50285	0.186868703
191.1254083	0.185073003
191.7479667	0.185073003
192.370525	0.186868703
192.9930834	0.185073003
193.6156417	0.188664303
194.2382	0.185073003
194.8607584	0.186868703
195.4833167	0.186868703
196.105875	0.186868703
196.7284334	0.183277403
197.3509917	0.183277403
197.97355	0.183277403
198.5961084	0.186868703
199.2186667	0.170707803
199.841225	0.183277403
200.4637834	0.185073003
201.0863417	0.188664303
201.7089	0.186868703
202.3314584	0.185073003
202.9540167	0.183277403
203.576575	0.183277403
204.1991334	0.188664303
204.8216917	0.183277403
205.44425	0.183277403
206.0668084	0.183277403
206.6893667	0.188664303
207.311925	0.188664303
207.9344834	0.183277403
208.5570417	0.186868703
209.1796	0.186868703
209.8021584	0.185073003
210.4247167	0.183277403
211.047275	0.181481703
211.6698334	0.186868703
212.2923917	0.186868703
212.91495	0.183277403
213.5375084	0.185073003
214.1600667	0.186868703
214.782625	0.186868703
215.4051834	0.185073003
216.0277417	0.186868703
216.6503	0.186868703
217.2728584	0.186868703
217.8954167	0.185073003
218.517975	0.186868703
219.1405334	0.186868703
219.7630917	0.186868703
220.38565	0.183277403
221.0082084	0.183277403
221.6307667	0.186868703
222.253325	0.186868703
222.8758834	0.186868703
223.4984417	0.185073003
224.121	0.186868703
224.7435584	0.186868703
225.3661167	0.179686103
225.988675	0.181481703
226.6112334	0.185073003
227.2337917	0.181481703
227.85635	0.183277403
228.4789084	0.183277403
229.1014667	0.185073003
229.724025	0.185073003
230.3465834	0.186868703
230.9691417	0.186868703
231.5917	0.185073003
232.2142584	0.185073003
232.8368167	0.185073003
233.459375	0.188664303
234.0819334	0.183277403
234.7044917	0.186868703
235.32705	0.186868703
235.9496084	0.188664303
236.5721667	0.186836101
237.194725	0.181449101
237.8172834	0.183244801
238.4398417	0.186836101
239.0624	0.185040401
239.6849584	0.181449101
240.3075167	0.185040401
240.930075	0.183244801
241.5526334	0.183244801
242.1751917	0.181449101
242.79775	0.181449101
243.4203084	0.172470901
244.0428667	0.185040401
244.665425	0.185040401
245.2879834	0.183244801
245.9105417	0.183244801
246.5331	0.185040401
247.1556584	0.181449101
247.7782167	0.179653501
248.400775	0.179653501
249.0233334	0.183244801
249.6458917	0.181449101
250.26845	0.183244801
250.8910084	0.183244801
251.5135667	0.183244801
252.136125	0.183244801
252.7586834	0.183244801
253.3812417	0.179653501
254.0038	0.177857801
254.6263584	0.183244801
255.2489167	0.181449101
255.871475	0.181449101
256.4940334	0.181449101
257.1165917	0.185040401
257.73915	0.183244801
258.3617084	0.185040401
258.9842667	0.183244801
259.606825	0.185040401
260.2293834	0.185040401
260.8519417	0.181449101
261.4745	0.183244801
262.0970584	0.185040401
262.7196167	0.179653501
263.342175	0.188631701
263.9647334	0.186836101
264.5872917	0.188631701
265.20985	0.185040401
265.8324084	0.183244801
266.4549667	0.181449101
267.077525	0.179653501
267.7000834	0.181449101
268.3226417	0.181449101
268.9452	0.181449101
269.5677584	0.177857801
270.1903167	0.183244801
270.812875	0.181449101
271.4354334	0.181449101
272.0579917	0.181449101
272.68055	0.177857801
273.3031084	0.179653501
273.9256667	0.179653501
274.548225	0.181449101
275.1707834	0.181449101
275.7933417	0.183244801
276.4159	0.183244801
277.0384584	0.183244801
277.6610167	0.185040401
278.283575	0.179653501
278.9061334	0.183244801
279.5286917	0.185040401
280.15125	0.181449101
281.3963667	0.179653501
282.018925	0.185040401
282.6414834	0.181449101
283.2640417	0.181449101
283.8866	0.185040401
284.5091584	0.181449101
285.1317167	0.183244801
285.754275	0.179653501
286.3768334	0.179653501
286.9993917	0.179653501
287.62195	0.181449101
288.2445084	0.179653501
288.8670667	0.181449101
289.489625	0.181449101
290.1121834	0.177857801
290.7347417	0.177857801
291.3573	0.177857801
291.9798584	0.176062201
292.6024167	0.177857801
293.224975	0.172470901
293.8475334	0.174266501
294.4700917	0.170675201
295.09265	0.176062201
295.7152084	0.174266501
296.3377667	0.174266501
296.960325	0.174266501
297.5828834	0.174266501
298.2054417	0.176062201
298.828	0.174266501
299.4505584	0.176062201
300.0731167	0.176062201
300.695675	0.176062201
301.3182334	0.176062201
301.9407917	0.176062201
302.56335	0.177857801
303.1859084	0.177857801
303.8084667	0.179653501
304.431025	0.176062201
305.0535834	0.179653501
305.6761417	0.179653501
306.2987	0.181449101
306.9212584	0.179653501
307.5438167	0.177857801
308.166375	0.179653501
308.7889334	0.179653501
309.4114917	0.179653501
310.03405	0.179653501
310.6566084	0.179653501
311.2791667	0.177857801
311.901725	0.177857801
312.5242834	0.176062201
313.1468417	0.174266501
313.7694	0.176062201
314.3919584	0.170675201
315.0145167	0.174266501
315.637075	0.172470901
316.2596334	0.172470901
316.8821917	0.170675201
317.50475	0.167083901
318.1273084	0.167083901
318.7498667	0.163492601
319.372425	0.170675201
319.9949834	0.168879601
320.6175417	0.168879601
321.2401	0.168879601
321.8626584	0.170675201
322.4852167	0.172470901
323.107775	0.172470901
323.7303334	0.172470901
324.3528917	0.179653501
324.97545	0.179653501
325.5980084	0.179653501
326.2205667	0.177857801
326.843125	0.177857801
327.4656834	0.179653501
328.0882417	0.176062201
328.7108	0.168879601
329.3333584	0.176062201
329.9559167	0.181449101
330.578475	0.181449101
331.2010334	0.183244801
331.8235917	0.181449101
332.44615	0.185040401
333.0687084	0.179653501
333.6912667	0.179653501
334.313825	0.179653501
334.9363834	0.181449101
335.5589417	0.181449101
336.1815	0.179653501
336.8040584	0.176062201
337.4266167	0.177857801
338.049175	0.156049184
338.6717334	0.157844884
339.2942917	0.159640484
339.91685	0.161436184
340.5394084	0.161436184
341.1619667	0.161436184
341.784525	0.161436184
342.4070834	0.163231784
343.0296417	0.161436184
343.6522	0.165027484
344.2747584	0.166823084
344.8973167	0.165027484
345.519875	0.165027484
346.1424334	0.166823084
346.7649917	0.165027484
347.38755	0.165027484
348.0101084	0.166823084
348.6326667	0.168618784
349.255225	0.170414384
349.8777834	0.170414384
350.5003417	0.168618784
351.1229	0.166823084
351.7454584	0.168618784
352.3680167	0.168618784
352.990575	0.168618784
353.6131334	0.168618784
354.2356917	0.168618784
354.85825	0.172210084
355.4808084	0.172210084
356.1033667	0.168618784
356.725925	0.170414384
357.3484834	0.172210084
357.9710417	0.168618784
358.5936	0.168618784
359.2161584	0.168618784
359.8387167	0.172210084
360.461275	0.168618784
361.0838334	0.168618784
361.7063917	0.130584063
362.32895	0.132379663
362.9515084	0.132379663
363.5740667	0.132379663
364.196625	0.134175363
364.8191834	0.132379663
365.4417417	0.132379663
366.0643	0.132379663
366.6868584	0.134175363
367.3094167	0.135970963
367.931975	0.132379663
368.5545334	0.135970963
369.1770917	0.134175363
369.79965	0.134175363
370.4222084	0.137766663
371.0447667	0.134175363
371.667325	0.135970963
372.2898834	0.134175363
372.9124417	0.134175363
373.535	0.132379663
374.1575584	0.135970963
374.7801167	0.132379663
375.402675	0.134175363
376.0252334	0.134175363
376.6477917	0.134175363
377.27035	0.135970963
377.8929084	0.135970963
378.5154667	0.135970963
379.138025	0.135970963
379.7605834	0.132379663
380.3831417	0.135970963
381.0057	0.135970963
381.6282584	0.137766663
382.2508167	0.135970963
382.873375	0.134175363
383.4959334	0.135970963
384.1184917	0.135970963
384.74105	0.134175363
385.3636084	0.135970963
385.9861667	0.134175363
386.608725	0.135970963
387.2312834	0.134175363
387.8538417	0.134175363
388.4764	0.137766663
389.0989584	0.135970963
389.7215167	0.135970963
390.344075	0.137766663
390.9666334	0.135970963
391.5891917	0.137766663
392.21175	0.135970963
392.8343084	0.125197063
393.4568667	0.135970963
394.079425	0.134175363
394.7019834	0.135970963
395.3245417	0.137766663
395.9471	0.135970963
396.5696584	0.134175363
397.1922167	0.135970963
397.814775	0.135970963
398.4373334	0.137766663
399.0598917	0.134175363
399.68245	0.137766663
400.3050084	0.134175363
400.9275667	0.135970963
401.550125	0.137766663
402.1726834	0.135970963
402.7952417	0.135970963
403.4178	0.137766663
404.0403584	0.137766663
404.6629167	0.135970963
405.285475	0.135970963
405.9080334	0.137766663
406.5305917	0.139562263
407.15315	0.135970963
407.7757084	0.137766663
408.3982667	0.139562263
409.020825	0.134175363
409.6433834	0.092549341
410.2659417	0.092549341
410.8885	0.094345041
411.5110584	0.090753741
412.1336167	0.092549341
412.756175	0.094345041
413.3787334	0.094345041
414.0012917	0.092549341
414.62385	0.092549341
415.2464084	0.096140641
415.8689667	0.092549341
416.491525	0.094345041
417.1140834	0.094345041
417.7366417	0.092549341
418.3592	0.092549341
418.9817584	0.092549341
419.6043167	0.097936341
420.226875	0.092549341
420.8494334	0.096140641
421.4719917	0.096140641
422.09455	0.092549341
422.7171084	0.094345041
423.3396667	0.094345041
423.962225	0.092549341
424.5847834	0.094345041
425.2073417	0.096140641
425.8299	0.096140641
426.4524584	0.092549341
427.0750167	0.094345041
427.697575	0.094345041
428.3201334	0.092549341
428.9426917	0.094345041
429.56525	0.094345041
430.1878084	0.092549341
430.8103667	0.094345041
431.432925	0.096140641
432.0554834	0.094345041
432.6780417	0.094345041
433.3006	0.094345041
433.9231584	0.094345041
434.5457167	0.092549341
435.168275	0.094345041
435.7908334	0.096140641
436.4133917	0.094345041
437.03595	0.096140641
437.6585084	0.094345041
438.2810667	0.094345041
438.903625	0.094345041
439.5261834	0.094345041
440.1487417	0.094345041
440.7713	0.094345041
441.3938584	0.094345041
442.0164167	0.092549341
442.638975	0.092549341
443.2615334	0.094345041
443.8840917	0.096140641
444.50665	0.094345041
445.1292084	0.094345041
445.7517667	0.094345041
446.374325	0.094345041
446.9968834	0.094345041
447.6194417	0.096140641
448.242	0.092549341
448.8645584	0.094345041
449.4871167	0.094345041
450.109675	0.094345041
450.7322334	0.094345041
451.3547917	0.096140641
451.97735	0.097936341
452.5999084	0.096140641
453.2224667	0.096140641
453.845025	0.097936341
454.4675834	0.096140641
455.0901417	0.096140641
455.7127	0.096140641
456.3352584	0.094345041
456.9578167	0.092549341
457.580375	0.096140641
458.2029334	0.094345041
458.8254917	0.096140641
459.44805	0.094345041
460.0706084	0.096140641
460.6931667	0.096140641
461.315725	0.097936341
461.9382834	0.096140641
462.5608417	0.097936341
463.1834	0.096140641
463.8059584	0.096140641
464.4285167	0.094345041
465.051075	0.094345041
465.6736334	0.097936341
466.2961917	0.096140641
466.91875	0.094345041
467.5413084	0.096140641
468.1638667	0.097936341
468.786425	0.096140641
469.4089834	0.096140641
470.0315417	0.096140641
470.6541	0.094345041
471.2766584	0.094345041
471.8992167	0.094345041
472.521775	0.094345041
473.1443334	0.096140641
473.7668917	0.094345041
474.38945	0.099731941
475.0120084	0.096140641
475.6345667	0.096140641
476.257125	0.097936341
476.8796834	0.096140641
477.5022417	0.094345041
478.1248	0.097936341
478.7473584	0.097936341
479.3699167	0.096140641
479.992475	0.096140641
480.6150334	0.096140641
481.2375917	0.097936341
481.86015	0.097936341
482.4827084	0.097936341
483.1052667	0.096140641
483.727825	0.097936341
484.3503834	0.097936341
484.9729417	0.094345041
485.5955	0.096140641
486.2180584	0.096140641
486.8406167	0.097936341
487.463175	0.096140641
488.0857334	0.099731941
488.7082917	0.096140641
489.33085	0.094345041
489.9534084	0.096140641
490.5759667	0.096140641
491.198525	0.097936341
491.8210834	0.097936341
492.4436417	0.096140641
493.0662	0.096140641
493.6887584	0.096140641
494.3113167	0.096140641
494.933875	0.096140641
495.5564334	0.097936341
496.1789917	0.096140641
496.80155	0.096140641
497.4241084	0.096140641
498.0466667	0.096140641
498.669225	0.096140641
499.2917834	0.096140641
499.9143417	0.094345041
500.5369	0.097936341
501.1594584	0.096140641
501.7820167	0.096140641
502.404575	0.096140641
503.0271334	0.096140641
503.6496917	0.096140641
504.27225	0.096140641
504.8948084	0.097936341
505.5173667	0.096140641
506.139925	0.097936341
506.7624834	0.097936341
507.3850417	0.096140641
508.0076	0.097936341
508.6301584	0.097936341
509.2527167	0.096140641
509.875275	0.097936341
510.4978334	0.097936341
511.1203917	0.097936341
511.74295	0.097936341
512.3655084	0.099731941
512.9880667	0.097936341
513.610625	0.097936341
514.2331834	0.096140641
514.8557417	0.097936341
515.4783	0.096140641
516.1008584	0.097936341
516.7234167	0.097936341
517.345975	0.096140641
517.9685334	0.096140641
518.5910917	0.097936341
519.21365	0.097936341
519.8362084	0.097936341
520.4587667	0.097936341
521.081325	0.092549341
521.7038834	0.097936341
522.3264417	0.096140641
522.949	0.099731941
523.5715584	0.099731941
524.1941167	0.096140641
524.816675	0.097936341
525.4392334	0.097936341
526.0617917	0.097936341
526.68435	0.099731941
527.3069084	0.097936341
527.9294667	0.097936341
528.552025	0.097936341
529.1745834	0.097936341
529.7971417	0.096140641
530.4197	0.097936341
531.0422584	0.097936341
531.6648167	0.097936341
532.287375	0.097936341
532.9099334	0.097936341
533.5324917	0.099731941
534.15505	0.097936341
534.7776084	0.099731941
535.4001667	0.097936341
536.022725	0.097936341
536.6452834	0.097936341
537.2678417	0.099731941
537.8904	0.097936341
538.5129584	0.097936341
539.1355167	0.097936341
539.758075	0.099731941
540.3806334	0.097936341
541.0031917	0.097936341
541.62575	0.099731941
542.2483084	0.097936341
542.8708667	0.099731941
543.493425	0.097936341
544.1159834	0.097936341
544.7385417	0.099731941
545.3611	0.097936341
545.9836584	0.097936341
546.6062167	0.097936341
547.228775	0.097936341
547.8513334	0.097936341
548.4738917	0.097936341
549.09645	0.097936341
549.7190084	0.099731941
550.3415667	0.097936341
550.964125	0.097936341
551.5866834	0.099731941
552.2092417	0.097936341
552.8318	0.097936341
553.4543584	0.099731941
554.0769167	0.099731941
554.699475	0.097936341
555.3220334	0.097936341
556.56715	0.097936341
557.1897084	0.099731941
557.8122667	0.097936341
558.434825	0.099731941
559.0573834	0.097936341
559.6799417	0.097936341
560.3025	0.097936341
560.9250584	0.099731941
561.5476167	0.097936341
562.170175	0.099731941
562.7927334	0.096140641
563.4152917	0.101527641
564.03785	0.099731941
564.6604084	0.099731941
565.2829667	0.099731941
565.905525	0.099731941
566.5280834	0.097936341
567.1506417	0.097936341
567.7732	0.099731941
568.3957584	0.097936341
569.0183167	0.097936341
569.640875	0.099731941
570.2634334	0.101527641
570.8859917	0.099731941
571.50855	0.099731941
572.1311084	0.099731941
572.7536667	0.097936341
573.376225	0.099731941
573.9987834	0.099731941
574.6213417	0.099731941
575.2439	0.099731941
575.8664584	0.099731941
576.4890167	0.099731941
577.111575	0.099731941
577.7341334	0.099731941
578.3566917	0.101527641
578.9792501	0.097936341
579.6018084	0.099731941
580.2243667	0.099731941
580.8469251	0.097936341
581.4694834	0.097936341
582.0920417	0.099731941
582.7146001	0.097936341
583.3371584	0.099731941
583.9597167	0.099731941
584.5822751	0.101527641
585.2048334	0.097936341
585.8273917	0.099731941
586.4499501	0.101527641
587.0725084	0.097936341
587.6950667	0.099731941
588.3176251	0.099731941
588.9401834	0.101527641
589.5627417	0.099731941
590.1853001	0.101527641
590.8078584	0.099731941
591.4304167	0.099731941
592.0529751	0.099731941
592.6755334	0.101527641
593.2980917	0.097936341
593.9206501	0.099731941
594.5432084	0.099731941
595.1657667	0.099731941
595.7883251	0.097936341
596.4108834	0.099731941
597.0334417	0.099731941
597.6560001	0.099731941
598.2785584	0.099731941
598.9011167	0.099731941
599.5236751	0.097936341
600.1462334	0.099731941
600.7687917	0.099731941
601.3913501	0.099731941
602.0139084	0.099731941
602.6364667	0.099731941
603.2590251	0.099731941
603.8815834	0.099731941
604.5041417	0.099731941
605.1267001	0.099731941
605.7492584	0.097936341
606.3718167	0.097936341
606.9943751	0.101527641
607.6169334	0.099731941
608.2394917	0.099731941
608.8620501	0.097936341
609.4846084	0.099731941
610.1071667	0.097936341
610.7297251	0.099731941
611.3522834	0.099731941
611.9748417	0.099731941
612.5974001	0.099731941
613.2199584	0.101527641
613.8425167	0.097936341
614.4650751	0.099731941
615.0876334	0.099731941
615.7101917	0.097936341
616.3327501	0.099731941
616.9553084	0.099731941
617.5778667	0.097936341
618.2004251	0.096140641
618.8229834	0.099731941
619.4455417	0.099731941
620.0681001	0.101527641
620.6906584	0.099731941
621.3132167	0.101527641
621.9357751	0.099731941
622.5583334	0.099731941
623.1808917	0.099731941
623.8034501	0.099731941
624.4260084	0.097936341
625.0485667	0.101527641
625.6711251	0.101527641
626.2936834	0.099731941
626.9162417	0.099731941
627.5388001	0.097936341
628.1613584	0.097936341
628.7839167	0.099731941
629.4064751	0.101527641
630.0290334	0.097936341
630.6515917	0.097936341
631.2741501	0.101527641
631.8967084	0.099731941
632.5192667	0.099731941
633.1418251	0.099731941
633.7643834	0.097936341
634.3869417	0.099731941
635.0095001	0.101527641
635.6320584	0.099731941
636.2546167	0.099731941
636.8771751	0.099731941
637.4997334	0.101527641
638.1222917	0.101527641
638.7448501	0.097936341
639.3674084	0.101527641
639.9899667	0.097936341
640.6125251	0.099731941
641.2350834	0.099731941
641.8576417	0.101527641
642.4802001	0.099731941
643.1027584	0.101527641
643.7253167	0.101527641
644.3478751	0.097936341
644.9704334	0.099731941
645.5929917	0.099731941
646.2155501	0.099731941
646.8381084	0.097936341
647.4606667	0.099731941
648.0832251	0.101527641
648.7057834	0.097936341
649.3283417	0.101527641
649.9509001	0.099731941
650.5734584	0.099731941
651.1960167	0.097936341
651.8185751	0.099731941
652.4411334	0.097936341
653.0636917	0.097936341
653.6862501	0.099731941
654.3088084	0.097936341
654.9313667	0.097936341
655.5539251	0.099731941
656.1764834	0.101527641
656.7990417	0.099731941
657.4216001	0.099731941
658.0441584	0.099731941
658.6667167	0.099731941
659.2892751	0.099731941
659.9118334	0.099731941
660.5343917	0.099731941
661.1569501	0.101527641
661.7795084	0.099731941
662.4020667	0.101527641
663.0246251	0.099731941
663.6471834	0.099731941
664.2697417	0.099731941
664.8923001	0.101527641
665.5148584	0.101527641
666.1374167	0.101527641
666.7599751	0.103323241
667.3825334	0.099731941
668.0050917	0.099731941
668.6276501	0.101527641
669.2502084	0.099731941
669.8727667	0.099731941
670.4953251	0.103323241
671.1178834	0.096140641
671.7404417	0.099731941
672.3630001	0.101527641
672.9855584	0.099731941
673.6081167	0.099731941
674.2306751	0.099731941
674.8532334	0.101527641
675.4757917	0.099731941
676.0983501	0.099731941
676.7209084	0.101527641
677.3434667	0.099731941
677.9660251	0.099731941
678.5885834	0.099731941
679.2111417	0.097936341
679.8337001	0.101527641
680.4562584	0.099731941
681.0788167	0.097936341
681.7013751	0.097936341
682.3239334	0.101527641
682.9464917	0.101527641
683.5690501	0.099731941
684.1916084	0.099731941
684.8141667	0.099731941
685.4367251	0.096140641
686.0592834	0.099731941
686.6818417	0.099731941
687.3044001	0.101527641
687.9269584	0.099731941
688.5495167	0.101527641
689.1720751	0.101527641
689.7946334	0.101527641
690.4171917	0.099731941
691.0397501	0.099731941
691.6623084	0.101527641
692.2848667	0.067214628
692.9074251	0.067214628
693.5299834	0.067214628
694.1525417	0.067214628
694.7751001	0.067214628
695.3976584	0.067214628
696.0202167	0.067214628
696.6427751	0.067214628
697.2653334	0.067214628
697.8878917	0.065418928
698.5104501	0.067214628
699.1330084	0.067214628
699.7555667	0.067214628
700.3781251	0.065418928
701.0006834	0.067214628
701.6232417	0.067214628
702.2458001	0.069010328
702.8683584	0.067214628
703.4909167	0.067214628
704.1134751	0.067214628
704.7360334	0.067214628
705.3585917	0.067214628
705.9811501	0.069010328
706.6037084	0.067214628
707.2262667	0.067214628
707.8488251	0.067214628
708.4713834	0.065418928
709.0939417	0.067214628
709.7165001	0.069010328
710.3390584	0.065418928
710.9616167	0.065418928
711.5841751	0.067214628
712.2067334	0.067214628
712.8292917	0.069010328
713.4518501	0.069010328
714.0744084	0.070805928
714.6969667	0.069010328
715.3195251	0.069010328
715.9420834	0.069010328
716.5646417	0.069010328
717.1872001	0.070805928
717.8097584	0.070805928
718.4323167	0.069010328
719.0548751	0.069010328
719.6774334	0.070805928
720.2999917	0.069010328
720.9225501	0.070805928
721.5451084	0.069010328
722.1676667	0.067214628
722.7902251	0.069010328
723.4127834	0.069010328
724.0353417	0.069010328
724.6579001	0.069010328
725.2804584	0.070805928
725.9030167	0.069010328
726.5255751	0.069010328
727.1481334	0.067214628
727.7706917	0.067214628
728.3932501	0.070805928
729.0158084	0.070805928
729.6383667	0.069010328
730.2609251	0.072601628
730.8834834	0.070805928
731.5060417	0.070805928
732.1286001	0.070805928
732.7511584	0.069010328
733.3737167	0.069010328
733.9962751	0.070805928
734.6188334	0.070805928
735.2413917	0.072601628
735.8639501	0.070805928
736.4865084	0.069010328
737.1090667	0.070805928
737.7316251	0.072601628
738.3541834	0.069010328
738.9767417	0.070805928
739.5993001	0.069010328
740.2218584	0.070805928
740.8444167	0.072601628
741.4669751	0.070805928
742.0895334	0.070805928
742.7120917	0.072601628
743.3346501	0.072601628
743.9572084	0.070805928
744.5797667	0.070805928
745.2023251	0.070805928
745.8248834	0.069010328
746.4474417	0.069010328
747.0700001	0.069010328
747.6925584	0.047358101
748.3151167	0.043766801
748.9376751	0.045562501
749.5602334	0.043766801
750.1827917	0.045562501
750.8053501	0.045562501
751.4279084	0.043766801
752.0504667	0.045562501
752.6730251	0.043766801
753.2955834	0.043766801
753.9181417	0.043766801
754.5407001	0.043766801
755.1632584	0.043766801
755.7858167	0.043766801
756.4083751	0.045562501
757.0309334	0.043766801
757.6534917	0.043766801
758.2760501	0.045562501
758.8986084	0.043766801
759.5211667	0.045562501
760.1437251	0.043766801
760.7662834	0.045562501
761.3888417	0.043766801
762.0114001	0.045562501
762.6339584	0.045562501
763.2565167	0.045562501
763.8790751	0.041971201
764.5016334	0.043766801
765.1241917	0.043766801
765.7467501	0.043766801
766.3693084	0.043766801
766.9918667	0.043766801
767.6144251	0.045562501
768.2369834	0.045562501
768.8595417	0.043766801
769.4821001	0.041971201
770.1046584	0.045562501
770.7272167	0.045562501
771.3497751	0.043766801
771.9723334	0.043766801
772.5948917	0.043766801
773.2174501	0.045562501
773.8400084	0.043766801
774.4625667	0.045562501
775.0851251	0.045562501
775.7076834	0.045562501
776.3302417	0.043766801
776.9528001	0.043766801
777.5753584	0.045562501
778.1979167	0.043766801
778.8204751	0.043766801
779.4430334	0.043766801
780.0655917	0.045562501
780.6881501	0.043766801
781.3107084	0.041971201
781.9332667	0.045562501
782.5558251	0.043766801
783.1783834	0.045562501
783.8009417	0.041971201
784.4235001	0.043766801
785.0460584	0.045562501
785.6686167	0.045562501
786.2911751	0.045562501
786.9137334	0.043766801
787.5362917	0.041971201
788.1588501	0.043766801
788.7814084	0.043766801
789.4039667	0.045562501
790.0265251	0.043766801
790.6490834	0.043766801
791.2716417	0.045562501
791.8942001	0.043766801
792.5167584	0.043766801
793.1393167	0.045562501
793.7618751	0.045562501
794.3844334	0.045562501
795.0069917	0.041971201
795.6295501	0.043766801
796.2521084	0.043766801
796.8746667	0.045562501
797.4972251	0.043766801
798.1197834	0.045562501
798.7423417	0.043766801
799.3649001	0.043766801
799.9874584	0.043766801
800.6100167	0.045562501
801.2325751	0.043766801
801.8551334	0.043766801
802.4776917	0.041971201
803.1002501	0.045562501
803.7228084	0.043766801
804.3453667	0.045562501
804.9679251	0.043766801
805.5904834	0.043766801
806.2130417	0.045562501
806.8356001	0.045562501
807.4581584	0.043766801
808.0807167	0.045562501
808.7032751	0.043766801
809.3258334	0.043766801
809.9483917	0.045562501
810.5709501	0.045562501
811.1935084	0.043766801
811.8160667	0.043766801
812.4386251	0.043766801
813.0611834	0.043766801
813.6837417	0.043766801
814.3063001	0.045562501
814.9288584	0.045562501
815.5514167	0.045562501
816.1739751	0.043766801
816.7965334	0.043766801
817.4190917	0.045562501
818.0416501	0.045562501
818.6642084	0.045562501
819.2867667	0.045562501
819.9093251	0.045562501
820.5318834	0.045562501
821.1544417	0.045562501
821.7770001	0.045562501
822.3995584	0.045562501
823.0221167	0.045562501
823.6446751	0.045562501
824.2672334	0.045562501
824.8897917	0.045562501
825.5123501	0.043766801
826.1349084	0.043766801
826.7574667	0.043766801
827.3800251	0.043766801
828.0025834	0.045562501
828.6251417	0.045562501
829.2477001	0.045562501
829.8702584	0.043766801
830.4928167	0.045562501
831.1153751	0.045562501
831.7379334	0.047358101
832.3604917	0.045562501
832.9830501	0.047358101
833.6056084	0.047358101
834.2281667	0.043766801
834.8507251	0.045562501
835.4732834	0.045562501
836.0958417	0.045562501
836.7184001	0.043766801
837.3409584	0.045562501
837.9635167	0.045562501
838.5860751	0.045562501
839.2086334	0.045562501
839.8311917	0.045562501
840.4537501	0.045562501
841.0763084	0.045562501
841.6988667	0.043766801
842.3214251	0.043766801
842.9439834	0.043766801
843.5665417	0.047358101
844.1891001	0.047358101
844.8116584	0.043766801
845.4342167	0.045562501
846.0567751	0.045562501
846.6793334	0.045562501
847.3018917	0.043766801
847.9244501	0.045562501
848.5470084	0.045562501
849.1695667	0.045562501
849.7921251	0.045562501
850.4146834	0.047358101
851.0372417	0.043766801
851.6598001	0.045562501
852.2823584	0.045562501
852.9049167	0.043766801
853.5274751	0.045562501
854.1500334	0.045562501
854.7725917	0.045562501
855.3951501	0.045562501
856.0177084	0.045562501
856.6402667	0.045562501
857.2628251	0.043766801
857.8853834	0.045562501
858.5079417	0.045562501
859.1305001	0.047358101
859.7530584	0.045562501
860.3756167	0.036558119
860.9981751	0.032966819
861.6207334	0.027579919
862.2432917	0.027579919
862.8658501	0.025784219
863.4884084	0.025784219
864.1109667	0.025784219
864.7335251	0.023988619
865.3560834	0.023988619
865.9786417	0.023988619
866.6012001	0.023988619
867.2237584	0.022192919
867.8463167	0.023988619
868.4688751	0.022192919
869.0914334	0.023988619
869.7139917	0.023988619
870.3365501	0.022192919
870.9591084	0.022192919
871.5816667	0.020397319
872.2042251	0.023988619
872.8267834	0.020397319
873.4493417	0.022192919
874.0719001	0.022192919
874.6944584	0.020397319
875.3170167	0.022192919
875.9395751	0.020397319
876.5621334	0.022192919
877.1846917	0.020397319
877.8072501	0.022192919
878.4298084	0.022192919
879.0523667	0.022192919
879.6749251	0.022192919
880.2974834	0.020397319
880.9200417	0.022192919
881.5426001	0.020397319
882.1651584	0.022192919
882.7877167	0.020397319
883.4102751	0.022192919
884.0328334	0.020397319
884.6553917	0.022192919
885.2779501	0.020397319
885.9005084	0.020397319
886.5230667	0.020397319
887.1456251	0.022192919
887.7681834	0.020397319
888.3907417	0.022192919
889.0133001	0.022192919
889.6358584	0.020397319
890.2584167	0.022192919
890.8809751	0.020397319
891.5035334	0.020397319
892.1260917	0.020397319
892.7486501	0.022192919
893.3712084	0.020397319
893.9937667	0.020397319
894.6163251	0.022192919
895.2388834	0.020397319
895.8614417	0.020397319
896.4840001	0.020397319
897.1065584	0.020397319
897.7291167	0.022192919
898.3516751	0.020397319
898.9742334	0.020397319
899.5967917	0.020397319
900.2193501	0.020397319
900.8419084	0.020397319
901.4644667	0.020397319
902.0870251	0.020397319
902.7095834	0.020397319
903.3321417	0.020397319
903.9547001	0.020397319
904.5772584	0.020397319
905.1998167	0.020397319
905.8223751	0.020397319
906.4449334	0.020397319
907.0674917	0.022192919
907.6900501	0.018601619
908.3126084	0.022192919
908.9351667	0.020397319
909.5577251	0.020397319
910.1802834	0.020397319
910.8028417	0.020397319
911.4254001	0.020397319
912.0479584	0.020397319
912.6705167	0.020397319
913.2930751	0.020397319
913.9156334	0.020397319
914.5381917	0.020397319
915.1607501	0.020397319
915.7833084	0.018601619
916.4058667	0.020397319
917.0284251	0.022192919
917.6509834	0.020397319
918.2735417	0.020397319
918.8961001	0.020397319
919.5186584	0.020397319
920.1412167	0.020397319
920.7637751	0.020397319
921.3863334	0.020397319
922.0088917	0.020397319
922.6314501	0.018601619
923.2540084	0.020397319
923.8765667	0.020397319
924.4991251	0.020397319
925.1216834	0.020397319
925.7442417	0.020397319
926.3668001	0.018601619
926.9893584	0.018601619
927.6119167	0.020397319
928.2344751	0.020397319
928.8570334	0.018601619
929.4795917	0.020397319
930.1021501	0.020397319
930.7247084	0.020397319
931.3472667	0.020397319
931.9698251	0.020397319
932.5923834	0.020397319
933.2149417	0.020397319
933.8375001	0.020397319
934.4600584	0.020397319
935.0826167	0.020397319
935.7051751	0.020397319
936.3277334	0.018601619
936.9502917	0.020397319
937.5728501	0.020397319
938.1954084	0.020397319
938.8179667	0.020397319
939.4405251	0.020397319
940.0630834	0.020397319
940.6856417	0.020397319
941.3082001	0.020397319
941.9307584	0.020397319
942.5533167	0.018601619
943.1758751	0.018601619
943.7984334	0.020397319
944.4209917	0.020397319
945.0435501	0.020397319
945.6661084	0.020397319
946.2886667	0.020397319
946.9112251	0.018601619
947.5337834	0.018601619
948.1563417	0.018601619
948.7789001	0.020397319
949.4014584	0.020397319
950.0240167	0.020397319
950.6465751	0.020397319
951.2691334	0.020397319
951.8916917	0.020397319
952.5142501	0.018601619
953.1368084	0.018601619
953.7593667	0.020397319
954.3819251	0.020397319
955.0044834	0.018601619
955.6270417	0.018601619
956.2496001	0.020397319
956.8721584	0.018601619
957.4947167	0.018601619
958.1172751	0.018601619
958.7398334	0.020397319
959.3623917	0.020397319
959.9849501	0.018601619
960.6075084	0.020397319
961.2300667	0.020397319
961.8526251	0.018601619
962.4751834	0.020397319
963.0977417	0.020397319
963.7203001	0.018601619
964.3428584	0.018601619
964.9654168	0.018601619
965.5879751	0.018601619
966.2105334	0.018601619
966.8330918	0.020397319
967.4556501	0.018601619
968.0782084	0.018601619
968.7007668	0.020397319
969.3233251	0.020397319
969.9458834	0.020397319
970.5684418	0.020397319
971.1910001	0.020397319
971.8135584	0.018601619
972.4361168	0.018601619
973.0586751	0.018601619
973.6812334	0.020397319
974.3037918	0.020397319
974.9263501	0.018601619
975.5489084	0.018601619
976.1714668	0.018601619
976.7940251	0.018601619
977.4165834	0.020397319
978.0391418	0.018601619
978.6617001	0.018601619
979.2842584	0.020397319
979.9068168	0.020397319
980.5293751	0.020397319
981.1519334	0.018601619
981.7744918	0.020397319
982.3970501	0.020397319
983.0196084	0.020397319
983.6421668	0.020397319
984.2647251	0.020397319
984.8872834	0.020397319
985.5098418	0.020397319
986.1324001	0.020397319
986.7549584	0.018601619
987.3775168	0.018601619
988.0000751	0.020397319
988.6226334	0.018601619
989.2451918	0.020397319
989.8677501	0.020397319
990.4903084	0.018601619
991.1128668	0.018601619
991.7354251	0.018601619
992.3579834	0.020397319
992.9805418	0.018601619
993.6031001	0.020397319
994.2256584	0.020397319
994.8482168	0.018601619
995.4707751	0.018601619
996.0933334	0.018601619
996.7158918	0.020397319
997.3384501	0.018601619
997.9610084	0.020397319
998.5835668	0.018601619
999.2061251	0.016806019
999.8286834	0.018601619
1000.451242	0.020397319
1001.0738	0.018601619
1001.696358	0.018601619
1002.318917	0.018601619
1002.941475	0.018601619
1003.564033	0.020397319
1004.186592	0.020397319
1004.80915	0.018601619
1005.431708	0.018601619
1006.054267	0.020397319
1006.676825	0.018601619
1007.299383	0.020397319
1007.921942	0.020397319
1008.5445	0.020397319
1009.167058	0.018601619
1009.789617	0.018601619
1010.412175	0.018601619
1011.034733	0.020397319
1011.657292	0.011419019
1012.27985	0.043421682
1012.902408	0.066765182
1013.524967	0.064969482
1014.147525	0.064969482
1014.770083	0.064969482
1015.392642	0.064969482
1016.0152	0.064969482
1016.637758	0.063173882
1017.260317	0.064969482
1017.882875	0.063173882
1018.505433	0.064969482
1019.127992	0.064969482
1019.75055	0.064969482
1020.373108	0.063173882
1020.995667	0.063173882
1021.618225	0.063173882
1022.240783	0.063173882
1022.863342	0.063173882
1023.4859	0.064969482
1024.108458	0.063173882
1024.731017	0.063173882
1025.353575	0.063173882
1025.976133	0.063173882
1026.598692	0.063173882
1027.22125	0.063173882
1027.843808	0.063173882
1028.466367	0.063173882
1029.088925	0.063173882
1029.711483	0.061378182
1030.334042	0.061378182
1030.9566	0.061378182
1031.579158	0.061378182
1032.201717	0.061378182
1032.824275	0.061378182
1033.446833	0.061378182
1034.069392	0.059582582
1034.69195	0.061378182
1035.314508	0.061378182
1035.937067	0.059582582
1036.559625	0.059582582
1037.182183	0.061378182
1037.804742	0.061378182
1038.4273	0.061378182
1039.049858	0.061378182
1039.672417	0.059582582
1040.294975	0.061378182
1040.917533	0.061378182
1041.540092	0.061378182
1042.16265	0.059582582
1042.785208	0.061378182
1043.407767	0.059582582
1044.030325	0.059582582
1044.652883	0.061378182
1045.275442	0.059582582
1045.898	0.059582582
1046.520558	0.059582582
1047.143117	0.061378182
1047.765675	0.061378182
1048.388233	0.061378182
1049.010792	0.059582582
1049.63335	0.061378182
1050.255908	0.061378182
1050.878467	0.059582582
1051.501025	0.059582582
1052.123583	0.059582582
1052.746142	0.059582582
1053.3687	0.061378182
1053.991258	0.059582582
1054.613817	0.059582582
1055.236375	0.059582582
1055.858933	0.059582582
1056.481492	0.059582582
1057.10405	0.061378182
1057.726608	0.059582582
1058.349167	0.059582582
1058.971725	0.061378182
1059.594283	0.059582582
1060.216842	0.059582582
1060.8394	0.059582582
1061.461958	0.061378182
1062.084517	0.059582582
1062.707075	0.059582582
1063.329633	0.059582582
1063.952192	0.059582582
1064.57475	0.059582582
1065.197308	0.059582582
1065.819867	0.059582582
1066.442425	0.059582582
1067.064983	0.059582582
1067.687542	0.059582582
1068.3101	0.061378182
1068.932658	0.057786882
1069.555217	0.059582582
1070.177775	0.059582582
1070.800333	0.059582582
1071.422892	0.059582582
1072.04545	0.059582582
1072.668008	0.061378182
1073.290567	0.059582582
1073.913125	0.059582582
1074.535683	0.059582582
1075.158242	0.061378182
1075.7808	0.059582582
1076.403358	0.057786882
1077.025917	0.059582582
1077.648475	0.059582582
1078.271033	0.061378182
1078.893592	0.059582582
1079.51615	0.059582582
1080.138708	0.059582582
1080.761267	0.059582582
1081.383825	0.059582582
1082.006383	0.059582582
1082.628942	0.059582582
1083.2515	0.059582582
1083.874058	0.059582582
1084.496617	0.059582582
1085.119175	0.059582582
1085.741733	0.059582582
1086.364292	0.059582582
1086.98685	0.059582582
1087.609408	0.059582582
1088.231967	0.059582582
1088.854525	0.059582582
1089.477083	0.059582582
1090.099642	0.057786882
1090.7222	0.059582582
1091.344758	0.059582582
1091.967317	0.059582582
1092.589875	0.059582582
1093.212433	0.059582582
1093.834992	0.059582582
1094.45755	0.059582582
1095.080108	0.059582582
1095.702667	0.059582582
1096.325225	0.059582582
1096.947783	0.059582582
1097.570342	0.059582582
1098.1929	0.059582582
1098.815458	0.057786882
1099.438017	0.059582582
1100.060575	0.059582582
1100.683133	0.057786882
1101.305692	0.057786882
1101.92825	0.059582582
1102.550808	0.059582582
1103.173367	0.057786882
1103.795925	0.059582582
1104.418483	0.057786882
1105.041042	0.057786882
1105.6636	0.059582582
1106.286158	0.057786882
1106.908717	0.059582582
1107.531275	0.059582582
1108.153833	0.059582582
1108.776392	0.059582582
1109.39895	0.059582582
1110.021508	0.059582582
1110.644067	0.057786882
1111.266625	0.059582582
1111.889183	0.057786882
1112.511742	0.059582582
1113.1343	0.059582582
1113.756858	0.059582582
1114.379417	0.059582582
1115.001975	0.057786882
1115.624533	0.059582582
1116.247092	0.059582582
1116.86965	0.059582582
1117.492208	0.057786882
1118.114767	0.059582582
1118.737325	0.059582582
1119.359883	0.059582582
1119.982442	0.057786882
1120.605	0.059582582
1121.227558	0.059582582
1121.850117	0.059582582
1122.472675	0.057786882
1123.095233	0.059582582
1123.717792	0.057786882
1124.34035	0.057786882
1124.962908	0.057786882
1125.585467	0.057786882
1126.208025	0.059582582
1126.830583	0.057786882
1127.453142	0.059582582
1128.0757	0.057786882
1128.698258	0.057786882
1129.320817	0.057786882
1129.943375	0.059582582
1130.565933	0.057786882
1131.188492	0.057786882
1131.81105	0.057786882
1132.433608	0.059582582
1133.056167	0.059582582
1133.678725	0.059582582
1134.301283	0.057786882
1134.923842	0.057786882
1135.5464	0.057786882
1136.168958	0.059582582
1136.791517	0.057786882
1137.414075	0.059582582
1138.036633	0.059582582
1138.659192	0.057786882
1139.28175	0.057786882
1139.904308	0.057786882
1140.526867	0.059582582
1141.149425	0.057786882
1141.771983	0.057786882
1142.394542	0.057786882
1143.0171	0.057786882
1143.639658	0.057786882
1144.262217	0.057786882
1144.884775	0.057786882
1145.507333	0.057786882
1146.129892	0.057786882
1146.75245	0.057786882
1147.375008	0.057786882
1147.997567	0.059582582
1148.620125	0.057786882
1149.242683	0.057786882
1149.865242	0.057786882
1150.4878	0.057786882
1151.110358	0.057786882
1151.732917	0.057786882
1152.355475	0.057786882
1152.978033	0.057786882
1153.600592	0.057786882
1154.22315	0.057786882
1154.845708	0.059582582
1155.468267	0.057786882
1156.090825	0.057786882
1156.713383	0.059582582
1157.335942	0.057786882
1157.9585	0.057786882
1158.581058	0.057786882
1159.203617	0.057786882
1159.826175	0.057786882
1160.448733	0.057786882
1161.071292	0.057786882
1161.69385	0.059582582
1162.316408	0.057786882
1162.938967	0.057786882
1163.561525	0.057786882
1164.184083	0.059582582
1164.806642	0.059582582
1165.4292	0.057786882
1166.051758	0.057786882
1166.674317	0.057786882
1167.296875	0.057786882
1167.919433	0.057786882
1168.541992	0.059582582
1169.16455	0.059582582
1169.787108	0.057786882
1170.409667	0.057786882
1171.032225	0.059582582
1171.654783	0.057786882
1172.277342	0.057786882
1172.8999	0.057786882
1173.522458	0.057786882
1174.145017	0.057786882
1174.767575	0.057786882
1175.390133	0.057786882
1176.012692	0.059582582
1176.63525	0.059582582
1177.257808	0.057786882
1177.880367	0.057786882
1178.502925	0.057786882
1179.125483	0.057786882
1179.748042	0.059582582
1180.3706	0.057786882
1180.993158	0.057786882
1181.615717	0.057786882
1182.238275	0.054195582
1182.860833	0.057786882
1183.483392	0.057786882
1184.10595	0.057786882
1184.728508	0.057786882
1185.351067	0.057786882
1185.973625	0.057786882
1186.596183	0.057786882
1187.218742	0.057786882
1187.8413	0.059582582
1188.463858	0.057786882
1189.086417	0.057786882
1189.708975	0.055991282
1190.331533	0.057786882
1190.954092	0.057786882
1191.57665	0.057786882
1192.199208	0.057786882
1192.821767	0.057786882
1193.444325	0.057786882
1194.066883	0.057786882
1194.689442	0.057786882
1195.312	0.059582582
1195.934558	0.057786882
1196.557117	0.057786882
1197.179675	0.057786882
1197.802233	0.057786882
1198.424792	0.057786882
1199.04735	0.057786882
1199.669908	0.057786882
1200.292467	0.057786882
1200.915025	0.057786882
1201.537583	0.057786882
1202.160142	0.055991282
1202.7827	0.057786882
1203.405258	0.059582582
1204.027817	0.057786882
1204.650375	0.057786882
1205.272933	0.057786882
1205.895492	0.057786882
1206.51805	0.059582582
1207.140608	0.057786882
1207.763167	0.057786882
1208.385725	0.057786882
1209.008283	0.057786882
1209.630842	0.057786882
1210.2534	0.059582582
1210.875958	0.057786882
1211.498517	0.057786882
1212.121075	0.059582582
1212.743633	0.057786882
1213.366192	0.057786882
1213.98875	0.057786882
1214.611308	0.057786882
1215.233867	0.057786882
1215.856425	0.057786882
1216.478983	0.057786882
1217.101542	0.055991282
1217.7241	0.057786882
1218.346658	0.057786882
1218.969217	0.057786882
1219.591775	0.057786882
1220.214333	0.057786882
1220.836892	0.057786882
1221.45945	0.057786882
1222.082008	0.057786882
1222.704567	0.057786882
1223.327125	0.057786882
1223.949683	0.057786882
1224.572242	0.057786882
1225.1948	0.057786882
1225.817358	0.057786882
1226.439917	0.057786882
1227.062475	0.057786882
1227.685033	0.059582582
1228.307592	0.057786882
1228.93015	0.057786882
1229.552708	0.057786882
1230.175267	0.057786882
1230.797825	0.057786882
1231.420383	0.059582582
1232.042942	0.057786882
1232.6655	0.059582582
1233.288058	0.057786882
1233.910617	0.055991282
1234.533175	0.057786882
1235.155733	0.057786882
1235.778292	0.057786882
1236.40085	0.059582582
1237.023408	0.057786882
1237.645967	0.057786882
1238.268525	0.057786882
1238.891083	0.057786882
1239.513642	0.057786882
1240.1362	0.057786882
1240.758758	0.057786882
1241.381317	0.057786882
1242.003875	0.057786882
1242.626433	0.057786882
1243.248992	0.057786882
1243.87155	0.057786882
1244.494108	0.057786882
1245.116667	0.057786882
